0	121	27	10	749
1	52	26	2	112
2	38	27	5	343
3	56	17	9	674
4	58	5	14	1068
5	119	25	15	1138
6	67	26	8	582
7	93	32	6	407
8	57	21	2	126
9	66	23	15	1128
10	59	10	4	286
11	68	19	4	297
12	62	4	15	1153
13	39	26	3	188
14	8	24	2	103
15	116	25	14	1060
16	5	34	10	701
17	122	31	15	1115
18	44	31	11	787
19	106	25	14	1058
20	79	3	6	465
21	45	31	7	475
22	28	33	14	1017
23	49	19	1	52
24	90	18	0	19
25	69	28	16	1207
26	67	27	12	894
27	62	9	1	60
28	67	21	4	289
29	71	24	1	60
30	64	27	10	738
31	58	16	6	440
32	43	26	9	656
33	65	14	10	760
34	86	26	15	1131
35	52	25	12	892
36	71	20	3	219
37	113	33	15	1113
38	57	24	7	503
39	11	34	4	234
40	93	28	8	587
41	32	26	16	1200
42	91	27	3	196
43	94	9	0	43
44	109	33	11	800
45	58	18	16	1219
46	41	33	2	84
47	90	26	15	1132
48	42	30	13	942
49	25	28	6	419
50	41	34	7	474
51	15	28	3	183
52	44	23	11	813
53	62	11	10	761
54	17	34	13	937
55	36	32	1	51
56	108	34	4	254
57	24	30	13	938
58	55	7	10	755
59	8	24	1	50
60	56	30	7	477
61	76	8	4	308
62	74	3	7	543
63	27	28	11	809
64	67	12	16	1228
65	36	32	14	1019
66	68	32	11	792
67	57	21	11	828
68	32	33	7	472
69	98	32	6	408
70	56	19	8	595
71	75	22	6	459
72	57	16	0	12
73	111	30	13	957
74	6	27	2	103
75	44	28	8	579
76	72	25	10	739
77	58	23	14	1062
78	58	14	14	1065
79	90	25	6	430
80	63	21	15	1147
81	68	34	15	1104
82	53	28	12	893
83	86	23	6	429
84	31	30	14	1018
85	85	27	2	117
86	65	21	2	133
87	42	32	10	708
88	67	5	16	1231
89	37	17	0	9
90	85	24	1	53
91	64	18	0	14
92	53	25	12	893
93	68	14	6	455
94	124	34	14	1037
95	118	27	16	1216
96	75	11	4	307
97	69	9	12	924
98	76	14	14	1086
99	34	17	0	8
100	33	26	9	654
101	49	33	11	788
102	92	13	0	43
103	51	24	2	112
104	71	20	11	843
105	21	31	3	158
106	46	27	1	52
107	96	24	3	197
108	54	26	5	347
109	22	24	10	730
110	62	4	11	841
111	34	33	1	51
112	109	26	4	278
113	27	27	13	965
114	23	26	6	418
115	104	24	8	589
116	9	30	11	779
117	0	28	6	414
118	66	12	11	838
119	65	10	8	605
120	92	24	10	743
121	16	18	0	4
122	60	13	3	207
123	31	20	1	51
124	92	26	5	353
125	67	24	10	738
126	40	33	9	630
127	86	27	12	897
128	9	34	11	779
129	105	27	13	979
130	124	25	14	1061
131	17	24	5	339
132	63	32	15	1103
133	78	17	0	16
134	15	26	2	105
135	57	12	10	753
136	64	20	14	1070
137	116	26	11	826
138	112	27	16	1215
139	85	26	7	507
140	17	33	5	313
141	82	24	1	53
142	116	31	3	178
143	10	34	15	1092
144	6	30	16	1169
145	12	34	16	1170
146	125	30	2	101
147	98	25	11	822
148	22	27	12	886
149	68	3	4	302
150	76	19	7	538
151	4	27	16	1194
152	77	3	16	1245
153	86	0	0	38
154	44	5	0	38
155	68	13	0	39
156	57	31	4	243
157	72	21	16	1232
158	104	31	2	97
159	30	3	0	38
160	71	8	6	457
161	65	17	6	447
162	71	12	14	1079
163	118	24	5	358
164	52	33	10	710
165	41	33	16	1176
166	49	25	4	268
167	60	10	0	37
168	12	33	13	936
169	104	26	16	1213
170	60	14	7	519
171	63	16	5	369
172	68	11	16	1236
173	56	33	10	711
174	13	30	2	78
175	49	26	10	736
176	102	33	5	331
177	54	24	6	425
178	81	25	9	662
179	77	21	2	147
180	85	26	6	429
181	92	30	6	407
182	21	32	16	1172
183	100	31	9	642
184	68	5	9	692
185	63	26	2	114
186	62	31	10	712
187	13	23	1	50
188	62	15	9	681
189	75	29	1	53
190	65	4	6	451
191	12	21	1	50
192	16	32	13	937
193	93	26	10	743
194	89	26	12	898
195	71	34	9	636
196	80	27	8	584
197	48	34	10	709
198	18	27	15	1119
199	109	23	7	512
200	7	25	9	649
201	57	6	8	599
202	22	25	16	1198
203	11	28	16	1196
204	100	23	1	54
205	66	23	5	348
206	48	24	16	1203
207	9	33	12	857
208	67	23	5	348
209	79	4	3	231
210	67	5	7	529
211	62	11	3	215
212	122	33	5	335
213	57	30	3	165
214	67	23	14	1050
215	60	8	7	521
216	104	23	2	121
217	58	32	5	322
218	68	15	4	298
219	78	7	12	932
220	105	26	7	511
221	40	24	16	1202
222	99	34	4	252
223	41	23	16	1202
224	92	26	14	1055
225	120	32	14	1036
226	104	34	9	643
227	70	31	1	60
228	26	31	1	51
229	63	8	3	216
230	67	30	6	401
231	4	33	1	50
232	125	27	3	203
233	7	34	10	701
234	104	26	6	433
235	63	17	10	759
236	114	28	16	1215
237	63	14	6	448
238	78	10	15	1165
239	113	30	9	645
240	70	19	13	999
241	109	33	12	878
242	5	32	4	233
243	74	22	5	381
244	71	12	12	923
245	99	32	16	1188
246	87	3	0	38
247	65	34	3	167
248	4	34	2	76
249	20	30	15	1094
250	97	30	2	96
251	41	30	8	552
252	75	19	10	772
253	68	4	13	1004
254	7	30	2	77
255	64	28	4	270
256	42	33	2	84
257	7	30	9	623
258	44	28	6	423
259	30	27	8	576
260	78	22	2	147
261	56	20	16	1219
262	45	27	2	111
263	68	31	16	1182
264	100	32	15	1110
265	65	6	7	528
266	48	33	5	319
267	60	33	8	556
268	70	25	3	193
269	100	33	15	1110
270	60	4	16	1224
271	19	25	14	1041
272	64	16	9	681
273	54	25	14	1049
274	73	33	8	559
275	115	26	1	55
276	75	13	10	774
277	50	12	0	35
278	87	26	14	1054
279	83	20	0	17
280	119	32	13	958
281	63	23	4	270
282	76	18	10	772
283	53	8	0	36
284	85	26	14	1053
285	75	23	10	771
286	106	25	13	980
287	3	30	2	76
288	68	17	2	142
289	44	32	2	85
290	121	31	7	491
291	112	13	0	47
292	36	32	5	317
293	62	17	8	603
294	54	33	9	633
295	58	34	4	244
296	78	27	1	53
297	44	31	2	85
298	30	23	11	810
299	101	25	2	121
300	33	32	15	1096
301	67	10	13	995
302	28	25	3	185
303	70	26	10	739
304	29	34	15	1096
305	70	28	4	271
306	46	25	5	345
307	44	34	9	631
308	45	31	3	163
309	36	19	1	51
310	98	31	15	1110
311	60	5	1	60
312	54	30	5	321
313	111	26	10	747
314	68	16	14	1078
315	62	13	9	682
316	8	23	15	1117
317	105	24	13	979
318	58	13	13	987
319	90	28	3	196
320	5	34	4	233
321	86	20	0	18
322	71	27	3	193
323	41	32	14	1020
324	57	17	16	1220
325	63	32	2	89
326	72	5	8	614
327	91	24	6	430
328	77	23	2	116
329	82	26	2	117
330	41	27	8	578
331	1	27	15	1116
332	70	5	5	380
333	19	31	7	469
334	83	25	11	819
335	67	7	0	38
336	51	32	10	710
337	124	9	0	49
338	52	28	7	502
339	75	32	2	91
340	77	8	3	230
341	38	31	13	941
342	85	23	15	1131
343	50	24	6	424
344	123	31	6	413
345	70	19	10	765
346	49	34	4	242
347	38	1	0	38
348	56	28	10	737
349	69	12	16	1235
350	111	24	3	201
351	40	33	6	396
352	86	27	11	819
353	93	33	11	797
354	117	32	2	100
355	92	34	5	329
356	70	7	6	457
357	103	32	16	1189
358	85	26	15	1131
359	64	30	14	1025
360	40	23	6	422
361	21	34	14	1016
362	75	15	3	227
363	64	9	3	215
364	23	25	2	106
365	78	31	10	716
366	70	7	4	301
367	99	31	16	1188
368	48	27	3	189
369	91	28	14	1054
370	58	14	15	1143
371	38	11	0	33
372	99	25	4	276
373	123	30	4	257
374	85	32	9	639
375	115	25	15	1137
376	32	24	8	576
377	55	16	15	1142
378	61	34	15	1102
379	62	10	13	995
380	96	33	5	329
381	109	18	1	55
382	47	34	2	85
383	72	22	5	374
384	62	3	9	685
385	123	25	14	1061
386	119	34	14	1036
387	72	34	14	1026
388	6	25	11	805
389	81	26	15	1130
390	78	28	8	584
391	107	32	5	332
392	64	18	5	368
393	49	34	8	554
394	124	23	10	749
395	49	28	8	580
396	0	30	13	934
397	8	33	10	701
398	124	25	9	671
399	76	9	14	1087
400	118	30	8	568
401	66	4	10	763
402	64	6	11	840
403	53	10	0	36
404	45	5	0	38
405	70	7	8	613
406	24	31	10	704
407	25	30	7	471
408	60	9	10	754
409	35	20	0	8
410	110	34	7	488
411	55	9	4	286
412	57	12	7	519
413	75	17	13	1007
414	110	23	4	278
415	111	34	6	411
416	86	34	5	327
417	95	31	16	1187
418	121	31	13	959
419	41	23	15	1124
420	66	27	12	894
421	59	17	12	908
422	66	16	10	759
423	95	28	8	587
424	74	6	7	542
425	85	27	10	741
426	7	34	16	1169
427	91	24	9	664
428	31	30	6	394
429	42	27	16	1202
430	39	23	8	578
431	78	7	16	1244
432	61	2	0	38
433	95	25	5	353
434	115	32	16	1191
435	10	24	8	572
436	108	23	11	824
437	76	13	11	852
438	58	30	1	60
439	63	28	13	972
440	66	23	14	1050
441	97	30	3	174
442	121	33	4	257
443	60	6	3	209
444	5	25	2	103
445	57	22	9	672
446	2	31	11	778
447	22	25	13	964
448	97	28	4	276
449	64	13	5	370
450	83	34	9	639
451	65	13	8	604
452	8	33	8	545
453	77	33	12	872
454	77	30	16	1184
455	77	3	12	933
456	71	9	2	144
457	90	2	0	38
458	63	14	16	1228
459	114	31	6	411
460	62	10	8	605
461	43	32	11	786
462	70	18	4	297
463	79	5	14	1089
464	80	23	7	506
465	80	32	16	1184
466	94	27	14	1055
467	36	28	12	889
468	2	15	0	2
469	25	32	7	471
470	70	16	6	454
471	121	34	14	1037
472	64	27	4	270
473	57	8	3	209
474	36	30	15	1097
475	34	30	15	1097
476	25	32	10	705
477	5	34	7	467
478	18	30	10	703
479	87	29	1	53
480	57	9	0	36
481	79	32	10	716
482	76	23	7	537
483	56	20	10	751
484	72	24	5	349
485	10	34	16	1170
486	7	23	5	337
487	50	1	0	38
488	76	11	6	463
489	14	26	12	884
490	122	15	0	25
491	75	15	11	851
492	59	3	6	444
493	59	8	12	911
494	37	31	12	863
495	44	28	11	813
496	74	32	1	53
497	55	33	15	1101
498	76	15	8	617
499	96	24	9	665
500	109	19	0	22
501	79	5	8	621
502	49	25	5	346
503	55	27	5	347
504	104	32	15	1111
505	66	34	11	791
506	76	9	12	931
507	68	22	8	608
508	110	30	13	956
509	69	10	10	768
510	51	31	3	164
511	75	17	2	149
512	52	28	4	268
513	119	34	3	178
514	72	25	12	895
515	43	23	16	1202
516	19	32	14	1015
517	38	28	13	967
518	18	34	7	469
519	23	24	1	51
520	68	27	8	583
521	110	26	15	1136
522	39	3	0	38
523	69	11	14	1080
524	64	22	3	211
525	115	32	1	55
526	38	28	7	499
527	33	24	2	108
528	13	25	8	572
529	26	34	11	783
530	47	23	7	501
531	111	33	5	333
532	17	32	5	313
533	77	21	12	927
534	82	25	9	663
535	75	5	7	543
536	34	32	5	317
537	106	26	16	1214
538	62	10	3	215
539	39	28	10	734
540	40	25	4	266
541	79	15	10	773
542	10	34	8	546
543	19	31	3	157
544	64	11	2	137
545	40	23	9	656
546	10	23	2	104
547	57	10	12	910
548	60	13	7	519
549	16	26	10	729
550	55	24	14	1049
551	65	15	10	759
552	121	28	4	281
553	93	23	9	665
554	6	23	15	1117
555	27	28	8	575
556	80	33	8	560
557	62	17	12	915
558	25	24	4	263
559	50	0	0	38
560	66	3	10	763
561	44	30	9	631
562	66	12	15	1150
563	77	31	13	950
564	48	26	16	1203
565	76	6	11	854
566	41	27	9	656
567	2	32	7	466
568	36	8	0	32
569	58	33	1	60
570	91	25	10	742
571	70	5	14	1082
572	107	28	7	512
573	109	31	15	1112
574	60	5	3	210
575	67	25	12	894
576	113	31	5	333
577	41	34	2	84
578	95	30	4	251
579	99	23	7	510
580	77	25	11	818
581	64	11	3	215
582	88	34	10	718
583	10	26	9	650
584	47	33	3	163
585	117	27	3	202
586	52	34	5	320
587	122	28	8	593
588	2	34	5	310
589	88	25	15	1132
590	68	9	7	534
591	72	13	7	533
592	51	27	15	1126
593	32	8	0	32
594	78	31	14	1028
595	62	7	0	38
596	48	32	8	553
597	33	27	2	108
598	55	34	4	243
599	86	27	13	975
600	80	23	13	974
601	60	22	9	672
602	65	34	9	635
603	65	7	16	1230
604	35	25	13	967
605	65	23	8	582
606	79	17	8	617
607	2	26	5	336
608	68	12	8	611
609	54	31	12	867
610	22	26	8	574
611	96	30	12	875
612	70	14	14	1079
613	75	11	9	697
614	46	24	10	735
615	63	6	4	294
616	67	5	2	139
617	73	3	0	38
618	69	33	15	1104
619	22	31	10	704
620	25	24	8	575
621	40	23	12	890
622	115	31	16	1191
623	55	1	0	38
624	13	33	13	936
625	50	30	16	1178
626	37	23	10	733
627	78	16	7	539
628	69	3	12	926
629	70	7	16	1237
630	87	32	10	718
631	79	15	2	149
632	40	0	0	38
633	74	3	13	1011
634	60	26	1	60
635	55	6	13	989
636	112	30	15	1113
637	121	33	13	959
638	15	20	0	4
639	65	12	16	1228
640	2	29	1	50
641	95	31	6	407
642	88	26	14	1054
643	70	23	8	583
644	99	32	11	798
645	25	33	12	861
646	25	32	14	1017
647	91	27	12	898
648	73	34	2	91
649	106	24	12	902
650	56	24	13	971
651	102	26	8	589
652	81	19	1	53
653	95	31	1	54
654	73	14	1	60
655	9	31	2	77
656	36	31	4	239
657	122	25	7	515
658	60	23	10	750
659	86	32	8	561
660	55	8	7	521
661	118	33	4	256
662	106	23	7	512
663	103	24	12	901
664	64	24	1	60
665	101	18	0	21
666	69	32	14	1026
667	94	33	4	251
668	124	32	11	803
669	32	25	10	732
670	102	33	1	54
671	105	30	5	331
672	69	27	12	895
673	122	31	12	881
674	8	30	8	545
675	14	31	7	468
676	35	18	1	51
677	35	27	14	1045
678	58	17	7	518
679	66	26	1	60
680	122	34	5	335
681	93	31	16	1187
682	97	15	0	20
683	38	34	8	551
684	64	13	7	526
685	95	26	13	977
686	75	12	4	306
687	41	17	0	9
688	22	34	4	236
689	69	19	2	141
690	67	12	6	448
691	33	25	10	732
692	66	31	12	869
693	71	20	6	453
694	74	6	14	1088
695	79	33	1	53
696	67	10	5	371
697	56	17	13	986
698	20	23	2	106
699	109	18	0	22
700	60	21	6	438
701	121	21	1	55
702	98	27	5	354
703	111	26	3	201
704	7	34	11	779
705	109	33	13	956
706	102	33	10	721
707	105	23	2	121
708	117	31	11	802
709	121	23	4	281
710	57	18	7	517
711	62	32	4	244
712	65	4	16	1231
713	119	23	2	124
714	122	27	7	515
715	20	30	14	1016
716	68	27	5	349
717	43	28	13	968
718	1	32	7	466
719	100	34	10	720
720	62	21	4	289
721	85	25	16	1209
722	40	27	15	1124
723	19	23	12	885
724	80	28	11	818
725	77	7	2	152
726	2	31	14	1012
727	90	26	9	664
728	105	28	9	667
729	13	23	2	104
730	81	30	4	248
731	71	3	10	770
732	37	31	16	1175
733	67	12	1	60
734	97	27	12	900
735	64	25	3	192
736	16	33	3	157
737	110	31	14	1034
738	72	19	8	609
739	11	28	3	182
740	103	28	13	979
741	4	28	6	414
742	24	25	3	184
743	67	24	13	972
744	62	6	5	372
745	41	23	4	266
746	71	21	15	1154
747	69	8	3	223
748	56	6	2	131
749	11	32	9	624
750	103	30	3	175
751	19	24	12	885
752	48	28	1	52
753	103	27	13	979
754	33	30	8	550
755	58	30	8	556
756	82	32	15	1107
757	67	17	1	60
758	75	31	8	559
759	1	23	16	1194
760	72	3	11	848
761	49	28	7	502
762	88	25	8	586
763	71	27	5	349
764	10	23	9	650
765	34	30	1	51
766	14	31	14	1014
767	85	33	3	171
768	76	13	6	462
769	68	18	11	843
770	49	32	1	52
771	21	24	8	574
772	77	19	11	850
773	62	21	11	835
774	103	27	3	199
775	56	33	12	867
776	32	23	6	420
777	36	31	8	551
778	72	27	1	60
779	18	13	0	29
780	121	24	14	1061
781	37	33	13	941
782	56	11	6	442
783	77	23	4	272
784	85	17	0	18
785	60	11	4	286
786	38	30	2	83
787	122	24	12	905
788	63	14	15	1150
789	16	34	10	703
790	92	12	0	43
791	32	30	2	82
792	71	3	12	926
793	74	9	12	931
794	76	12	5	384
795	96	30	5	329
796	107	24	15	1136
797	57	19	14	1063
798	79	27	7	506
799	55	33	1	52
800	65	3	8	607
801	62	3	13	997
802	57	11	6	442
803	90	31	9	640
804	122	23	8	593
805	19	31	5	313
806	40	34	4	240
807	25	26	4	263
808	63	17	11	837
809	86	32	14	1029
810	79	5	3	231
811	22	28	7	496
812	55	7	0	38
813	117	16	0	24
814	86	30	7	483
815	26	24	9	653
816	69	9	4	300
817	82	32	4	249
818	55	4	7	522
819	62	10	16	1229
820	66	32	8	557
821	17	25	9	651
822	92	30	11	797
823	29	25	3	186
824	99	34	5	330
825	82	33	15	1107
826	70	5	6	458
827	77	32	8	560
828	25	23	4	263
829	27	32	11	783
830	39	32	4	240
831	56	33	15	1101
832	8	23	4	259
833	67	24	11	816
834	68	9	10	768
835	78	25	8	584
836	101	22	1	54
837	84	28	3	195
838	56	31	8	555
839	67	32	15	1103
840	75	32	12	871
841	78	11	13	1009
842	105	23	13	979
843	75	21	1	53
844	69	20	10	765
845	44	24	14	1047
846	103	19	1	54
847	63	19	10	758
848	14	32	10	702
849	119	30	14	1036
850	71	19	8	609
851	14	27	3	182
852	62	15	1	60
853	113	27	13	981
854	121	31	11	803
855	5	25	9	649
856	44	25	15	1125
857	13	23	4	260
858	60	14	11	831
859	77	20	12	928
860	89	32	7	484
861	68	28	9	661
862	17	27	1	50
863	78	4	10	777
864	66	25	16	1206
865	3	32	8	544
866	95	33	3	173
867	24	30	10	704
868	13	32	5	312
869	71	4	13	1004
870	77	10	16	1243
871	49	33	13	944
872	0	23	6	414
873	74	13	3	228
874	41	24	9	656
875	63	24	12	894
876	121	24	1	55
877	60	15	4	284
878	82	30	12	873
879	57	20	0	12
880	74	15	0	16
881	59	32	1	60
882	90	24	7	508
883	35	23	16	1201
884	107	23	15	1136
885	1	25	13	960
886	42	28	13	968
887	59	20	3	205
888	81	23	10	740
889	60	21	16	1218
890	72	27	4	271
891	55	21	16	1218
892	62	30	13	946
893	114	34	7	489
894	97	17	0	20
895	52	30	2	86
896	69	20	9	687
897	96	33	15	1109
898	17	30	16	1171
899	67	23	1	60
900	10	34	6	390
901	60	34	8	556
902	26	26	6	419
903	49	23	16	1204
904	76	31	4	247
905	49	25	9	658
906	59	18	11	829
907	110	27	7	512
908	79	3	3	231
909	45	34	14	1021
910	98	29	1	54
911	58	21	13	984
912	84	23	7	507
913	18	30	15	1093
914	57	32	9	633
915	56	28	12	893
916	80	27	11	818
917	64	16	7	525
918	96	34	13	953
919	54	30	16	1179
920	62	32	8	556
921	42	1	0	38
922	106	32	15	1112
923	24	33	5	314
924	44	25	1	52
925	51	26	2	112
926	48	25	10	735
927	45	24	8	579
928	69	20	8	609
929	37	28	11	811
930	84	25	10	741
931	40	30	5	318
932	50	31	5	320
933	93	34	2	95
934	120	28	10	748
935	98	32	4	252
936	111	25	15	1137
937	53	12	0	36
938	57	4	13	990
939	103	25	9	667
940	42	28	5	344
941	66	3	15	1153
942	1	19	0	2
943	31	0	0	38
944	51	34	10	710
945	47	31	14	1021
946	19	31	15	1093
947	98	27	14	1056
948	15	32	5	313
949	57	23	5	347
950	110	30	11	800
951	69	3	5	380
952	91	23	12	898
953	3	25	5	336
954	55	15	3	206
955	65	17	13	993
956	18	24	11	807
957	107	33	9	644
958	27	30	7	471
959	7	24	6	415
960	12	23	8	572
961	93	33	6	407
962	67	9	13	995
963	88	26	7	508
964	65	14	2	136
965	72	34	11	792
966	60	3	9	678
967	43	20	1	52
968	87	25	8	586
969	78	34	13	950
970	46	33	1	52
971	67	3	14	1075
972	111	25	8	591
973	92	30	13	953
974	8	30	9	623
975	73	33	9	637
976	46	28	8	579
977	65	18	10	758
978	50	26	14	1048
979	116	24	14	1060
980	31	10	0	31
981	28	32	13	939
982	78	16	11	851
983	58	18	4	283
984	63	15	14	1071
985	10	27	7	494
986	11	25	14	1040
987	21	27	15	1120
988	5	30	15	1091
989	125	33	6	413
990	32	27	8	576
991	94	26	7	509
992	100	30	2	96
993	74	8	10	776
994	118	32	16	1192
995	17	18	0	5
996	115	32	5	333
997	47	30	9	631
998	116	34	14	1036
999	124	25	12	905
1000	105	25	5	355
1001	57	34	3	165
1002	69	8	15	1159
1003	111	30	1	55
1004	119	31	7	490
1005	35	26	3	187
1006	13	34	7	468
1007	95	30	5	329
1008	116	26	10	748
1009	90	31	16	1186
1010	14	33	15	1092
1011	68	17	5	376
1012	55	28	13	971
1013	63	19	0	13
1014	65	5	14	1075
1015	35	11	0	32
1016	54	27	9	659
1017	0	26	14	1038
1018	82	30	3	171
1019	105	33	2	97
1020	57	26	6	425
1021	103	32	14	1033
1022	64	15	5	369
1023	32	10	0	32
1024	82	27	12	897
1025	71	28	2	115
1026	96	27	15	1133
1027	123	32	5	335
1028	101	24	3	199
1029	25	30	3	159
1030	93	26	13	977
1031	22	33	7	470
1032	79	28	1	53
1033	3	25	15	1116
1034	53	24	7	503
1035	14	33	12	858
1036	30	33	2	82
1037	68	22	14	1076
1038	9	28	11	805
1039	98	27	8	588
1040	5	26	5	337
1041	26	25	6	419
1042	70	13	13	1001
1043	84	28	13	975
1044	111	25	9	669
1045	91	30	9	640
1046	55	16	2	128
1047	64	21	13	991
1048	77	7	16	1244
1049	22	31	9	626
1050	24	23	3	184
1051	117	28	6	436
1052	82	31	7	483
1053	73	17	1	60
1054	96	34	8	563
1055	78	21	15	1161
1056	120	23	2	124
1057	35	24	16	1201
1058	32	32	16	1174
1059	74	20	15	1162
1060	39	33	7	474
1061	35	31	5	317
1062	63	23	11	816
1063	1	28	15	1116
1064	62	31	2	88
1065	71	24	4	271
1066	71	28	16	1207
1067	23	27	3	184
1068	78	8	14	1088
1069	19	32	5	313
1070	68	31	9	636
1071	24	26	1	51
1072	49	34	11	788
1073	56	11	13	988
1074	100	9	0	45
1075	96	32	16	1187
1076	52	30	12	866
1077	110	26	6	434
1078	63	30	12	869
1079	41	26	4	266
1080	55	6	9	677
1081	84	22	1	53
1082	113	30	14	1035
1083	58	22	13	984
1084	48	33	8	553
1085	32	28	14	1044
1086	77	7	9	698
1087	96	23	2	119
1088	123	34	13	959
1089	56	13	14	1065
1090	86	26	13	975
1091	43	31	16	1176
1092	107	25	7	512
1093	65	33	2	89
1094	39	30	15	1098
1095	6	28	14	1039
1096	101	28	6	433
1097	20	25	7	496
1098	122	20	1	55
1099	57	12	13	987
1100	108	24	10	746
1101	58	17	5	362
1102	103	24	4	277
1103	98	34	13	954
1104	68	15	14	1078
1105	117	32	11	802
1106	68	17	16	1234
1107	56	6	7	521
1108	16	32	3	157
1109	113	33	2	99
1110	77	24	11	818
1111	16	26	11	807
1112	48	28	10	735
1113	124	30	2	101
1114	19	33	8	547
1115	51	25	9	658
1116	12	24	5	338
1117	118	32	7	490
1118	19	23	9	651
1119	102	29	1	54
1120	57	25	9	659
1121	57	19	12	907
1122	72	23	9	661
1123	14	25	7	494
1124	3	30	5	310
1125	46	34	8	553
1126	26	12	0	30
1127	60	3	3	210
1128	25	23	5	341
1129	18	34	15	1093
1130	41	25	13	968
1131	26	34	3	159
1132	24	18	0	6
1133	62	12	7	526
1134	93	25	4	275
1135	122	30	4	257
1136	1	28	9	648
1137	67	9	8	605
1138	93	26	4	275
1139	109	26	16	1214
1140	38	0	0	38
1141	77	17	12	929
1142	63	32	9	635
1143	41	28	16	1202
1144	10	28	16	1196
1145	79	34	4	248
1146	52	32	15	1100
1147	62	4	4	295
1148	69	3	16	1238
1149	107	31	11	800
1150	69	24	12	895
1151	24	34	16	1172
1152	55	16	3	206
1153	87	25	11	820
1154	62	31	8	556
1155	74	17	5	383
1156	94	32	7	485
1157	103	11	0	45
1158	47	33	4	241
1159	100	30	3	174
1160	66	16	1	60
1161	107	24	11	824
1162	121	28	11	827
1163	19	24	15	1119
1164	110	32	16	1190
1165	98	11	0	44
1166	119	23	11	826
1167	120	33	4	256
1168	8	24	8	571
1169	32	27	6	420
1170	110	28	15	1136
1171	114	34	8	567
1172	82	13	0	41
1173	1	27	11	804
1174	64	16	11	837
1175	89	24	15	1132
1176	37	33	7	473
1177	106	24	8	590
1178	69	14	5	377
1179	107	23	6	434
1180	65	32	5	323
1181	64	20	11	836
1182	19	24	10	729
1183	22	26	15	1120
1184	62	13	8	604
1185	17	25	11	807
1186	8	24	4	259
1187	91	11	0	43
1188	10	25	10	728
1189	83	34	12	873
1190	73	32	14	1027
1191	76	6	10	776
1192	69	3	9	692
1193	76	5	13	1011
1194	31	31	6	394
1195	113	25	1	55
1196	77	26	16	1208
1197	70	31	6	402
1198	39	27	6	422
1199	66	8	6	450
1200	24	32	1	51
1201	123	31	14	1037
1202	21	16	0	5
1203	0	26	9	648
1204	53	25	10	737
1205	65	16	2	135
1206	82	27	1	53
1207	104	32	14	1033
1208	68	5	7	536
1209	55	11	12	910
1210	24	23	8	574
1211	19	23	10	729
1212	77	34	2	92
1213	72	32	12	870
1214	94	33	10	719
1215	17	27	4	261
1216	55	34	9	633
1217	74	10	15	1165
1218	62	32	9	634
1219	56	26	10	737
1220	80	34	11	794
1221	77	16	13	1007
1222	37	30	12	863
1223	74	11	7	541
1224	119	26	1	55
1225	79	29	1	53
1226	89	23	8	586
1227	115	26	13	981
1228	79	32	4	248
1229	65	24	11	816
1230	71	7	15	1159
1231	21	34	11	782
1232	16	28	12	885
1233	9	25	5	337
1234	51	31	9	632
1235	90	27	4	274
1236	61	13	1	60
1237	39	30	16	1176
1238	25	34	16	1173
1239	116	32	8	568
1240	33	28	7	498
1241	63	25	10	738
1242	48	28	5	345
1243	90	7	0	38
1244	63	21	6	445
1245	40	32	4	240
1246	35	34	2	83
1247	49	32	9	632
1248	8	31	7	467
1249	3	33	9	622
1250	94	25	15	1133
1251	41	27	2	110
1252	36	25	8	577
1253	68	20	6	453
1254	22	11	0	30
1255	21	25	16	1198
1256	84	31	9	639
1257	94	27	16	1211
1258	6	28	12	883
1259	123	26	6	437
1260	0	17	0	2
1261	78	32	5	326
1262	20	24	3	184
1263	46	23	12	891
1264	56	3	10	756
1265	56	21	7	516
1266	64	24	11	816
1267	47	30	6	397
1268	41	2	0	38
1269	68	24	3	193
1270	65	31	15	1103
1271	95	27	8	587
1272	27	33	2	81
1273	30	34	6	394
1274	67	28	8	582
1275	92	33	9	641
1276	102	28	4	277
1277	106	33	15	1112
1278	69	30	8	558
1279	71	16	2	142
1280	77	22	6	459
1281	79	21	12	927
1282	40	27	16	1202
1283	112	23	12	903
1284	34	31	8	551
1285	34	23	1	51
1286	71	18	5	375
1287	67	6	13	996
1288	72	8	3	223
1289	115	32	4	255
1290	70	12	10	767
1291	23	31	3	158
1292	31	33	1	51
1293	60	22	16	1218
1294	71	20	14	1077
1295	77	25	10	740
1296	22	8	0	30
1297	29	27	12	888
1298	18	19	0	5
1299	73	31	13	949
1300	48	27	5	345
1301	67	8	1	60
1302	5	33	9	623
1303	102	31	16	1189
1304	69	23	8	583
1305	74	19	12	928
1306	74	18	13	1006
1307	90	30	11	796
1308	15	33	16	1171
1309	59	33	5	322
1310	91	31	10	718
1311	102	27	8	589
1312	24	33	7	470
1313	60	33	15	1102
1314	4	24	10	726
1315	89	32	3	172
1316	38	33	15	1097
1317	59	17	15	1142
1318	91	12	0	43
1319	68	16	0	14
1320	79	15	4	305
1321	0	26	7	492
1322	101	13	0	45
1323	57	24	4	269
1324	52	34	14	1022
1325	47	26	3	189
1326	69	30	11	792
1327	11	23	14	1040
1328	97	32	8	564
1329	3	34	9	622
1330	112	23	10	747
1331	67	9	15	1151
1332	7	28	14	1039
1333	58	18	6	439
1334	107	31	12	878
1335	91	34	3	172
1336	45	34	3	163
1337	91	30	12	874
1338	19	23	16	1197
1339	100	34	13	954
1340	70	5	7	536
1341	35	30	9	629
1342	105	27	15	1135
1343	57	21	6	438
1344	52	30	8	554
1345	79	25	10	740
1346	70	32	4	246
1347	121	25	6	437
1348	9	28	16	1195
1349	53	34	4	243
1350	111	24	2	123
1351	117	13	0	48
1352	104	23	10	745
1353	49	24	5	346
1354	70	9	8	612
1355	23	30	5	314
1356	66	11	2	137
1357	79	30	11	794
1358	63	24	9	660
1359	58	30	4	244
1360	69	3	0	38
1361	77	4	13	1011
1362	111	28	1	55
1363	0	28	13	960
1364	115	33	12	879
1365	71	30	8	558
1366	63	19	11	836
1367	56	8	10	755
1368	67	20	6	446
1369	19	34	10	703
1370	70	16	3	220
1371	51	30	13	944
1372	5	27	13	961
1373	80	34	7	482
1374	50	26	7	502
1375	21	27	6	418
1376	71	20	7	531
1377	108	23	5	356
1378	54	28	6	425
1379	100	28	13	978
1380	69	11	11	846
1381	4	26	5	336
1382	62	22	1	60
1383	20	33	13	938
1384	62	15	14	1071
1385	121	23	5	359
1386	81	26	8	584
1387	76	14	5	384
1388	31	28	16	1200
1389	16	24	10	729
1390	70	24	3	193
1391	95	26	8	587
1392	52	33	13	944
1393	27	32	14	1017
1394	6	32	8	545
1395	52	24	14	1048
1396	30	32	14	1018
1397	69	33	3	168
1398	57	32	3	165
1399	66	9	7	527
1400	25	23	10	731
1401	63	15	10	759
1402	103	33	7	487
1403	59	18	9	673
1404	86	6	0	38
1405	65	30	5	323
1406	81	34	11	794
1407	48	23	9	657
1408	38	28	3	187
1409	76	32	13	949
1410	18	25	7	495
1411	72	26	3	193
1412	65	15	7	525
1413	44	27	4	267
1414	77	21	9	693
1415	61	31	7	478
1416	50	28	4	268
1417	41	25	11	812
1418	28	28	11	809
1419	5	25	16	1195
1420	118	20	0	24
1421	59	21	4	282
1422	51	34	13	944
1423	14	32	2	78
1424	72	12	12	923
1425	26	26	15	1121
1426	39	34	5	318
1427	103	23	5	355
1428	35	30	12	863
1429	59	15	3	206
1430	88	25	6	430
1431	55	30	4	243
1432	62	20	4	290
1433	45	31	5	319
1434	63	26	9	660
1435	104	24	4	277
1436	80	25	14	1052
1437	90	27	16	1210
1438	125	34	12	881
1439	105	32	11	799
1440	60	12	1	60
1441	75	21	16	1239
1442	71	26	5	349
1443	64	15	11	837
1444	38	20	0	9
1445	119	23	16	1216
1446	79	31	16	1184
1447	46	33	14	1021
1448	69	18	11	843
1449	72	25	1	60
1450	37	33	11	785
1451	114	26	3	201
1452	11	31	1	50
1453	35	25	5	343
1454	76	11	3	229
1455	65	13	7	526
1456	18	23	15	1119
1457	99	24	8	588
1458	50	32	13	944
1459	79	21	4	303
1460	95	28	2	119
1461	13	26	16	1196
1462	122	27	6	437
1463	35	23	9	655
1464	28	27	14	1043
1465	48	30	6	397
1466	43	32	10	708
1467	106	34	2	98
1468	57	0	0	38
1469	103	23	3	199
1470	123	25	13	983
1471	81	33	3	170
1472	107	31	10	722
1473	112	34	2	99
1474	92	24	13	977
1475	108	11	0	46
1476	101	21	1	54
1477	90	32	6	406
1478	57	28	5	347
1479	69	31	16	1182
1480	115	30	8	567
1481	112	30	9	645
1482	58	7	16	1223
1483	25	23	16	1199
1484	118	30	5	334
1485	71	33	1	60
1486	13	33	2	78
1487	72	12	3	221
1488	29	27	6	420
1489	70	3	3	224
1490	66	15	14	1071
1491	59	9	10	754
1492	117	28	10	748
1493	90	24	2	118
1494	116	33	10	724
1495	34	18	1	51
1496	108	23	10	746
1497	78	16	12	929
1498	107	30	6	410
1499	1	26	10	726
1500	56	5	13	990
1501	72	11	15	1158
1502	28	26	14	1043
1503	59	12	8	597
1504	6	32	11	779
1505	64	32	12	869
1506	7	25	14	1039
1507	55	19	14	1063
1508	22	23	10	730
1509	104	23	13	979
1510	110	34	16	1190
1511	16	23	11	807
1512	56	26	11	815
1513	9	28	9	649
1514	76	9	5	385
1515	75	15	13	1007
1516	59	6	1	60
1517	71	16	3	220
1518	70	3	11	848
1519	65	13	14	1072
1520	75	10	6	463
1521	20	34	12	860
1522	68	30	7	480
1523	41	31	12	864
1524	33	32	11	784
1525	73	9	0	39
1526	0	31	8	544
1527	125	31	2	101
1528	1	28	13	960
1529	56	11	8	598
1530	100	23	16	1212
1531	113	28	14	1059
1532	76	11	14	1087
1533	70	5	15	1160
1534	125	30	4	257
1535	59	13	7	519
1536	74	5	13	1011
1537	48	32	11	787
1538	76	4	5	387
1539	38	25	4	265
1540	69	23	6	427
1541	12	27	6	416
1542	77	24	7	506
1543	93	31	1	54
1544	59	3	8	600
1545	77	7	4	308
1546	37	26	7	499
1547	90	28	5	352
1548	123	26	7	515
1549	42	12	0	33
1550	59	34	6	400
1551	74	20	16	1240
1552	103	31	4	253
1553	29	32	3	160
1554	29	34	9	628
1555	37	23	5	343
1556	2	32	5	310
1557	85	31	5	327
1558	103	34	6	409
1559	42	25	1	52
1560	58	22	6	438
1561	57	19	15	1141
1562	107	8	0	46
1563	33	30	12	862
1564	79	32	13	950
1565	55	7	14	1067
1566	79	13	16	1242
1567	105	31	14	1033
1568	55	25	14	1049
1569	72	32	8	558
1570	54	33	7	477
1571	97	32	13	954
1572	6	27	13	961
1573	3	30	12	856
1574	77	27	12	896
1575	67	27	7	504
1576	68	10	15	1158
1577	120	27	4	280
1578	70	12	6	455
1579	76	17	10	773
1580	72	20	6	453
1581	103	24	9	667
1582	61	31	9	634
1583	94	24	3	197
1584	95	32	13	953
1585	31	24	7	498
1586	67	33	14	1025
1587	70	17	7	532
1588	108	30	12	878
1589	85	28	3	195
1590	56	20	11	829
1591	41	27	13	968
1592	20	28	12	886
1593	75	12	12	930
1594	98	32	5	330
1595	16	27	1	50
1596	46	26	12	891
1597	64	6	16	1230
1598	78	20	15	1162
1599	104	25	15	1135
1600	72	33	1	60
1601	69	17	9	688
1602	21	26	8	574
1603	37	24	4	265
1604	32	28	6	420
1605	77	24	14	1052
1606	49	3	0	38
1607	109	31	4	254
1608	116	24	2	124
1609	65	32	2	89
1610	33	33	16	1174
1611	116	24	7	514
1612	65	4	3	217
1613	34	24	13	967
1614	21	27	7	496
1615	57	9	1	60
1616	27	27	1	51
1617	102	24	8	589
1618	74	32	11	793
1619	16	27	13	963
1620	21	24	7	496
1621	78	16	16	1241
1622	93	32	15	1109
1623	66	20	12	914
1624	68	11	14	1080
1625	4	24	16	1194
1626	28	33	8	549
1627	81	32	6	404
1628	96	32	11	797
1629	79	27	5	350
1630	1	28	14	1038
1631	39	24	3	188
1632	79	32	15	1106
1633	82	33	8	561
1634	29	23	8	576
1635	72	24	6	427
1636	100	8	0	45
1637	0	31	14	1012
1638	76	14	16	1242
1639	15	27	4	261
1640	65	32	13	947
1641	1	30	9	622
1642	63	33	5	323
1643	26	32	12	861
1644	100	31	2	96
1645	78	9	11	853
1646	60	23	1	60
1647	67	8	2	138
1648	77	7	8	620
1649	64	22	4	289
1650	87	23	10	742
1651	88	2	0	38
1652	115	32	14	1035
1653	27	16	0	7
1654	64	3	9	685
1655	109	8	0	46
1656	42	30	2	84
1657	66	10	9	683
1658	40	24	7	500
1659	66	4	3	217
1660	63	20	0	13
1661	91	24	7	508
1662	58	34	2	88
1663	2	32	11	778
1664	120	8	0	48
1665	111	32	2	99
1666	72	4	12	926
1667	74	15	7	539
1668	101	30	13	955
1669	68	13	11	845
1670	37	34	12	863
1671	3	10	0	26
1672	88	23	2	118
1673	78	12	2	150
1674	102	24	14	1057
1675	69	7	14	1081
1676	50	23	9	658
1677	48	24	15	1125
1678	115	30	5	333
1679	125	27	13	983
1680	16	23	13	963
1681	71	23	1	60
1682	64	24	8	582
1683	96	30	2	95
1684	18	30	4	235
1685	78	14	16	1242
1686	63	7	10	762
1687	16	10	0	28
1688	44	27	15	1125
1689	9	24	10	727
1690	121	26	9	671
1691	62	4	1	60
1692	17	25	2	105
1693	50	34	16	1178
1694	113	31	16	1191
1695	38	25	13	967
1696	6	8	0	27
1697	120	27	2	124
1698	66	10	5	371
1699	56	7	5	365
1700	92	23	4	275
1701	101	27	7	511
1702	114	34	6	411
1703	6	23	16	1195
1704	18	31	2	79
1705	71	28	10	739
1706	68	11	15	1158
1707	87	25	7	508
1708	100	27	4	276
1709	13	25	15	1118
1710	114	31	11	801
1711	57	3	0	38
1712	6	24	15	1117
1713	58	19	13	985
1714	103	24	2	121
1715	74	15	14	1085
1716	72	23	14	1051
1717	72	10	6	456
1718	91	18	0	19
1719	35	31	9	629
1720	96	33	13	953
1721	36	30	5	317
1722	113	24	2	123
1723	23	31	2	80
1724	34	31	6	395
1725	114	25	4	279
1726	72	3	16	1238
1727	70	6	10	769
1728	60	7	2	131
1729	68	13	13	1001
1730	2	26	7	492
1731	78	8	13	1010
1732	56	34	10	711
1733	97	33	9	642
1734	9	31	7	467
1735	44	33	5	319
1736	115	27	14	1059
1737	89	7	0	38
1738	53	23	6	425
1739	116	32	5	334
1740	7	21	1	50
1741	91	33	14	1030
1742	72	18	7	531
1743	36	26	3	187
1744	59	8	0	37
1745	40	34	12	864
1746	9	28	15	1117
1747	8	30	14	1013
1748	115	34	15	1113
1749	75	22	4	303
1750	9	28	1	50
1751	17	31	5	313
1752	63	7	15	1152
1753	10	23	6	416
1754	24	32	10	704
1755	55	3	8	600
1756	0	26	3	180
1757	119	30	8	568
1758	93	18	0	19
1759	65	31	8	557
1760	93	24	15	1133
1761	105	25	11	823
1762	25	32	3	159
1763	25	24	9	653
1764	114	30	9	645
1765	103	23	1	54
1766	72	11	4	300
1767	36	18	0	8
1768	113	27	15	1137
1769	88	25	4	274
1770	86	23	2	117
1771	101	24	8	589
1772	78	9	9	697
1773	47	31	8	553
1774	123	9	0	49
1775	54	30	3	165
1776	106	24	4	278
1777	67	3	10	763
1778	120	30	14	1036
1779	30	33	14	1018
1780	78	3	14	1089
1781	25	16	0	6
1782	57	27	7	503
1783	33	34	13	940
1784	77	26	13	974
1785	62	5	8	607
1786	100	27	2	120
1787	109	26	1	55
1788	46	26	11	813
1789	66	22	8	601
1790	106	25	10	746
1791	74	12	3	228
1792	102	16	0	21
1793	72	17	7	532
1794	76	4	8	621
1795	64	33	16	1181
1796	83	33	4	249
1797	123	33	15	1115
1798	36	28	15	1123
1799	67	13	11	838
1800	14	33	9	624
1801	38	8	0	33
1802	57	32	14	1023
1803	94	33	7	485
1804	59	4	3	210
1805	4	27	1	50
1806	7	26	2	103
1807	83	33	9	639
1808	94	27	9	665
1809	55	13	14	1065
1810	53	33	2	87
1811	30	30	5	316
1812	18	23	10	729
1813	121	24	16	1217
1814	66	24	15	1128
1815	92	28	4	275
1816	87	24	15	1132
1817	86	27	8	585
1818	69	27	14	1051
1819	46	30	12	865
1820	76	7	0	38
1821	82	23	3	195
1822	51	24	8	580
1823	56	31	1	52
1824	56	26	4	269
1825	90	27	8	586
1826	32	34	16	1174
1827	56	32	6	399
1828	32	25	11	810
1829	41	31	9	630
1830	72	10	11	846
1831	25	26	7	497
1832	71	34	15	1104
1833	78	14	11	852
1834	65	5	10	763
1835	31	1	0	38
1836	93	31	13	953
1837	28	30	4	237
1838	63	9	8	605
1839	36	23	14	1045
1840	50	23	7	502
1841	41	28	4	266
1842	8	19	1	50
1843	48	34	4	241
1844	68	7	0	38
1845	52	28	16	1204
1846	84	23	15	1131
1847	76	11	2	151
1848	46	28	14	1047
1849	58	6	16	1223
1850	9	24	16	1195
1851	58	31	10	712
1852	31	28	8	576
1853	66	24	8	582
1854	102	18	0	21
1855	55	27	4	269
1856	117	23	6	436
1857	80	23	9	662
1858	74	17	12	929
1859	39	33	11	786
1860	110	33	2	98
1861	7	32	6	389
1862	93	22	1	54
1863	85	31	14	1029
1864	35	30	8	551
1865	68	14	1	60
1866	5	25	1	50
1867	121	25	1	55
1868	116	33	5	334
1869	125	17	0	25
1870	66	27	13	972
1871	6	27	3	181
1872	106	11	0	46
1873	46	23	11	813
1874	81	28	13	974
1875	11	31	12	858
1876	114	24	3	201
1877	57	16	2	128
1878	113	20	1	55
1879	30	31	9	628
1880	65	25	11	816
1881	63	31	6	401
1882	71	16	6	454
1883	109	26	10	746
1884	99	34	12	876
1885	102	27	4	277
1886	68	0	0	38
1887	47	23	6	423
1888	82	21	1	53
1889	80	23	16	1208
1890	60	19	0	13
1891	60	15	7	518
1892	78	27	6	428
1893	51	33	16	1178
1894	59	3	12	912
1895	96	32	4	251
1896	55	5	16	1224
1897	113	26	8	591
1898	105	23	4	277
1899	46	32	5	319
1900	64	33	2	89
1901	123	30	9	647
1902	122	30	3	179
1903	84	24	2	117
1904	61	17	0	13
1905	30	31	14	1018
1906	103	23	7	511
1907	16	30	5	313
1908	32	31	14	1018
1909	70	34	7	480
1910	115	33	11	801
1911	10	34	11	780
1912	101	34	4	253
1913	69	5	9	692
1914	72	14	2	143
1915	69	18	2	141
1916	90	23	16	1210
1917	92	30	16	1187
1918	110	16	0	23
1919	19	26	16	1197
1920	77	30	2	92
1921	35	10	0	32
1922	7	31	8	545
1923	125	32	4	257
1924	72	12	8	611
1925	78	7	9	698
1926	72	25	8	583
1927	9	30	5	311
1928	16	25	7	495
1929	52	26	12	892
1930	108	25	1	55
1931	63	19	13	992
1932	97	28	12	900
1933	123	23	10	749
1934	77	15	9	695
1935	55	32	15	1101
1936	101	27	4	277
1937	6	27	6	415
1938	78	5	10	777
1939	71	16	10	766
1940	76	32	2	91
1941	74	18	12	928
1942	123	12	0	49
1943	64	23	7	504
1944	44	24	9	657
1945	111	24	7	513
1946	39	27	3	188
1947	7	32	14	1013
1948	68	3	15	1160
1949	72	15	4	298
1950	58	23	1	60
1951	120	25	1	55
1952	123	34	3	179
1953	92	27	9	665
1954	76	19	0	16
1955	39	34	16	1176
1956	0	25	5	336
1957	65	14	14	1072
1958	61	30	2	88
1959	19	26	3	183
1960	3	34	5	310
1961	118	33	8	568
1962	71	31	12	870
1963	23	16	0	6
1964	23	33	7	470
1965	58	16	2	128
1966	65	23	13	972
1967	79	18	12	928
1968	7	30	6	389
1969	63	16	7	525
1970	75	10	3	229
1971	8	27	10	727
1972	113	28	10	747
1973	34	0	0	38
1974	100	25	15	1134
1975	7	25	4	259
1976	53	32	9	633
1977	107	28	9	668
1978	5	33	15	1091
1979	23	31	9	626
1980	75	9	9	697
1981	125	31	10	725
1982	3	33	11	778
1983	56	9	8	598
1984	105	34	7	487
1985	59	9	12	910
1986	33	33	13	940
1987	19	23	6	417
1988	38	31	16	1175
1989	55	3	3	210
1990	66	3	2	139
1991	21	34	3	158
1992	109	32	8	566
1993	19	25	16	1197
1994	23	20	0	6
1995	0	28	11	804
1996	57	7	8	599
1997	43	30	4	240
1998	34	25	3	187
1999	57	10	5	364
2000	112	31	1	55
2001	65	16	15	1149
2002	32	34	3	160
2003	120	23	16	1216
2004	58	30	7	478
2005	58	8	5	365
2006	75	30	12	871
2007	77	4	10	777
2008	58	15	15	1142
2009	65	24	13	972
2010	101	25	5	355
2011	64	15	10	759
2012	32	27	15	1122
2013	5	18	1	50
2014	44	33	6	397
2015	36	9	0	32
2016	82	25	15	1131
2017	45	24	9	657
2018	72	9	9	690
2019	56	10	8	598
2020	122	19	0	25
2021	59	15	8	596
2022	8	29	1	50
2023	66	30	5	323
2024	90	32	15	1108
2025	114	31	10	723
2026	62	12	3	214
2027	111	24	11	825
2028	68	26	6	427
2029	84	33	4	249
2030	97	31	5	330
2031	123	23	4	281
2032	58	19	11	829
2033	125	32	15	1115
2034	14	24	6	416
2035	71	22	1	60
2036	84	32	12	873
2037	79	8	6	464
2038	56	4	2	132
2039	112	23	4	279
2040	65	7	2	138
2041	81	30	10	716
2042	118	28	5	358
2043	57	20	9	673
2044	123	25	7	515
2045	99	33	7	486
2046	34	30	13	941
2047	111	27	13	981
2048	112	26	9	669
2049	79	7	7	542
2050	91	20	0	19
2051	16	30	10	703
2052	95	13	0	44
2053	80	25	6	428
2054	33	27	10	732
2055	98	23	16	1212
2056	103	25	3	199
2057	19	18	0	5
2058	10	23	5	338
2059	68	18	12	921
2060	64	17	14	1071
2061	44	24	16	1203
2062	32	32	14	1018
2063	58	32	4	244
2064	74	11	4	307
2065	68	7	9	691
2066	69	8	4	301
2067	2	18	0	2
2068	43	28	12	890
2069	53	31	8	555
2070	22	24	6	418
2071	80	32	9	638
2072	26	24	7	497
2073	25	32	4	237
2074	46	23	16	1203
2075	7	26	13	961
2076	109	30	6	410
2077	12	34	3	156
2078	68	23	15	1129
2079	11	24	7	494
2080	94	26	8	587
2081	13	28	8	572
2082	87	27	10	742
2083	118	31	2	100
2084	40	15	0	9
2085	32	33	3	160
2086	115	31	4	255
2087	49	23	2	112
2088	106	27	7	512
2089	78	33	1	53
2090	30	27	13	966
2091	110	30	6	410
2092	125	23	14	1061
2093	70	18	2	141
2094	63	11	16	1229
2095	99	25	10	744
2096	76	10	3	229
2097	77	16	5	383
2098	83	24	10	741
2099	77	25	3	194
2100	34	5	0	38
2101	114	28	10	747
2102	55	28	9	659
2103	58	31	8	556
2104	14	15	0	4
2105	104	32	8	565
2106	14	30	8	546
2107	12	27	12	884
2108	62	17	14	1071
2109	100	26	11	822
2110	39	24	13	968
2111	11	16	0	4
2112	86	26	2	117
2113	57	21	12	906
2114	0	30	12	856
2115	47	27	6	423
2116	109	25	14	1058
2117	60	6	8	599
2118	113	26	7	513
2119	35	34	7	473
2120	97	30	12	876
2121	18	23	6	417
2122	105	28	12	901
2123	39	2	0	38
2124	43	33	3	162
2125	69	34	7	480
2126	125	23	6	437
2127	62	30	16	1180
2128	112	33	10	723
2129	56	17	0	12
2130	59	12	6	441
2131	101	31	7	487
2132	49	26	8	580
2133	119	21	1	55
2134	60	12	9	675
2135	83	26	8	585
2136	66	13	8	604
2137	72	10	1	60
2138	48	31	7	475
2139	30	27	3	186
2140	1	34	15	1090
2141	26	32	2	81
2142	10	24	2	104
2143	68	32	12	870
2144	108	33	16	1190
2145	74	22	2	147
2146	107	12	0	46
2147	62	30	5	322
2148	26	13	0	30
2149	20	34	7	470
2150	92	27	12	899
2151	25	28	15	1121
2152	58	33	7	478
2153	55	31	16	1179
2154	51	31	14	1022
2155	36	25	16	1201
2156	102	25	15	1135
2157	30	28	11	810
2158	25	28	11	809
2159	74	15	2	149
2160	123	31	3	179
2161	48	11	0	35
2162	77	16	7	539
2163	49	23	7	502
2164	116	31	16	1192
2165	64	13	13	994
2166	73	30	1	53
2167	20	25	14	1042
2168	39	23	10	734
2169	75	9	16	1243
2170	89	5	0	38
2171	118	31	10	724
2172	108	28	3	200
2173	81	31	13	950
2174	59	22	11	828
2175	75	7	9	698
2176	71	26	1	60
2177	31	26	4	264
2178	104	30	14	1033
2179	16	33	15	1093
2180	43	28	16	1202
2181	19	25	10	729
2182	7	32	8	545
2183	122	25	11	827
2184	35	27	2	109
2185	59	15	16	1220
2186	19	23	4	261
2187	124	30	10	725
2188	69	30	3	168
2189	86	23	10	741
2190	56	30	16	1179
2191	117	34	14	1036
2192	71	18	3	219
2193	35	26	9	655
2194	62	32	2	88
2195	38	30	16	1175
2196	62	12	11	838
2197	90	28	11	820
2198	111	30	16	1191
2199	89	31	12	874
2200	38	34	10	707
2201	123	24	11	827
2202	76	18	6	460
2203	12	26	11	806
2204	79	14	6	462
2205	65	16	5	369
2206	51	5	0	38
2207	111	28	8	591
2208	53	31	10	711
2209	4	33	12	856
2210	18	27	10	729
2211	12	26	15	1118
2212	71	26	7	505
2213	125	28	14	1061
2214	102	17	0	21
2215	79	9	5	385
2216	78	11	0	40
2217	27	26	4	263
2218	72	22	8	608
2219	59	23	16	1218
2220	75	20	7	538
2221	82	28	9	663
2222	72	5	15	1160
2223	91	30	7	484
2224	60	5	16	1224
2225	108	28	13	980
2226	77	8	4	308
2227	23	33	6	392
2228	63	28	4	270
2229	42	26	9	656
2230	91	28	12	898
2231	95	33	7	485
2232	86	30	14	1029
2233	57	11	2	130
2234	105	27	8	589
2235	64	6	14	1074
2236	69	12	6	455
2237	40	24	12	890
2238	28	34	7	471
2239	28	34	5	315
2240	47	8	0	34
2241	86	32	7	483
2242	78	20	9	694
2243	37	31	6	395
2244	113	17	0	23
2245	62	33	7	478
2246	115	23	8	591
2247	56	4	5	366
2248	40	25	2	110
2249	4	34	4	232
2250	49	9	0	35
2251	58	13	11	831
2252	33	31	13	940
2253	21	25	14	1042
2254	100	27	16	1212
2255	71	7	11	847
2256	97	30	6	408
2257	121	33	12	881
2258	18	27	13	963
2259	76	23	1	53
2260	69	34	4	246
2261	120	33	8	568
2262	77	34	9	638
2263	2	32	9	622
2264	79	12	2	150
2265	114	33	11	801
2266	69	13	13	1001
2267	93	27	15	1133
2268	103	23	12	901
2269	0	10	0	26
2270	12	28	14	1040
2271	90	25	7	508
2272	123	33	14	1037
2273	60	3	12	912
2274	19	26	10	729
2275	15	25	16	1197
2276	59	20	1	60
2277	124	32	3	179
2278	101	32	9	643
2279	35	33	6	395
2280	37	25	12	889
2281	54	26	16	1205
2282	78	24	12	896
2283	41	24	10	734
2284	58	16	12	908
2285	64	23	10	738
2286	47	33	1	52
2287	95	28	1	54
2288	21	23	14	1042
2289	65	6	8	606
2290	91	30	11	796
2291	39	33	16	1176
2292	72	18	16	1233
2293	64	33	13	947
2294	6	33	7	467
2295	88	33	9	640
2296	3	19	1	50
2297	44	30	4	241
2298	77	27	2	116
2299	93	23	16	1211
2300	5	32	1	50
2301	115	31	10	723
2302	68	20	12	921
2303	97	32	6	408
2304	24	15	0	6
2305	75	23	16	1239
2306	15	30	2	79
2307	47	3	0	38
2308	125	23	16	1217
2309	63	21	3	211
2310	68	32	4	246
2311	63	27	1	60
2312	88	33	4	250
2313	116	24	15	1138
2314	125	27	15	1139
2315	64	25	5	348
2316	4	23	4	258
2317	81	34	7	482
2318	51	24	1	52
2319	6	29	1	50
2320	78	22	9	693
2321	32	13	0	32
2322	118	33	7	490
2323	53	27	14	1049
2324	51	31	1	52
2325	93	33	12	875
2326	95	27	3	197
2327	16	30	14	1015
2328	88	28	3	196
2329	106	31	16	1190
2330	50	25	13	970
2331	7	34	9	623
2332	68	27	16	1207
2333	111	34	9	645
2334	112	26	8	591
2335	64	24	7	504
2336	48	24	1	52
2337	57	9	2	130
2338	58	33	9	634
2339	78	24	16	1208
2340	36	27	8	577
2341	8	28	8	571
2342	45	24	10	735
2343	64	31	3	167
2344	72	5	2	146
2345	17	26	5	339
2346	58	23	11	828
2347	34	34	8	551
2348	78	21	2	147
2349	38	26	11	811
2350	71	13	15	1157
2351	4	28	9	648
2352	55	31	8	555
2353	104	25	10	745
2354	17	34	2	79
2355	117	24	10	748
2356	77	9	6	463
2357	63	24	6	426
2358	45	15	0	10
2359	21	32	12	860
2360	119	28	5	358
2361	124	23	13	983
2362	86	28	4	273
2363	42	25	4	266
2364	38	25	15	1123
2365	83	33	1	53
2366	40	33	15	1098
2367	58	22	11	828
2368	25	31	11	783
2369	55	28	10	737
2370	65	13	5	370
2371	116	27	10	748
2372	124	31	4	257
2373	100	33	2	96
2374	76	33	13	949
2375	46	25	16	1203
2376	36	26	5	343
2377	72	17	11	844
2378	6	25	10	727
2379	69	34	13	948
2380	78	9	8	619
2381	60	23	7	516
2382	20	34	9	626
2383	80	31	7	482
2384	68	32	10	714
2385	99	24	9	666
2386	28	23	13	965
2387	58	9	1	60
2388	18	34	11	781
2389	26	33	7	471
2390	32	34	12	862
2391	95	24	6	431
2392	78	28	7	506
2393	90	31	12	874
2394	16	11	0	28
2395	75	12	8	618
2396	77	26	5	350
2397	81	25	5	350
2398	62	20	2	134
2399	71	6	11	847
2400	35	30	11	785
2401	67	11	4	293
2402	74	19	15	1162
2403	110	23	9	668
2404	67	23	11	816
2405	74	21	8	615
2406	65	15	12	915
2407	14	23	7	494
2408	19	27	10	729
2409	68	27	7	505
2410	22	32	1	51
2411	125	24	6	437
2412	70	7	11	847
2413	48	31	13	943
2414	97	31	4	252
2415	70	2	1	60
2416	37	28	12	889
2417	75	6	6	464
2418	115	27	9	669
2419	58	5	0	38
2420	97	26	11	822
2421	97	26	8	588
2422	57	21	13	984
2423	42	31	16	1176
2424	6	27	4	259
2425	38	32	14	1019
2426	75	7	13	1010
2427	105	27	4	277
2428	112	23	9	669
2429	33	23	15	1122
2430	31	25	8	576
2431	63	10	4	293
2432	9	30	15	1091
2433	66	24	11	816
2434	54	33	16	1179
2435	100	33	11	798
2436	39	32	5	318
2437	48	32	2	85
2438	100	23	13	978
2439	14	27	2	104
2440	99	23	1	54
2441	78	20	4	304
2442	87	33	6	406
2443	114	26	16	1215
2444	58	9	13	988
2445	97	22	1	54
2446	56	14	7	519
2447	89	33	5	328
2448	68	25	9	661
2449	38	23	15	1123
2450	76	17	7	539
2451	37	24	13	967
2452	115	24	5	357
2453	63	31	3	167
2454	20	34	16	1172
2455	64	25	6	426
2456	71	30	13	948
2457	35	27	16	1201
2458	68	34	4	246
2459	76	9	2	151
2460	59	32	12	868
2461	113	24	9	669
2462	74	30	13	949
2463	6	30	10	701
2464	46	32	8	553
2465	65	34	6	401
2466	71	6	10	769
2467	42	34	10	708
2468	123	25	11	827
2469	70	33	10	714
2470	97	23	7	510
2471	57	6	16	1223
2472	98	27	2	120
2473	52	13	0	35
2474	46	34	5	319
2475	14	27	4	260
2476	19	24	8	573
2477	71	16	13	1000
2478	49	25	15	1126
2479	88	15	0	18
2480	64	3	15	1153
2481	26	28	15	1121
2482	124	30	7	491
2483	87	28	13	976
2484	89	30	16	1186
2485	24	25	16	1198
2486	80	2	0	38
2487	20	30	13	938
2488	118	32	6	412
2489	68	12	1	60
2490	81	24	13	974
2491	69	17	14	1078
2492	108	27	15	1136
2493	60	4	5	366
2494	29	26	16	1200
2495	63	8	16	1230
2496	97	31	11	798
2497	24	24	15	1120
2498	57	16	13	986
2499	76	13	9	696
