0	884	1144	0	99
1	257	1304	3	487
2	1265	1232	3	519
3	1180	1073	2	384
4	868	1092	4	663
5	588	881	4	646
6	1116	745	3	529
7	84	25	0	0
8	288	568	1	150
9	1145	62	4	596
10	557	204	4	568
11	607	846	2	366
12	929	726	4	679
13	279	455	3	431
14	48	1	4	564
15	1120	1253	4	660
16	891	1166	4	663
17	1032	1094	3	520
18	1161	106	0	32
19	449	1102	4	631
20	856	972	0	109
21	1040	1205	4	661
22	1124	1227	1	237
23	1208	937	2	385
24	891	153	2	317
25	60	1187	4	628
26	155	247	1	141
27	1354	1254	4	660
28	989	731	2	395
29	825	1179	2	382
30	787	560	0	52
31	554	738	1	228
32	796	187	1	177
33	1001	909	3	534
34	432	214	1	143
35	973	281	0	34
36	1240	141	1	173
37	552	226	3	427
38	390	888	2	361
39	1186	31	3	455
40	1167	945	3	526
41	729	475	2	332
42	272	825	4	637
43	45	215	4	564
44	977	794	3	535
45	645	280	0	5
46	448	390	4	576
47	90	261	1	141
48	838	393	1	186
49	175	445	1	149
50	1228	281	2	314
51	1125	45	0	32
52	1139	1020	2	384
53	266	1114	3	487
54	542	599	3	445
55	929	362	1	185
56	1345	1191	1	237
57	227	124	1	141
58	758	407	3	469
59	980	474	4	611
60	403	871	4	643
61	1195	708	0	140
62	1105	248	0	32
63	29	1115	3	487
64	1201	801	0	105
65	152	289	4	570
66	145	899	2	354
67	1165	1116	2	378
68	507	269	2	286
69	1307	97	2	314
70	978	944	4	671
71	1200	923	0	104
72	278	883	1	213
73	1102	795	0	105
74	405	626	1	158
75	1308	193	4	596
76	1047	1127	2	379
77	144	1158	3	487
78	610	410	1	155
79	173	219	0	0
80	247	429	2	289
81	932	613	1	192
82	210	534	3	432
83	1041	1163	1	238
84	1183	466	3	463
85	54	32	2	282
86	1275	51	0	32
87	1208	871	2	386
88	348	1198	0	65
89	1133	495	1	181
90	1221	920	1	245
91	1154	293	3	461
92	1100	851	3	528
93	212	186	4	564
94	970	857	1	253
95	64	119	2	282
96	1310	1109	2	378
97	45	265	1	141
98	1132	367	3	462
99	466	789	1	224
100	1153	1006	3	526
101	207	548	2	291
102	934	1132	2	381
103	138	223	0	0
104	86	1125	2	346
105	493	734	3	506
106	573	1211	0	68
107	924	264	2	317
108	1331	197	1	173
109	895	1105	1	240
110	867	208	1	176
111	1022	217	3	456
112	220	129	2	282
113	1160	963	2	385
114	1141	463	2	322
115	284	1331	3	487
116	262	1217	1	205
117	104	1203	3	487
118	251	713	1	280
119	1199	1054	0	102
120	161	1262	4	628
121	1201	1282	1	237
122	1355	1143	1	237
123	382	1006	0	75
124	906	1198	1	240
125	1306	176	2	314
126	471	783	3	506
127	1277	22	0	32
128	1200	432	0	39
129	1036	285	0	33
130	1198	1341	2	378
131	989	1218	3	521
132	4	1144	1	205
133	645	399	4	578
134	948	808	2	394
135	410	264	1	143
136	1083	1154	4	660
137	322	149	4	565
138	923	161	4	599
139	1190	94	2	314
140	1303	84	2	314
141	648	227	4	569
142	614	463	3	441
143	574	201	1	145
144	421	535	4	580
145	483	252	4	567
146	643	949	0	78
147	1104	1242	4	660
148	1169	310	3	461
149	1227	1326	0	96
150	1317	1118	0	96
151	1081	543	1	182
152	809	990	4	673
153	112	282	2	282
154	202	1257	2	346
155	993	871	2	393
156	187	589	3	433
157	341	1124	3	488
158	983	396	3	466
159	533	269	2	286
160	128	1196	0	64
161	496	419	1	153
162	169	910	0	72
163	477	1146	1	208
164	1086	1168	2	378
165	1178	1215	3	519
166	413	995	2	357
167	1051	1132	1	238
168	236	838	0	73
169	174	1185	1	205
170	1006	465	3	470
171	1142	304	4	602
172	491	381	2	294
173	1137	975	3	526
174	942	1006	1	248
175	682	152	2	419
176	1193	1293	0	96
177	546	1117	0	68
178	825	623	1	196
179	1168	1363	4	660
180	1253	1321	0	96
181	258	63	4	564
182	1059	1152	2	379
183	400	449	2	297
184	1197	1147	3	519
185	1279	110	4	596
186	973	288	1	175
187	432	875	2	361
188	402	924	0	79
189	831	1222	1	241
190	1008	795	2	394
191	490	285	3	426
192	592	379	1	155
193	1331	103	3	455
194	545	980	0	77
195	1174	1267	2	378
196	192	773	1	215
197	1121	930	1	245
198	596	840	3	507
199	983	274	2	316
200	1179	375	2	321
201	1339	73	4	596
202	865	957	3	531
203	821	745	1	260
204	168	1174	3	487
205	1356	1287	0	96
206	242	1356	2	346
207	973	232	2	316
208	252	633	1	151
209	570	642	2	305
210	526	1165	2	350
211	988	198	2	316
212	143	98	2	282
213	1042	1144	2	379
214	418	815	2	362
215	569	180	3	427
216	30	208	2	282
217	501	1203	3	490
218	424	877	1	220
219	551	200	3	427
220	1149	1065	3	525
221	926	989	2	390
222	650	1089	2	420
223	1123	1057	0	102
224	1182	200	1	173
225	237	821	0	73
226	72	50	2	282
227	183	1289	0	64
228	886	389	3	467
229	440	226	3	426
230	254	959	1	212
231	1119	1324	1	237
232	877	605	4	615
233	1092	1317	0	96
234	199	1084	3	487
235	476	592	3	442
236	1315	180	4	596
237	472	982	3	499
238	5	123	3	423
239	67	1322	3	487
240	268	500	2	290
241	852	230	3	459
242	180	386	4	571
243	266	669	4	703
244	1305	256	2	314
245	1268	1365	0	96
246	1098	1174	2	378
247	181	82	4	564
248	742	926	2	396
249	1176	33	0	32
250	847	190	2	318
251	975	631	4	613
252	272	801	3	496
253	1024	1165	1	238
254	970	169	3	457
255	409	1136	2	348
256	1054	1201	4	661
257	197	519	2	291
258	422	845	2	362
259	379	1099	4	630
260	1282	1119	0	96
261	1350	1176	0	96
262	752	441	1	191
263	819	242	1	177
264	414	624	2	299
265	524	367	1	154
266	1353	215	1	173
267	1129	802	4	669
268	577	217	4	569
269	1337	1098	2	378
270	213	672	2	421
271	996	158	0	34
272	1136	368	2	321
273	587	561	4	584
274	1262	1157	3	519
275	1209	378	0	39
276	1330	1200	4	660
277	1127	1023	2	384
278	282	1348	0	64
279	1130	125	1	173
280	1110	90	3	455
281	458	395	1	153
282	1138	1004	1	244
283	89	1320	0	64
284	1088	876	1	245
285	1173	1086	1	237
286	1128	87	1	173
287	994	813	1	253
288	526	1088	1	209
289	177	1296	3	487
290	887	383	1	185
291	972	381	3	466
292	1234	258	0	32
293	37	1240	2	346
294	892	1196	1	240
295	156	630	1	151
296	1167	1248	4	660
297	190	1029	4	634
298	1016	1119	0	97
299	107	1336	1	205
300	484	1146	4	631
301	207	377	3	430
302	1192	1223	2	378
303	1258	1185	1	237
304	1101	1085	3	519
305	155	132	4	564
306	45	1121	2	346
307	76	1238	3	487
308	1179	371	4	603
309	1113	471	1	181
310	303	211	2	283
311	936	903	3	534
312	807	986	1	250
313	869	383	4	608
314	419	949	3	498
315	756	1129	1	242
316	1167	858	3	528
317	841	1198	0	100
318	176	688	0	139
319	1100	821	1	246
320	270	182	1	141
321	1207	700	2	422
322	111	1242	4	628
323	1162	944	1	244
324	1222	1311	1	237
325	946	247	4	598
326	1094	530	3	464
327	729	935	4	678
328	169	336	3	429
329	168	86	2	282
330	283	1217	2	346
331	95	22	0	0
332	1112	610	3	465
333	334	1175	2	347
334	1241	181	1	173
335	57	1094	2	346
336	1163	1367	1	237
337	71	1344	0	64
338	1264	13	2	314
339	788	1170	3	524
340	1175	112	0	32
341	78	1219	4	628
342	466	371	0	12
343	1198	1030	0	102
344	797	407	1	186
345	370	773	0	81
346	1146	519	4	605
347	480	238	1	144
348	637	499	2	300
349	814	1188	0	100
350	211	254	3	423
351	1088	453	2	322
352	193	5	1	141
353	1220	1356	2	378
354	196	115	4	564
355	944	796	3	535
356	192	889	1	213
357	1106	50	1	173
358	530	179	0	4
359	1119	975	1	244
360	403	552	3	439
361	979	648	2	331
362	14	1307	1	205
363	1251	249	0	32
364	333	1140	3	488
365	152	236	1	141
366	980	1156	0	98
367	1128	381	3	462
368	413	434	3	438
369	188	1149	0	64
370	1219	937	1	244
371	525	271	4	568
372	681	1178	3	561
373	263	28	3	423
374	440	1006	2	358
375	972	996	3	530
376	1250	1237	3	519
377	1103	1069	0	102
378	959	500	1	188
379	155	583	2	292
380	989	1189	3	521
381	1290	89	4	596
382	682	1117	1	279
383	894	785	2	397
384	772	277	3	460
385	269	1078	0	70
386	189	489	4	572
387	787	996	2	392
388	186	735	3	497
389	379	415	3	434
390	386	870	2	361
391	1141	855	1	246
392	1351	1273	3	519
393	1280	1192	1	237
394	1112	1146	3	519
395	312	1127	0	65
396	763	182	3	460
397	346	1198	1	206
398	684	1197	0	138
399	979	1085	3	521
400	904	1214	3	522
401	1195	503	4	604
402	155	752	4	638
403	190	1092	2	346
404	830	759	3	541
405	917	154	1	176
406	838	638	1	196
407	409	916	2	361
408	1162	1299	1	237
409	622	975	0	78
410	990	916	0	111
411	243	1124	1	205
412	288	205	2	282
413	732	446	2	332
414	929	739	3	538
415	91	1218	2	346
416	1184	1323	1	237
417	717	1108	2	420
418	41	0	2	282
419	122	1221	2	346
420	1177	436	0	40
421	446	938	3	499
422	281	808	2	355
423	515	968	2	359
424	291	1167	1	206
425	671	1095	3	561
426	727	441	3	473
427	476	578	3	442
428	3	1153	2	346
429	221	644	3	433
430	393	751	2	363
431	532	205	4	568
432	656	1155	4	702
433	778	873	3	537
434	864	955	2	390
435	147	138	4	564
436	198	100	2	282
437	197	737	2	356
438	260	713	0	139
439	191	280	1	141
440	447	644	3	442
441	233	1249	4	628
442	1209	15	1	173
443	938	965	4	671
444	268	467	4	572
445	162	30	1	141
446	1198	425	2	321
447	1218	964	0	103
448	185	942	1	212
449	508	404	2	295
450	881	1128	0	99
451	433	722	4	647
452	88	1245	4	628
453	172	772	2	356
454	1267	1177	4	660
455	205	649	4	703
456	1090	132	2	314
457	6	186	1	141
458	149	1017	2	352
459	179	1120	4	628
460	1359	246	4	596
461	1212	234	3	455
462	336	1113	3	488
463	184	1200	4	628
464	916	1005	3	531
465	1081	1355	2	378
466	632	411	3	437
467	275	884	1	213
468	285	1106	0	64
469	85	84	1	141
470	943	568	3	471
471	434	750	1	224
472	1097	405	3	462
473	1189	744	4	670
474	854	1220	4	664
475	611	260	4	569
476	1101	653	0	140
477	310	1193	3	488
478	280	1112	1	205
479	206	1191	3	487
480	142	231	1	141
481	560	739	1	228
482	1150	321	1	179
483	133	1230	2	346
484	374	959	3	498
485	1122	670	0	140
486	1110	272	0	32
487	248	511	2	291
488	871	227	1	176
489	1066	1201	1	238
490	1263	9	0	32
491	53	97	0	0
492	111	278	1	141
493	1147	913	0	104
494	1167	217	4	596
495	990	845	0	112
496	546	1136	4	632
497	495	748	1	224
498	1160	391	2	321
499	703	1158	3	561
500	1155	786	3	529
501	1303	224	4	596
502	813	150	3	459
503	214	1366	0	64
504	250	850	0	73
505	363	546	2	298
506	117	3	1	141
507	1178	1077	2	384
508	1095	623	4	606
509	271	591	2	292
510	834	1177	0	100
511	361	812	2	362
512	384	781	0	81
513	609	400	0	14
514	435	399	2	294
515	945	623	0	49
516	426	947	0	75
517	973	625	3	472
518	283	694	2	421
519	277	89	1	141
520	669	1083	3	561
521	1224	1167	4	660
522	169	576	2	291
523	1192	465	2	322
524	728	903	2	396
525	159	851	1	214
526	774	918	1	255
527	1134	238	4	596
528	832	252	1	177
529	411	528	0	16
530	1226	1181	3	519
531	1204	107	1	173
532	616	570	4	585
533	70	1361	1	205
534	1106	989	4	667
535	495	635	2	301
536	975	989	2	389
537	392	627	4	581
538	1142	527	2	323
539	726	1197	2	383
540	444	1178	0	67
541	171	1358	3	487
542	107	1237	1	205
543	1085	461	1	181
544	1096	240	0	32
545	157	707	0	139
546	136	1229	1	205
547	893	783	2	397
548	93	1184	3	487
549	285	618	0	10
550	1343	115	2	314
551	899	410	3	467
552	381	372	3	434
553	164	1158	0	64
554	652	146	3	560
555	1148	666	0	140
556	1084	1063	4	666
557	1041	218	2	315
558	1082	888	2	386
559	1354	241	0	32
560	1187	399	0	39
561	525	375	2	295
562	575	1194	2	350
563	339	1202	1	206
564	738	402	4	610
565	819	1221	0	100
566	502	423	4	576
567	66	243	2	282
568	1094	626	0	42
569	767	808	1	257
570	1080	673	3	559
571	819	740	1	260
572	296	170	1	142
573	1262	76	4	596
574	471	980	1	217
575	1247	232	3	455
576	243	305	0	6
577	485	185	2	285
578	958	363	1	184
579	389	276	2	284
580	421	1117	3	489
581	1333	260	4	596
582	398	735	4	645
583	112	1168	0	64
584	177	196	4	564
585	436	1141	2	349
586	228	1205	4	628
587	984	1187	3	521
588	282	940	3	494
589	876	739	2	397
590	212	492	4	572
591	893	1121	3	522
592	1262	1151	3	519
593	232	1128	4	628
594	1210	753	0	106
595	148	1056	0	70
596	278	1342	1	205
597	12	1309	0	64
598	1289	54	4	596
599	665	243	4	701
600	428	887	1	220
601	1186	732	0	106
602	1290	1153	4	660
603	162	519	4	573
604	7	1219	1	205
605	78	32	1	141
606	1351	1139	3	519
607	428	562	0	16
608	1091	344	0	38
609	1131	264	3	455
610	538	960	1	218
611	1153	24	2	314
612	226	498	3	431
613	1176	416	2	321
614	1133	478	1	181
615	403	736	0	81
616	1242	19	2	314
617	1185	1194	3	519
618	287	65	1	141
619	385	428	2	293
620	264	685	2	421
621	254	44	1	141
622	1187	204	0	32
623	1095	806	3	528
624	283	1287	0	64
625	1124	450	3	463
626	194	1319	4	628
627	977	373	1	184
628	1178	136	3	455
629	1301	201	0	32
630	526	238	3	427
631	270	616	1	151
632	250	286	0	0
633	792	888	1	255
634	459	1202	1	208
635	1089	1011	3	525
636	253	783	2	356
637	522	1162	1	209
638	249	784	2	356
639	426	754	2	363
640	244	1089	2	346
641	186	1162	3	487
642	725	1133	4	665
643	655	249	3	560
644	1247	1243	1	237
645	1151	205	0	32
646	1001	1191	1	239
647	1273	1102	2	378
648	398	377	0	11
649	1184	1178	0	96
650	942	256	3	457
651	316	1149	4	629
652	1309	1322	1	237
653	1055	243	0	33
654	84	236	4	564
655	825	208	0	36
656	1337	1333	2	378
657	1153	5	2	314
658	960	481	3	470
659	962	445	3	470
660	283	182	0	0
661	217	665	0	139
662	547	1093	0	68
663	1083	1145	3	519
664	1328	80	1	173
665	1259	274	4	596
666	835	722	1	260
667	585	1002	4	642
668	379	1216	1	207
669	64	165	1	141
670	76	7	0	0
671	888	150	0	35
672	834	391	0	45
673	1084	98	4	596
674	525	977	2	359
675	906	146	0	35
676	408	465	1	156
677	13	52	3	423
678	241	429	4	571
679	1298	157	0	32
680	777	884	2	396
681	592	1085	0	69
682	574	391	3	436
683	1172	205	0	32
684	689	235	1	278
685	1349	1193	0	96
686	930	367	3	467
687	246	226	4	564
688	917	1221	0	99
689	705	187	0	137
690	1148	198	3	455
691	864	1119	1	240
692	1088	522	3	464
693	711	1151	4	702
694	992	369	0	43
695	256	490	4	572
696	267	849	2	355
697	987	210	4	598
698	816	596	4	618
699	980	505	4	612
700	1180	1344	2	378
701	230	51	4	564
702	305	160	3	424
703	1132	521	1	182
704	1187	1366	2	378
705	967	251	0	34
706	734	971	0	110
707	73	125	1	141
708	1194	237	1	173
709	1204	776	1	247
710	1093	191	4	596
711	1243	1158	3	519
712	595	158	2	287
713	1040	198	3	456
714	855	236	0	36
715	1166	128	1	173
716	776	871	2	396
717	474	204	4	567
718	232	804	2	355
719	772	1172	1	242
720	429	518	3	439
721	372	192	1	143
722	108	1215	0	64
723	63	178	1	141
724	1220	121	0	32
725	559	379	2	295
726	113	1205	4	628
727	781	962	1	251
728	231	909	3	495
729	280	996	2	353
730	265	549	4	573
731	1158	38	3	455
732	953	903	0	111
733	1191	501	3	463
734	473	224	2	285
735	201	406	2	289
736	803	1135	0	100
737	594	1098	0	69
738	1116	1040	0	102
739	173	878	4	636
740	183	307	3	429
741	159	1327	0	64
742	562	403	0	13
743	1167	210	0	32
744	265	950	3	494
745	1287	1128	1	237
746	411	784	0	81
747	908	1194	4	663
748	443	405	1	153
749	1203	649	1	281
750	1354	1320	2	378
751	1210	334	1	179
752	432	403	3	434
753	385	1094	2	348
754	1044	1105	2	379
755	476	1091	0	67
756	205	250	4	564
757	205	637	1	151
758	565	734	3	510
759	1178	533	2	323
760	800	637	2	337
761	584	831	4	648
762	1050	1093	3	520
763	754	493	0	50
764	1132	672	3	563
765	996	218	1	175
766	265	1075	3	493
767	227	1138	4	628
768	188	138	4	564
769	86	1108	3	487
770	922	753	3	538
771	159	252	1	141
772	1140	769	0	106
773	846	642	3	478
774	381	985	1	216
775	935	619	2	333
776	41	1249	1	205
777	1113	1353	1	237
778	405	846	3	503
779	509	269	3	427
780	436	763	1	224
781	802	410	0	45
782	1094	36	1	173
783	140	223	2	282
784	1312	1338	2	378
785	1220	813	1	246
786	1306	1186	3	519
787	197	840	3	496
788	482	999	3	499
789	2	7	0	0
790	376	1184	4	630
791	236	1282	0	64
792	1081	547	1	182
793	557	286	3	427
794	120	1336	0	64
795	774	418	0	46
796	277	392	0	7
797	73	3	0	0
798	17	1106	1	205
799	908	233	2	317
800	650	1207	0	138
801	722	429	1	187
802	1350	1336	1	237
803	1066	1118	1	238
804	523	222	4	568
805	554	627	3	446
806	975	567	4	612
807	240	422	0	7
808	288	1062	2	352
809	282	151	4	564
810	1084	29	4	596
811	888	174	0	35
812	131	1259	3	487
813	902	1168	0	99
814	1127	366	1	180
815	609	226	4	569
816	163	1242	3	487
817	143	163	2	282
818	202	568	1	150
819	136	227	2	282
820	288	537	3	432
821	1109	347	3	461
822	1163	99	0	32
823	761	937	3	533
824	135	17	1	141
825	768	389	1	187
826	158	5	3	423
827	1303	18	1	173
828	122	1167	0	64
829	736	1101	2	383
830	630	1134	1	210
831	1355	138	1	173
832	189	61	0	0
833	247	1143	4	628
834	222	180	2	282
835	17	233	0	0
836	954	828	1	253
837	1170	1004	4	667
838	594	1162	3	492
839	430	739	2	363
840	1132	1226	2	378
841	1235	1237	4	660
842	1210	232	2	314
843	1220	702	0	140
844	472	761	2	365
845	406	940	4	639
846	410	513	0	16
847	737	895	2	396
848	259	341	3	429
849	823	402	2	327
850	620	265	0	5
851	1084	896	2	386
852	774	950	2	392
853	540	1151	2	350
854	537	270	3	427
855	364	205	1	143
856	645	800	0	85
857	61	180	0	0
858	38	53	0	0
859	926	772	1	256
860	272	313	0	6
861	286	300	3	429
862	204	342	0	6
863	683	1151	3	561
864	1186	792	1	246
865	364	250	3	425
866	1363	1208	0	96
867	1180	776	1	247
868	1214	305	4	602
869	414	1110	1	207
870	557	621	2	305
871	501	948	3	499
872	156	215	2	282
873	1093	1084	1	237
874	553	158	0	4
875	539	985	1	218
876	768	185	3	460
877	849	225	4	600
878	523	215	2	286
879	233	1170	3	487
880	1107	744	4	670
881	1115	1010	4	666
882	178	68	1	141
883	180	501	1	149
884	700	1171	1	279
885	56	1347	3	487
886	659	257	1	278
887	1264	1164	0	96
888	984	818	4	676
889	889	1192	3	522
890	257	422	4	571
891	1335	219	3	455
892	166	1118	1	205
893	187	149	0	0
894	406	508	4	580
895	192	1063	2	352
896	175	32	0	0
897	726	983	4	674
898	17	36	0	0
899	350	146	1	142
900	586	433	0	18
901	1255	1297	3	519
902	832	589	1	195
903	497	385	4	576
904	75	281	4	564
905	664	1085	3	561
906	885	1101	4	663
907	672	252	2	419
908	968	975	4	671
909	743	1086	3	524
910	1196	899	0	104
911	7	238	0	0
912	179	829	3	496
913	1351	66	1	173
914	260	740	1	215
915	597	576	4	584
916	1186	897	3	527
917	1084	652	2	422
918	133	285	0	0
919	1178	964	4	667
920	178	1159	0	64
921	689	276	3	560
922	401	602	4	581
923	57	1365	2	346
924	442	1221	0	67
925	182	1206	0	64
926	679	210	3	560
927	1249	1150	4	660
928	720	190	1	178
929	163	1265	0	64
930	1213	26	0	32
931	1095	492	0	40
932	240	1292	1	205
933	1162	280	3	455
934	1004	1107	3	521
935	291	1118	1	206
936	258	305	0	6
937	542	197	0	4
938	498	732	3	506
939	198	235	0	0
940	424	600	3	440
941	410	808	0	80
942	600	810	0	84
943	1153	206	4	596
944	1111	934	4	668
945	796	725	1	260
946	408	418	0	11
947	160	278	0	0
948	673	1191	3	561
949	1271	92	1	173
950	636	498	3	441
951	640	396	3	437
952	1210	510	4	605
953	1190	234	3	455
954	1235	24	0	32
955	209	959	1	212
956	720	1214	2	383
957	256	597	0	10
958	907	599	4	615
959	1132	1235	1	237
960	990	955	1	248
961	225	616	3	433
962	374	161	3	425
963	221	71	4	564
964	1108	954	4	667
965	806	207	1	177
966	1294	139	1	173
967	1335	1150	2	378
968	303	145	2	283
969	975	1183	4	662
970	497	614	2	301
971	1178	336	4	602
972	176	392	1	148
973	983	969	2	389
974	728	1169	2	383
975	188	450	3	431
976	978	853	2	394
977	1230	1362	2	378
978	334	1139	1	206
979	1259	263	0	32
980	1162	1252	4	660
981	728	242	0	37
982	1301	116	0	32
983	189	428	1	148
984	191	548	4	573
985	8	1140	4	628
986	463	428	3	435
987	1154	1091	2	378
988	44	144	0	0
989	1348	177	3	455
990	1257	271	0	32
991	914	1179	1	240
992	399	407	1	152
993	999	639	3	472
994	996	619	1	190
995	774	889	4	678
996	956	623	2	331
997	1220	218	0	32
998	232	356	1	147
999	806	942	2	391
1000	1142	627	0	42
1001	1147	192	0	32
1002	1266	162	1	173
1003	158	75	1	141
1004	1120	926	1	245
1005	77	187	3	423
1006	590	568	3	443
1007	1112	23	2	314
1008	192	634	1	151
1009	590	408	2	296
1010	276	506	4	573
1011	768	936	2	392
1012	1304	1366	1	237
1013	1019	1102	3	520
1014	1205	1348	3	519
1015	154	555	4	573
1016	23	272	1	141
1017	582	441	3	441
1018	242	297	0	6
1019	1146	1060	3	525
1020	252	1260	4	628
1021	445	631	4	583
1022	148	599	4	574
1023	1139	372	2	321
1024	812	1098	2	382
1025	1066	1182	0	97
1026	84	1335	3	487
1027	465	1082	3	490
1028	723	244	4	601
1029	652	1165	1	279
1030	1219	774	4	670
1031	725	925	1	255
1032	1088	905	0	104
1033	396	1174	1	207
1034	497	1190	4	631
1035	45	47	4	564
1036	648	251	3	428
1037	420	801	3	503
1038	579	161	2	287
1039	1146	1316	0	96
1040	272	646	0	10
1041	963	733	1	254
1042	197	85	0	0
1043	196	1212	4	628
1044	1341	87	0	32
1045	1198	247	4	596
1046	1363	1289	3	519
1047	252	329	0	6
1048	395	217	4	566
1049	1142	872	0	104
1050	1128	1335	3	519
1051	54	1105	1	205
1052	1103	743	1	247
1053	211	483	3	431
1054	520	283	1	145
1055	1095	1021	1	243
1056	990	277	3	457
1057	62	1214	2	346
1058	1104	807	0	105
1059	175	161	0	0
1060	645	1104	2	351
1061	1329	1332	1	237
1062	1348	1318	1	237
1063	385	816	2	362
1064	919	1115	0	99
1065	1363	25	2	314
1066	1002	981	1	248
1067	47	1275	1	205
1068	91	1348	1	205
1069	738	1173	2	383
1070	986	764	4	677
1071	283	1146	0	64
1072	404	1156	3	489
1073	916	183	2	317
1074	169	605	1	151
1075	431	1153	0	66
1076	543	1147	1	209
1077	1169	1040	2	384
1078	233	1134	4	628
1079	1316	1162	2	378
1080	1097	845	2	387
1081	19	1213	3	487
1082	1084	863	0	105
1083	879	1101	1	240
1084	1131	1079	1	243
1085	68	1125	0	64
1086	998	903	1	252
1087	1137	299	3	461
1088	248	374	2	289
1089	890	1108	1	240
1090	956	795	2	394
1091	1140	1152	0	96
1092	923	1113	3	522
1093	343	1085	4	629
1094	1178	1359	2	378
1095	1102	733	2	388
1096	775	818	1	257
1097	221	1114	3	487
1098	1149	515	3	464
1099	795	155	2	318
1100	615	193	3	428
1101	1340	1138	1	237
1102	1096	1112	1	237
1103	581	949	4	642
1104	275	1328	0	64
1105	1163	951	1	244
1106	124	1323	1	205
1107	38	1108	4	628
1108	1136	377	4	603
1109	676	1159	2	420
1110	336	1151	2	347
1111	266	879	1	213
1112	282	310	0	6
1113	976	392	2	325
1114	729	875	3	537
1115	369	736	1	222
1116	913	245	2	317
1117	1114	1256	3	519
1118	580	1082	0	69
1119	1205	738	4	670
1120	1170	1192	4	660
1121	915	173	2	317
1122	172	595	0	10
1123	936	464	3	470
1124	189	378	1	148
1125	188	803	0	73
1126	279	783	3	497
1127	448	1193	2	349
1128	287	1129	1	205
1129	158	531	1	150
1130	864	221	1	176
1131	1016	1193	0	97
1132	1119	835	0	105
1133	1223	754	0	106
1134	859	1222	3	523
1135	219	677	2	421
1136	270	1136	3	487
1137	1252	125	0	32
1138	781	836	0	116
1139	900	1194	1	240
1140	1313	1276	4	660
1141	647	1008	0	78
1142	1112	1147	4	660
1143	637	939	0	78
1144	582	246	4	569
1145	952	177	1	175
1146	1234	1306	0	96
1147	1094	354	0	38
1148	337	1175	3	488
1149	170	980	0	71
1150	158	1012	3	493
1151	347	178	1	142
1152	1194	308	2	320
1153	772	1162	0	101
1154	908	635	1	192
1155	1107	929	4	668
1156	762	818	4	680
1157	209	1172	2	346
1158	1047	1085	4	661
1159	1003	745	2	395
1160	960	198	4	598
1161	193	1045	0	70
1162	594	1145	3	492
1163	1166	741	3	529
1164	1134	396	2	321
1165	412	957	4	639
1166	638	927	0	82
1167	584	523	1	161
1168	939	232	1	175
1169	1119	1179	3	519
1170	1178	869	2	386
1171	945	628	1	190
1172	180	671	1	280
1173	196	566	0	9
1174	1346	6	1	173
1175	89	1278	0	64
1176	252	1026	0	70
1177	243	406	0	7
1178	1169	928	4	668
1179	635	256	0	5
1180	473	598	0	19
1181	1170	487	1	181
1182	1118	817	2	387
1183	982	422	2	325
1184	1001	1098	3	521
1185	1001	951	4	671
1186	724	911	3	537
1187	1233	188	1	173
1188	183	1179	0	64
1189	1169	527	1	182
1190	567	1211	0	68
1191	1151	516	2	323
1192	417	520	3	439
1193	743	411	1	187
1194	112	1157	1	205
1195	1220	1104	0	96
1196	1271	126	4	596
1197	1106	1330	3	519
1198	386	1141	3	489
1199	921	432	4	608
1200	1268	35	1	173
1201	640	951	3	501
1202	268	1069	4	634
1203	889	1212	1	240
1204	772	386	2	328
1205	934	170	0	35
1206	1009	287	2	315
1207	261	59	1	141
1208	733	873	2	396
1209	427	616	4	581
1210	1175	1016	0	102
1211	541	417	2	295
1212	193	1271	1	205
1213	1023	206	4	597
1214	1135	305	3	461
1215	1083	312	2	320
1216	252	1217	2	346
1217	949	977	2	389
1218	554	783	3	509
1219	1227	1198	0	96
1220	1250	1233	2	378
1221	852	209	1	177
1222	1224	1300	2	378
1223	1091	986	0	103
1224	363	1190	3	489
1225	403	634	4	581
1226	890	629	3	474
1227	264	1294	3	487
1228	986	565	4	612
1229	281	707	1	280
1230	1359	6	4	596
1231	1167	1303	4	660
1232	1189	960	1	244
1233	254	962	1	212
1234	157	276	1	141
1235	147	708	2	421
1236	1268	1213	3	519
1237	439	360	3	435
1238	389	396	3	434
1239	881	615	0	51
1240	82	1314	1	205
1241	804	939	1	250
1242	1085	678	3	563
1243	984	414	1	184
1244	995	378	4	607
1245	846	778	3	541
1246	177	151	0	0
1247	752	1123	4	665
1248	1321	1218	2	378
1249	38	1291	2	346
1250	666	207	1	278
1251	1250	1359	0	96
1252	245	98	3	423
1253	480	1157	0	67
1254	1052	231	3	456
1255	278	968	2	353
1256	1250	1117	2	378
1257	1305	40	4	596
1258	256	38	2	282
1259	625	460	2	300
1260	1064	287	3	456
1261	1322	239	0	32
1262	183	865	0	72
1263	809	1123	4	664
1264	272	199	1	141
1265	1198	946	0	103
1266	287	102	2	282
1267	226	539	4	573
1268	287	811	3	496
1269	161	150	2	282
1270	653	235	2	419
1271	1145	541	3	464
1272	335	212	0	1
1273	717	1146	0	138
1274	1335	124	3	455
1275	825	735	3	542
1276	35	1241	3	487
1277	381	271	4	566
1278	1208	1042	0	102
1279	866	269	2	317
1280	46	1255	1	205
1281	192	383	1	148
1282	708	240	0	137
1283	1091	588	0	42
1284	1133	1006	1	244
1285	173	601	1	151
1286	239	1001	2	353
1287	553	1169	4	632
1288	13	1352	0	64
1289	1292	270	1	173
1290	733	478	1	191
1291	68	229	4	564
1292	1146	69	3	455
1293	803	1174	4	664
1294	219	36	3	423
1295	538	1101	0	68
1296	489	593	0	19
1297	800	644	2	337
1298	49	72	4	564
1299	1292	56	0	32
1300	182	1324	4	628
1301	265	968	2	353
1302	36	195	3	423
1303	1100	224	3	455
1304	1160	1157	0	96
1305	1037	1164	1	238
1306	86	183	2	282
1307	29	99	2	282
1308	258	589	1	151
1309	228	1181	1	205
1310	463	959	4	640
1311	1128	250	3	455
1312	1155	887	4	668
1313	169	693	0	139
1314	214	1066	1	211
1315	367	1112	3	489
1316	185	173	4	564
1317	410	375	0	11
1318	267	756	2	356
1319	398	163	2	284
1320	581	900	0	82
1321	651	1123	1	279
1322	248	823	2	355
1323	774	151	3	460
1324	172	303	3	429
1325	1172	86	1	173
1326	812	203	2	318
1327	38	1082	4	628
1328	65	256	1	141
1329	1238	1182	2	378
1330	901	1081	0	99
1331	549	786	4	650
1332	100	1287	2	346
1333	1329	179	3	455
1334	651	1134	0	138
1335	1353	37	3	455
1336	995	634	2	331
1337	450	197	2	285
1338	657	1114	3	561
1339	1336	101	1	173
1340	1344	241	2	314
1341	962	1149	2	380
1342	677	149	2	419
1343	572	1176	0	68
1344	89	1114	1	205
1345	1085	733	3	529
1346	147	660	4	703
1347	974	415	2	325
1348	1341	1130	0	96
1349	1091	33	4	596
1350	1194	57	2	314
1351	1340	209	0	32
1352	1226	272	1	173
1353	563	957	1	218
1354	4	1279	3	487
1355	951	482	4	611
1356	1075	247	4	597
1357	122	1233	2	346
1358	770	153	0	37
1359	282	783	3	497
1360	1210	434	1	181
1361	181	1324	2	346
1362	1104	308	0	38
1363	909	368	1	185
1364	56	1167	0	64
1365	1175	972	2	385
1366	142	1147	1	205
1367	1179	1085	2	378
1368	277	1267	2	346
1369	226	7	3	423
1370	938	246	0	34
1371	99	18	4	564
1372	185	352	2	288
1373	1128	574	4	605
1374	1304	236	3	455
1375	87	178	2	282
1376	1223	215	1	173
1377	336	200	0	1
1378	211	1148	1	205
1379	777	1139	3	524
1380	235	349	2	288
1381	1291	182	0	32
1382	837	1098	2	382
1383	471	166	0	3
1384	1331	1172	2	378
1385	425	566	3	439
1386	458	1118	4	631
1387	267	787	4	638
1388	262	370	0	7
1389	600	469	3	441
1390	525	412	1	154
1391	43	1230	4	628
1392	696	1187	3	561
1393	176	713	0	139
1394	1129	1046	4	666
1395	191	721	4	638
1396	1111	106	1	173
1397	446	751	4	647
1398	60	234	3	423
1399	157	350	4	570
1400	180	536	0	9
1401	136	1126	4	628
1402	886	1007	0	108
1403	176	512	3	432
1404	555	237	4	568
1405	113	1219	2	346
1406	630	806	4	649
1407	45	1349	0	64
1408	539	381	1	154
1409	370	1146	2	348
1410	1146	177	3	455
1411	198	1184	4	628
1412	83	92	2	282
1413	1293	1253	1	237
1414	253	253	3	423
1415	788	501	2	332
1416	633	989	2	360
1417	231	408	4	571
1418	70	183	1	141
1419	143	1118	1	205
1420	207	979	3	494
1421	280	258	2	282
1422	95	95	2	282
1423	919	1110	4	663
1424	1364	1273	2	378
1425	156	917	1	213
1426	234	708	2	421
1427	230	1235	4	628
1428	971	992	0	107
1429	265	18	2	282
1430	476	1200	3	490
1431	90	98	4	564
1432	241	1074	0	70
1433	866	232	1	176
1434	1214	717	4	704
1435	629	490	3	441
1436	618	1080	3	492
1437	548	615	4	587
1438	1068	238	1	174
1439	73	201	4	564
1440	996	365	2	325
1441	146	517	2	291
1442	620	399	0	14
1443	460	581	1	160
1444	286	1333	4	628
1445	1158	3	4	596
1446	156	198	4	564
1447	273	508	2	291
1448	258	600	3	433
1449	1174	559	1	182
1450	989	964	1	248
1451	246	1050	2	352
1452	1249	154	4	596
1453	988	473	4	611
1454	195	1162	2	346
1455	1213	628	1	183
1456	60	172	0	0
1457	1085	581	4	606
1458	701	1094	3	561
1459	60	155	3	423
1460	771	1189	1	242
1461	763	985	4	674
1462	558	374	1	154
1463	1017	260	2	315
1464	495	390	4	576
1465	9	1183	4	628
1466	1359	1174	4	660
1467	1183	1360	3	519
1468	102	85	4	564
1469	634	209	1	146
1470	867	620	0	51
1471	1191	24	0	32
1472	1256	249	2	314
1473	123	156	4	564
1474	1244	75	3	455
1475	731	828	3	540
1476	150	1230	2	346
1477	724	148	0	37
1478	1085	907	1	245
1479	89	227	0	0
1480	464	606	0	19
1481	1265	1226	3	519
1482	1180	928	4	668
1483	561	978	2	359
1484	167	1215	1	205
1485	222	846	0	73
1486	427	1134	4	630
1487	488	1088	0	67
1488	937	952	3	530
1489	416	1208	3	489
1490	1367	1343	0	96
1491	1349	1286	2	378
1492	278	749	1	215
1493	288	170	0	0
1494	938	633	3	472
1495	737	940	0	110
1496	1153	1284	0	96
1497	1211	234	1	173
1498	1154	711	3	563
1499	1105	328	2	320
1500	213	521	2	291
1501	260	94	4	564
1502	618	278	2	287
1503	1004	525	3	471
1504	771	1137	1	242
1505	255	23	0	0
1506	1100	578	1	183
1507	901	955	1	249
1508	33	170	1	141
1509	83	42	0	0
1510	942	283	4	598
1511	997	154	0	34
1512	1203	986	3	526
1513	247	63	0	0
1514	206	942	3	494
1515	223	184	3	423
1516	1352	1137	2	378
1517	1316	1207	3	519
1518	141	1187	2	346
1519	165	58	1	141
1520	1271	1203	2	378
1521	820	1095	3	523
1522	260	673	0	139
1523	242	1161	3	487
1524	1213	466	2	322
1525	185	378	1	148
1526	145	115	4	564
1527	175	496	4	572
1528	1172	588	4	606
1529	384	458	1	156
1530	993	473	3	470
1531	926	619	2	333
1532	576	412	1	154
1533	1349	132	0	32
1534	1259	1341	0	96
1535	520	1201	2	350
1536	1179	1226	4	660
1537	1159	1329	0	96
1538	802	383	0	45
1539	896	1112	2	381
1540	774	976	3	533
1541	82	181	3	423
1542	288	350	3	429
1543	225	974	1	212
1544	273	177	0	0
1545	82	204	0	0
1546	229	1350	3	487
1547	542	1119	1	209
1548	272	1063	0	70
1549	636	428	2	296
1550	1176	339	0	38
1551	80	1227	3	487
1552	66	127	1	141
1553	12	255	0	0
1554	1181	200	2	314
1555	404	443	3	438
1556	1200	110	1	173
1557	1198	126	1	173
1558	1075	1135	0	97
1559	345	1216	1	206
1560	1188	137	2	314
1561	897	1123	0	99
1562	273	390	2	289
1563	166	1018	3	493
1564	799	940	2	391
1565	565	267	4	568
1566	623	1181	4	633
1567	190	759	0	74
1568	965	611	4	613
1569	713	225	0	137
1570	268	778	2	356
1571	1097	1144	0	96
1572	838	252	2	318
1573	271	207	2	282
1574	974	797	2	394
1575	0	1109	2	346
1576	40	1095	0	64
1577	965	399	1	184
1578	260	778	3	497
1579	895	198	3	458
1580	1287	128	0	32
1581	706	1122	3	561
1582	1292	1337	1	237
1583	875	622	0	51
1584	263	618	1	151
1585	563	171	1	145
1586	1	1182	2	346
1587	770	924	2	396
1588	150	1014	1	211
1589	316	160	4	565
1590	1118	1187	4	660
1591	146	1209	2	346
1592	104	24	0	0
1593	929	993	2	390
1594	200	1359	4	628
1595	1267	264	3	455
1596	506	184	2	286
1597	361	196	1	143
1598	137	37	1	141
1599	1153	811	0	105
1600	155	76	4	564
1601	354	1221	4	629
1602	1091	284	4	596
1603	644	1188	0	69
1604	201	692	2	421
1605	885	724	3	538
1606	1169	399	0	39
1607	16	0	4	564
1608	195	146	4	564
1609	721	362	2	328
1610	227	1229	3	487
1611	1292	252	1	173
1612	429	268	4	566
1613	257	1090	0	64
1614	1277	132	0	32
1615	541	962	1	218
1616	247	843	0	73
1617	14	92	0	0
1618	846	378	0	45
1619	116	146	2	282
1620	18	155	0	0
1621	116	1255	2	346
1622	185	328	4	570
1623	852	201	0	36
1624	177	817	3	496
1625	1218	778	2	388
1626	1099	169	4	596
1627	982	270	1	175
1628	1178	122	2	314
1629	1020	162	1	174
1630	823	157	1	177
1631	223	1127	3	487
1632	1128	537	3	464
1633	231	739	1	215
1634	961	1124	3	521
1635	259	1021	4	634
1636	1235	71	0	32
1637	161	973	1	212
1638	1183	1285	1	237
1639	389	226	3	425
1640	879	598	1	192
1641	1164	999	3	526
1642	17	1113	0	64
1643	382	221	2	284
1644	69	150	1	141
1645	794	940	4	673
1646	479	265	4	567
1647	876	146	0	35
1648	1185	632	4	606
1649	175	950	2	353
1650	862	1179	4	664
1651	267	972	4	635
1652	1115	164	3	455
1653	729	473	3	473
1654	548	792	2	368
1655	461	284	0	3
1656	192	831	3	496
1657	188	1034	4	634
1658	254	714	0	139
1659	245	28	2	282
1660	976	932	3	534
1661	1284	135	4	596
1662	194	186	2	282
1663	34	204	2	282
1664	1143	109	1	173
1665	1231	88	4	596
1666	641	564	2	303
1667	249	464	0	8
1668	228	131	0	0
1669	1210	292	0	38
1670	379	1140	0	66
1671	774	1115	1	242
1672	279	876	0	72
1673	736	368	0	46
1674	388	524	3	439
1675	147	100	3	423
1676	953	597	0	49
1677	1001	544	3	471
1678	36	43	4	564
1679	411	258	0	2
1680	1113	969	1	244
1681	237	775	2	356
1682	1153	275	1	173
1683	285	1291	4	628
1684	261	1203	3	487
1685	465	721	3	506
1686	478	212	3	426
1687	1084	283	3	455
1688	813	593	4	618
1689	578	906	3	505
1690	1145	743	2	388
1691	165	193	3	423
1692	245	752	0	74
1693	188	1244	0	64
1694	120	1107	0	64
1695	978	747	2	395
1696	532	264	0	4
1697	512	152	1	145
1698	1012	1166	4	661
1699	444	996	2	358
1700	1117	210	4	596
1701	405	434	1	156
1702	104	102	4	564
1703	576	199	3	427
1704	5	1338	3	487
1705	562	957	3	500
1706	457	391	1	153
1707	941	389	3	466
1708	217	1126	2	346
1709	1312	1258	3	519
1710	203	958	3	494
1711	136	1124	3	487
1712	968	896	2	393
1713	987	1182	2	380
1714	686	1195	4	702
1715	1188	941	4	667
1716	1156	1199	2	378
1717	430	211	0	2
1718	812	1204	0	100
1719	121	65	0	0
1720	1167	932	0	104
1721	172	51	1	141
1722	1269	1098	0	96
1723	592	984	0	78
1724	569	383	2	295
1725	428	217	0	2
1726	635	453	3	441
1727	1301	1208	3	519
1728	28	26	3	423
1729	611	827	1	225
1730	975	1140	1	239
1731	1108	1116	0	96
1732	885	1159	1	240
1733	125	9	1	141
1734	1201	115	0	32
1735	667	192	2	419
1736	1304	1172	1	237
1737	804	207	2	318
1738	265	416	3	430
1739	1235	172	3	455
1740	970	1162	3	521
1741	1188	217	3	455
1742	480	786	4	647
1743	151	28	2	282
1744	987	1116	2	380
1745	982	960	0	107
1746	1270	1276	2	378
1747	574	596	3	445
1748	186	1364	2	346
1749	726	1004	2	392
1750	1000	1132	1	239
1751	1230	151	0	32
1752	1206	694	3	563
1753	882	265	3	458
1754	713	239	2	419
1755	923	773	3	538
1756	579	394	4	578
1757	251	241	4	564
1758	1006	590	0	49
1759	1161	97	1	173
1760	122	124	4	564
1761	881	614	2	333
1762	201	915	4	636
1763	594	1212	1	210
1764	440	218	0	3
1765	1317	129	2	314
1766	268	1155	0	64
1767	374	881	2	361
1768	711	1120	0	138
1769	757	220	1	178
1770	873	953	2	390
1771	1322	18	0	32
1772	212	944	0	71
1773	382	722	1	222
1774	99	1319	2	346
1775	941	1214	0	98
1776	684	169	4	701
1777	287	72	1	141
1778	880	1215	4	663
1779	759	263	3	460
1780	878	281	3	458
1781	236	163	0	0
1782	865	989	2	390
1783	277	1200	3	487
1784	158	344	1	147
1785	363	264	4	566
1786	21	1216	0	64
1787	1293	1187	0	96
1788	1147	795	1	246
1789	1015	1099	1	238
1790	280	1059	4	634
1791	1183	1068	2	384
1792	591	925	3	505
1793	1118	758	1	247
1794	876	975	2	390
1795	1102	1071	2	384
1796	1249	1206	3	519
1797	1295	76	3	455
1798	1124	968	0	103
1799	820	1221	1	241
1800	274	665	2	421
1801	561	277	4	568
1802	69	1086	3	487
1803	150	740	2	356
1804	191	185	2	282
1805	51	1100	2	346
1806	576	925	0	82
1807	691	156	1	278
1808	729	486	3	473
1809	193	1044	1	211
1810	1302	92	1	173
1811	1193	624	1	183
1812	1140	862	4	669
1813	444	596	0	19
1814	860	279	1	177
1815	236	154	0	0
1816	426	397	0	11
1817	442	1125	0	67
1818	1233	1241	0	96
1819	1081	825	4	669
1820	126	1236	3	487
1821	684	285	4	701
1822	1171	1054	3	525
1823	237	606	3	433
1824	472	1141	3	490
1825	1339	170	1	173
1826	200	163	0	0
1827	272	912	0	72
1828	173	1050	4	634
1829	250	1367	1	205
1830	1199	486	0	40
1831	1208	1285	3	519
1832	1145	952	2	385
1833	1125	1180	4	660
1834	330	243	2	283
1835	391	263	3	425
1836	202	74	3	423
1837	565	770	2	368
1838	1351	1274	0	96
1839	78	1134	2	346
1840	249	371	3	430
1841	877	604	4	615
1842	393	191	2	284
1843	171	1333	4	628
1844	543	640	1	164
1845	621	1208	1	210
1846	991	572	2	330
1847	951	240	2	316
1848	215	840	3	496
1849	1281	149	3	455
1850	184	536	3	432
1851	1158	938	0	103
1852	497	619	0	19
1853	531	615	0	23
1854	972	281	0	34
1855	715	247	2	419
1856	1239	56	0	32
1857	370	733	2	363
1858	1293	278	4	596
1859	638	960	1	219
1860	1154	957	2	385
1861	968	802	2	394
1862	640	536	1	162
1863	1004	245	1	175
1864	1081	734	2	388
1865	804	729	2	401
1866	663	242	2	419
1867	580	569	0	20
1868	191	754	2	356
1869	35	153	3	423
1870	965	897	2	393
1871	1222	1155	3	519
1872	135	137	3	423
1873	377	507	4	580
1874	104	138	3	423
1875	1262	1352	0	96
1876	532	599	2	304
1877	370	588	0	17
1878	821	252	1	177
1879	191	1270	0	64
1880	156	1165	4	628
1881	1017	168	0	33
1882	772	455	4	614
1883	1007	434	4	611
1884	97	1131	2	346
1885	805	999	2	391
1886	878	992	4	672
1887	217	649	1	280
1888	1096	1045	1	243
1889	1161	1222	0	96
1890	625	922	0	82
1891	1148	674	1	281
1892	1184	814	3	528
1893	418	778	4	645
1894	164	677	1	280
1895	776	212	3	460
1896	505	1086	0	68
1897	850	203	4	600
1898	1192	1309	2	378
1899	1305	1294	4	660
1900	303	1108	0	65
1901	1013	179	4	597
1902	968	751	3	536
1903	1234	166	0	32
1904	183	822	0	73
1905	937	983	0	107
1906	194	705	3	562
1907	269	264	1	141
1908	1090	1174	2	378
1909	845	638	0	55
1910	58	100	2	282
1911	731	421	4	610
1912	844	249	4	600
1913	127	153	0	0
1914	744	156	4	601
1915	834	164	4	600
1916	1108	481	3	463
1917	1221	305	1	179
1918	208	397	0	7
1919	172	613	4	574
1920	947	242	3	457
1921	976	890	3	534
1922	216	8	2	282
1923	726	238	0	37
1924	884	377	1	185
1925	168	755	4	638
1926	655	1208	3	561
1927	377	848	4	644
1928	1141	52	0	32
1929	151	1367	4	628
1930	1117	38	1	173
1931	681	1187	2	420
1932	947	147	0	34
1933	1157	73	0	32
1934	547	196	3	427
1935	1261	1359	0	96
1936	1218	921	3	527
1937	968	614	3	472
1938	888	791	4	679
1939	861	181	4	600
1940	162	1210	1	205
1941	1115	949	1	244
1942	756	1222	2	383
1943	993	391	1	184
1944	533	950	1	218
1945	383	984	4	639
1946	1189	696	1	281
1947	532	172	2	286
1948	1095	1301	4	660
1949	1174	798	4	669
1950	578	474	3	441
1951	1222	379	1	180
1952	1203	1241	4	660
1953	64	238	4	564
1954	149	996	0	71
1955	140	23	2	282
1956	1110	1264	4	660
1957	792	443	3	473
1958	655	167	0	137
1959	1157	66	2	314
1960	784	233	4	601
1961	1364	1305	3	519
1962	1158	555	2	323
1963	638	1006	2	360
1964	376	153	2	284
1965	606	530	2	302
1966	1200	512	0	41
1967	732	379	0	46
1968	1329	1267	0	96
1969	1207	490	2	322
1970	164	1316	4	628
1971	1287	1324	4	660
1972	232	646	4	574
1973	1129	472	0	40
1974	193	1135	0	64
1975	196	1323	0	64
1976	879	773	4	679
1977	487	636	1	160
1978	593	1083	0	69
1979	542	973	0	77
1980	504	177	4	567
1981	51	192	3	423
1982	398	727	2	363
1983	1251	1121	1	237
1984	483	731	0	83
1985	469	206	2	285
1986	587	252	1	146
1987	21	187	2	282
1988	824	971	1	250
1989	876	1221	1	240
1990	462	179	2	285
1991	553	424	0	13
1992	1000	400	4	607
1993	1119	676	1	281
1994	379	745	1	222
1995	647	491	3	441
1996	1084	507	1	182
1997	866	151	4	599
1998	887	1163	3	522
1999	876	219	1	176
2000	97	162	2	282
2001	75	1247	2	346
2002	875	972	4	672
2003	239	845	4	637
2004	372	553	1	157
2005	595	816	4	648
2006	764	1147	3	524
2007	391	482	3	438
2008	119	1107	3	487
2009	171	1338	2	346
2010	129	20	3	423
2011	828	1223	1	241
2012	264	1133	1	205
2013	570	374	1	154
2014	283	1270	0	64
2015	1160	490	3	463
2016	1290	253	0	32
2017	196	961	2	353
2018	72	152	4	564
2019	948	771	2	395
2020	197	125	4	564
2021	1006	399	2	325
2022	40	1220	0	64
2023	949	870	0	111
2024	249	253	0	0
2025	1273	1140	3	519
2026	900	1149	4	663
2027	1156	315	0	38
2028	1301	124	3	455
2029	367	185	3	425
2030	270	718	0	139
2031	97	180	3	423
2032	67	167	2	282
2033	1071	153	1	174
2034	454	950	3	499
2035	248	1037	3	493
2036	1193	1343	0	96
2037	972	898	2	393
2038	145	564	1	150
2039	1266	30	3	455
2040	1058	1200	4	661
2041	1091	715	4	704
2042	1181	4	1	173
2043	454	1154	4	631
2044	940	449	1	188
2045	968	545	3	471
2046	1142	607	1	183
2047	213	1115	1	205
2048	1180	981	1	244
2049	1103	536	1	182
2050	367	1086	1	207
2051	816	417	0	45
2052	1315	97	4	596
2053	596	1132	2	351
2054	1320	1147	2	378
2055	952	734	0	113
2056	844	745	1	260
2057	609	383	2	296
2058	1351	170	1	173
2059	1154	90	0	32
2060	1277	1234	4	660
2061	1202	1236	0	96
2062	207	284	3	423
2063	77	262	2	282
2064	1115	1319	3	519
2065	175	1168	2	346
2066	842	1184	3	523
2067	1048	229	1	174
2068	1221	1051	4	666
2069	82	131	4	564
2070	1033	158	3	456
2071	40	123	0	0
2072	387	767	0	81
2073	484	780	0	83
2074	1146	1278	0	96
2075	154	714	2	421
2076	825	1197	0	100
2077	219	880	3	495
2078	279	1343	1	205
2079	792	867	2	396
2080	283	421	2	289
2081	1271	1160	4	660
2082	489	961	2	358
2083	1089	76	0	32
2084	1209	1133	2	378
2085	787	928	2	396
2086	398	963	3	498
2087	95	1271	1	205
2088	1100	888	4	668
2089	1313	1262	2	378
2090	284	676	0	139
2091	938	1154	1	239
2092	1275	275	1	173
2093	972	414	3	466
2094	864	194	0	35
2095	1133	1352	3	519
2096	334	154	2	283
2097	1085	33	2	314
2098	773	536	3	475
2099	1223	834	2	387
2100	913	185	0	35
2101	36	1223	2	346
2102	1135	813	0	105
2103	953	259	1	175
2104	1167	430	1	180
2105	54	99	0	0
2106	1146	1037	4	666
2107	338	172	4	565
2108	173	649	0	139
2109	1106	771	2	388
2110	907	747	2	397
2111	401	443	0	15
2112	622	544	0	21
2113	191	21	2	282
2114	203	446	1	149
2115	414	898	2	361
2116	247	396	2	289
2117	1158	808	0	105
2118	1100	686	4	704
2119	259	132	4	564
2120	1179	1195	0	96
2121	982	469	2	329
2122	1147	1156	3	519
2123	864	599	2	333
2124	235	375	0	7
2125	44	67	1	141
2126	266	1219	2	346
2127	1223	713	4	704
2128	384	532	0	16
2129	104	1258	3	487
2130	355	1169	4	629
2131	222	380	0	7
2132	186	334	2	288
2133	981	834	3	535
2134	487	1162	4	631
2135	1216	988	4	667
2136	1106	963	3	526
2137	1134	950	0	103
2138	129	1330	4	628
2139	988	791	3	536
2140	279	635	2	292
2141	738	968	1	251
2142	1223	343	0	38
2143	1290	276	4	596
2144	596	526	2	302
2145	819	1133	2	382
2146	815	193	0	36
2147	841	642	3	478
2148	464	424	2	294
2149	739	953	1	251
2150	176	832	0	73
2151	250	507	3	432
2152	1175	202	0	32
2153	366	625	1	158
2154	787	1211	4	665
2155	1103	472	3	463
2156	261	596	3	433
2157	382	595	1	158
2158	810	1194	1	241
2159	450	393	0	12
2160	279	851	4	637
2161	674	270	4	701
2162	1209	1135	3	519
2163	75	1166	3	487
2164	230	860	3	496
2165	1056	256	3	456
2166	1183	997	3	526
2167	536	195	2	286
2168	1158	1198	3	519
2169	900	384	0	44
2170	894	728	4	679
2171	252	1015	4	634
2172	1171	1333	3	519
2173	193	1357	3	487
2174	1104	1103	2	378
2175	209	1204	4	628
2176	911	398	1	185
2177	954	1171	4	662
2178	1192	1231	0	96
2179	556	429	2	295
2180	1198	775	4	670
2181	1153	471	3	463
2182	458	233	3	426
2183	1315	1119	3	519
2184	1208	242	2	314
2185	229	100	0	0
2186	945	273	4	598
2187	1133	386	3	462
2188	1175	811	1	246
2189	249	267	3	423
2190	278	657	4	703
2191	191	540	1	150
2192	176	976	2	353
2193	176	1320	2	346
2194	90	1247	0	64
2195	211	941	1	212
2196	1234	148	0	32
2197	874	585	2	333
2198	146	164	0	0
2199	1154	22	1	173
2200	1204	1056	2	384
2201	430	642	1	158
2202	1113	297	2	320
2203	580	438	1	159
2204	1135	900	3	527
2205	191	635	3	433
2206	408	641	4	581
2207	573	1215	1	209
2208	1152	596	2	324
2209	361	605	0	17
2210	374	977	1	216
2211	1315	219	3	455
2212	1171	376	4	603
2213	278	480	3	431
2214	1104	400	2	321
2215	1273	1337	1	237
2216	1175	264	1	173
2217	202	283	4	564
2218	282	941	4	635
2219	729	260	2	319
2220	416	229	2	284
2221	738	927	1	255
2222	524	602	1	163
2223	1202	1220	0	96
2224	218	600	0	10
2225	282	194	3	423
2226	611	160	0	5
2227	1176	255	4	596
2228	1106	433	2	322
2229	234	578	0	10
2230	259	668	4	703
2231	122	1334	4	628
2232	216	632	1	151
2233	444	594	3	442
2234	1104	628	4	606
2235	187	1302	0	64
2236	450	982	0	76
2237	943	162	3	457
2238	1102	150	4	596
2239	1199	311	1	179
2240	1168	733	1	247
2241	840	648	4	619
2242	1102	1337	3	519
2243	323	288	0	1
2244	1220	1195	3	519
2245	582	425	2	296
2246	1201	1334	1	237
2247	595	363	0	14
2248	509	427	4	577
2249	538	768	1	227
2250	450	252	4	567
2251	1115	1051	3	525
2252	170	47	3	423
2253	1204	675	3	563
2254	347	202	1	142
2255	1113	605	2	324
2256	369	236	2	284
2257	1089	684	0	140
2258	475	276	1	144
2259	214	279	2	282
2260	324	1085	1	206
2261	62	147	4	564
2262	535	1112	4	632
2263	226	668	3	562
2264	809	393	3	468
2265	172	331	0	6
2266	340	228	2	283
2267	250	84	0	0
2268	246	1065	0	70
2269	733	1006	4	674
2270	277	512	3	432
2271	230	401	4	571
2272	471	170	1	144
2273	158	1251	4	628
2274	1298	226	2	314
2275	686	269	0	137
2276	1006	637	0	49
2277	175	419	0	7
2278	748	1191	2	383
2279	509	408	3	436
2280	567	421	3	436
2281	727	161	0	37
2282	231	745	1	215
2283	770	814	1	257
2284	1080	691	4	700
2285	963	258	2	316
2286	931	1088	1	240
2287	967	513	3	471
2288	379	798	4	644
2289	1196	404	4	603
2290	403	997	2	357
2291	377	1184	2	348
2292	1249	1328	4	660
2293	1196	892	4	668
2294	306	1117	0	65
2295	540	985	3	500
2296	949	989	2	389
2297	818	1094	2	382
2298	1122	29	3	455
2299	215	144	2	282
2300	1020	226	2	315
2301	165	378	1	148
2302	1156	919	3	527
2303	1114	284	4	596
2304	236	985	2	353
2305	340	1210	4	629
2306	1244	1230	2	378
2307	539	377	3	436
2308	160	788	2	356
2309	702	163	0	137
2310	1140	1197	3	519
2311	282	717	0	139
2312	331	275	0	1
2313	1156	804	3	528
2314	173	1359	1	205
2315	907	1005	3	531
2316	1349	165	2	314
2317	167	1284	1	205
2318	1292	1290	1	237
2319	820	421	4	609
2320	1196	440	1	181
2321	400	744	4	645
2322	1083	551	3	464
2323	982	565	2	330
2324	1234	34	4	596
2325	608	1161	4	633
2326	942	551	3	471
2327	799	726	2	401
2328	1346	86	1	173
2329	1168	774	4	670
2330	1123	840	0	105
2331	1083	379	1	180
2332	191	34	1	141
2333	710	1157	3	561
2334	601	815	0	84
2335	811	1122	3	523
2336	405	1173	0	66
2337	43	1149	4	628
2338	270	1160	3	487
2339	73	108	1	141
2340	1146	953	2	385
2341	724	233	1	178
2342	122	1352	1	205
2343	187	277	4	564
2344	387	360	0	11
2345	956	287	3	457
2346	223	457	1	149
2347	1220	305	4	602
2348	810	187	4	600
2349	1099	933	4	668
2350	793	639	1	196
2351	1111	1135	1	237
2352	1119	1181	0	96
2353	1117	846	3	528
2354	239	1225	2	346
2355	609	555	1	161
2356	724	213	0	37
2357	1168	1229	2	378
2358	1290	1224	1	237
2359	1304	202	0	32
2360	338	214	0	1
2361	923	784	2	397
2362	979	876	3	534
2363	1141	149	1	173
2364	1045	194	0	33
2365	886	200	4	599
2366	1196	812	3	528
2367	129	1336	0	64
2368	1290	237	0	32
2369	196	282	1	141
2370	10	1301	0	64
2371	377	1208	3	489
2372	1353	79	4	596
2373	1118	1187	0	96
2374	639	249	1	146
2375	264	400	2	289
2376	626	486	4	582
2377	228	1051	3	493
2378	224	1351	4	628
2379	149	469	4	572
2380	399	576	3	439
2381	498	381	3	435
2382	1336	85	2	314
2383	1221	179	1	173
2384	214	670	1	280
2385	836	432	4	609
2386	1205	439	2	322
2387	906	1211	3	522
2388	686	1178	1	279
2389	172	1154	1	205
2390	772	1144	4	665
2391	1164	688	4	704
2392	1102	251	0	32
2393	1294	1252	1	237
2394	814	405	0	45
2395	1292	1197	0	96
2396	1366	1331	0	96
2397	1164	564	1	182
2398	996	768	0	113
2399	225	295	3	429
2400	265	860	3	496
2401	1186	57	3	455
2402	1192	627	0	42
2403	1227	216	4	596
2404	1097	1355	1	237
2405	735	396	1	187
2406	1238	1252	0	96
2407	68	1137	4	628
2408	831	380	3	468
2409	178	138	2	282
2410	236	451	3	431
2411	146	849	4	637
2412	906	975	2	390
2413	1359	1294	2	378
2414	188	162	3	423
2415	208	855	2	355
2416	655	276	0	137
2417	1006	255	4	598
2418	1223	211	0	32
2419	937	778	0	113
2420	805	217	4	600
2421	691	158	4	701
2422	177	28	3	423
2423	1279	1197	2	378
2424	156	1363	1	205
2425	871	156	3	458
2426	1007	431	0	43
2427	899	1211	3	522
2428	268	1014	3	493
2429	94	1335	4	628
2430	496	194	0	3
2431	593	809	1	225
2432	185	690	3	562
2433	121	84	2	282
2434	164	319	1	147
2435	1251	1159	3	519
2436	467	201	0	3
2437	831	1161	4	664
2438	718	204	3	560
2439	1154	858	2	387
2440	1107	58	0	32
2441	950	234	2	316
2442	274	776	3	497
2443	204	648	0	10
2444	775	814	2	398
2445	80	182	3	423
2446	871	283	1	176
2447	844	1150	4	664
2448	577	253	3	428
2449	235	933	1	213
2450	1232	199	2	314
2451	163	1078	3	493
2452	781	278	1	178
2453	931	1193	3	522
2454	362	402	0	11
2455	721	980	3	533
2456	1247	195	4	596
2457	647	458	0	18
2458	162	1141	4	628
2459	535	1179	4	632
2460	246	338	3	429
2461	60	185	2	282
2462	489	966	0	76
2463	980	204	2	316
2464	1148	1168	0	96
2465	39	1229	2	346
2466	72	1154	2	346
2467	159	1064	3	493
2468	1136	411	1	180
2469	1212	1230	0	96
2470	996	942	0	107
2471	945	858	3	535
2472	306	174	4	565
2473	650	229	1	278
2474	1128	760	4	670
2475	1101	124	4	596
2476	595	953	1	219
2477	61	1178	3	487
2478	915	787	2	397
2479	285	132	2	282
2480	144	1140	1	205
2481	246	1226	0	64
2482	1113	1077	4	666
2483	273	771	0	74
2484	21	158	1	141
2485	1223	433	2	322
2486	377	1120	4	630
2487	244	537	0	9
2488	60	21	0	0
2489	538	224	0	4
2490	1166	814	4	669
2491	364	213	2	284
2492	738	388	4	610
2493	152	863	0	73
2494	956	740	3	536
2495	706	266	3	560
2496	234	933	4	636
2497	944	268	2	316
2498	274	1040	2	352
2499	945	493	0	47
