0	884	1144	0	111
1	257	1304	3	543
2	1265	1232	3	579
3	1180	1073	2	428
4	868	1092	4	739
5	588	881	4	718
6	1116	745	3	589
7	84	25	0	0
8	288	568	1	166
9	1145	62	4	664
10	557	204	4	632
11	607	846	2	406
12	929	726	4	755
13	279	455	3	479
14	48	1	4	628
15	1120	1253	4	736
16	891	1166	4	739
17	1032	1094	3	580
18	1161	106	0	36
19	449	1102	4	703
20	856	972	0	121
21	1040	1205	4	737
22	1124	1227	1	265
23	1208	937	2	429
24	891	153	2	353
25	60	1187	4	700
26	155	247	1	157
27	1354	1254	4	736
28	989	731	2	439
29	825	1179	2	426
30	787	560	0	56
31	554	738	1	252
32	796	187	1	197
33	1001	909	3	594
34	432	214	1	159
35	973	281	0	38
36	1240	141	1	193
37	552	226	3	475
38	390	888	2	401
39	1186	31	3	507
40	1167	945	3	586
41	729	475	2	368
42	272	825	4	709
43	45	215	4	628
44	977	794	3	595
45	645	280	0	5
46	448	390	4	640
47	90	261	1	157
48	838	393	1	206
49	175	445	1	165
50	1228	281	2	350
51	1125	45	0	36
52	1139	1020	2	428
53	266	1114	3	543
54	542	599	3	493
55	929	362	1	205
56	1345	1191	1	265
57	227	124	1	157
58	758	407	3	521
59	980	474	4	679
60	403	871	4	715
61	1195	708	0	156
62	1105	248	0	36
63	29	1115	3	543
64	1201	801	0	117
65	152	289	4	634
66	145	899	2	394
67	1165	1116	2	422
68	507	269	2	318
69	1307	97	2	350
70	978	944	4	747
71	1200	923	0	116
72	278	883	1	237
73	1102	795	0	117
74	405	626	1	174
75	1308	193	4	664
76	1047	1127	2	423
77	144	1158	3	543
78	610	410	1	171
79	173	219	0	0
80	247	429	2	321
81	932	613	1	212
82	210	534	3	480
83	1041	1163	1	266
84	1183	466	3	515
85	54	32	2	314
86	1275	51	0	36
87	1208	871	2	430
88	348	1198	0	73
89	1133	495	1	201
90	1221	920	1	273
91	1154	293	3	513
92	1100	851	3	588
93	212	186	4	628
94	970	857	1	281
95	64	119	2	314
96	1310	1109	2	422
97	45	265	1	157
98	1132	367	3	514
99	466	789	1	248
100	1153	1006	3	586
101	207	548	2	323
102	934	1132	2	425
103	138	223	0	0
104	86	1125	2	386
105	493	734	3	562
106	573	1211	0	76
107	924	264	2	353
108	1331	197	1	193
109	895	1105	1	268
110	867	208	1	196
111	1022	217	3	508
112	220	129	2	314
113	1160	963	2	429
114	1141	463	2	358
115	284	1331	3	543
116	262	1217	1	229
117	104	1203	3	543
118	251	713	1	312
119	1199	1054	0	114
120	161	1262	4	700
121	1201	1282	1	265
122	1355	1143	1	265
123	382	1006	0	83
124	906	1198	1	268
125	1306	176	2	350
126	471	783	3	562
127	1277	22	0	36
128	1200	432	0	43
129	1036	285	0	37
130	1198	1341	2	422
131	989	1218	3	581
132	4	1144	1	229
133	645	399	4	642
134	948	808	2	438
135	410	264	1	159
136	1083	1154	4	736
137	322	149	4	629
138	923	161	4	667
139	1190	94	2	350
140	1303	84	2	350
141	648	227	4	633
142	614	463	3	489
143	574	201	1	161
144	421	535	4	644
145	483	252	4	631
146	643	949	0	86
147	1104	1242	4	736
148	1169	310	3	513
149	1227	1326	0	108
150	1317	1118	0	108
151	1081	543	1	202
152	809	990	4	749
153	112	282	2	314
154	202	1257	2	386
155	993	871	2	437
156	187	589	3	481
157	341	1124	3	544
158	983	396	3	518
159	533	269	2	318
160	128	1196	0	72
161	496	419	1	169
162	169	910	0	80
163	477	1146	1	232
164	1086	1168	2	422
165	1178	1215	3	579
166	413	995	2	397
167	1051	1132	1	266
168	236	838	0	81
169	174	1185	1	229
170	1006	465	3	522
171	1142	304	4	670
172	491	381	2	326
173	1137	975	3	586
174	942	1006	1	276
175	682	152	2	467
176	1193	1293	0	108
177	546	1117	0	76
178	825	623	1	216
179	1168	1363	4	736
180	1253	1321	0	108
181	258	63	4	628
182	1059	1152	2	423
183	400	449	2	329
184	1197	1147	3	579
185	1279	110	4	664
186	973	288	1	195
187	432	875	2	401
188	402	924	0	87
189	831	1222	1	269
190	1008	795	2	438
191	490	285	3	474
192	592	379	1	171
193	1331	103	3	507
194	545	980	0	85
195	1174	1267	2	422
196	192	773	1	239
197	1121	930	1	273
198	596	840	3	563
199	983	274	2	352
200	1179	375	2	357
201	1339	73	4	664
202	865	957	3	591
203	821	745	1	288
204	168	1174	3	543
205	1356	1287	0	108
206	242	1356	2	386
207	973	232	2	352
208	252	633	1	167
209	570	642	2	337
210	526	1165	2	390
211	988	198	2	352
212	143	98	2	314
213	1042	1144	2	423
214	418	815	2	402
215	569	180	3	475
216	30	208	2	314
217	501	1203	3	546
218	424	877	1	244
219	551	200	3	475
220	1149	1065	3	585
221	926	989	2	434
222	650	1089	2	468
223	1123	1057	0	114
224	1182	200	1	193
225	237	821	0	81
226	72	50	2	314
227	183	1289	0	72
228	886	389	3	519
229	440	226	3	474
230	254	959	1	236
231	1119	1324	1	265
232	877	605	4	683
233	1092	1317	0	108
234	199	1084	3	543
235	476	592	3	490
236	1315	180	4	664
237	472	982	3	555
238	5	123	3	471
239	67	1322	3	543
240	268	500	2	322
241	852	230	3	511
242	180	386	4	635
243	266	669	4	783
244	1305	256	2	350
245	1268	1365	0	108
246	1098	1174	2	422
247	181	82	4	628
248	742	926	2	440
249	1176	33	0	36
250	847	190	2	354
251	975	631	4	681
252	272	801	3	552
253	1024	1165	1	266
254	970	169	3	509
255	409	1136	2	388
256	1054	1201	4	737
257	197	519	2	323
258	422	845	2	402
259	379	1099	4	702
260	1282	1119	0	108
261	1350	1176	0	108
262	752	441	1	211
263	819	242	1	197
264	414	624	2	331
265	524	367	1	170
266	1353	215	1	193
267	1129	802	4	745
268	577	217	4	633
269	1337	1098	2	422
270	213	672	2	469
271	996	158	0	38
272	1136	368	2	357
273	587	561	4	648
274	1262	1157	3	579
275	1209	378	0	43
276	1330	1200	4	736
277	1127	1023	2	428
278	282	1348	0	72
279	1130	125	1	193
280	1110	90	3	507
281	458	395	1	169
282	1138	1004	1	272
283	89	1320	0	72
284	1088	876	1	273
285	1173	1086	1	265
286	1128	87	1	193
287	994	813	1	281
288	526	1088	1	233
289	177	1296	3	543
290	887	383	1	205
291	972	381	3	518
292	1234	258	0	36
293	37	1240	2	386
294	892	1196	1	268
295	156	630	1	167
296	1167	1248	4	736
297	190	1029	4	706
298	1016	1119	0	109
299	107	1336	1	229
300	484	1146	4	703
301	207	377	3	478
302	1192	1223	2	422
303	1258	1185	1	265
304	1101	1085	3	579
305	155	132	4	628
306	45	1121	2	386
307	76	1238	3	543
308	1179	371	4	671
309	1113	471	1	201
310	303	211	2	315
311	936	903	3	594
312	807	986	1	278
313	869	383	4	676
314	419	949	3	554
315	756	1129	1	270
316	1167	858	3	588
317	841	1198	0	112
318	176	688	0	155
319	1100	821	1	274
320	270	182	1	157
321	1207	700	2	470
322	111	1242	4	700
323	1162	944	1	272
324	1222	1311	1	265
325	946	247	4	666
326	1094	530	3	516
327	729	935	4	754
328	169	336	3	477
329	168	86	2	314
330	283	1217	2	386
331	95	22	0	0
332	1112	610	3	517
333	334	1175	2	387
334	1241	181	1	193
335	57	1094	2	386
336	1163	1367	1	265
337	71	1344	0	72
338	1264	13	2	350
339	788	1170	3	584
340	1175	112	0	36
341	78	1219	4	700
342	466	371	0	12
343	1198	1030	0	114
344	797	407	1	206
345	370	773	0	89
346	1146	519	4	673
347	480	238	1	160
348	637	499	2	332
349	814	1188	0	112
350	211	254	3	471
351	1088	453	2	358
352	193	5	1	157
353	1220	1356	2	422
354	196	115	4	628
355	944	796	3	595
356	192	889	1	237
357	1106	50	1	193
358	530	179	0	4
359	1119	975	1	272
360	403	552	3	487
361	979	648	2	367
362	14	1307	1	229
363	1251	249	0	36
364	333	1140	3	544
365	152	236	1	157
366	980	1156	0	110
367	1128	381	3	514
368	413	434	3	486
369	188	1149	0	72
370	1219	937	1	272
371	525	271	4	632
372	681	1178	3	625
373	263	28	3	471
374	440	1006	2	398
375	972	996	3	590
376	1250	1237	3	579
377	1103	1069	0	114
378	959	500	1	208
379	155	583	2	324
380	989	1189	3	581
381	1290	89	4	664
382	682	1117	1	311
383	894	785	2	441
384	772	277	3	512
385	269	1078	0	78
386	189	489	4	636
387	787	996	2	436
388	186	735	3	553
389	379	415	3	482
390	386	870	2	401
391	1141	855	1	274
392	1351	1273	3	579
393	1280	1192	1	265
394	1112	1146	3	579
395	312	1127	0	73
396	763	182	3	512
397	346	1198	1	230
398	684	1197	0	154
399	979	1085	3	581
400	904	1214	3	582
401	1195	503	4	672
402	155	752	4	710
403	190	1092	2	386
404	830	759	3	601
405	917	154	1	196
406	838	638	1	216
407	409	916	2	401
408	1162	1299	1	265
409	622	975	0	86
410	990	916	0	123
411	243	1124	1	229
412	288	205	2	314
413	732	446	2	368
414	929	739	3	598
415	91	1218	2	386
416	1184	1323	1	265
417	717	1108	2	468
418	41	0	2	314
419	122	1221	2	386
420	1177	436	0	44
421	446	938	3	555
422	281	808	2	395
423	515	968	2	399
424	291	1167	1	230
425	671	1095	3	625
426	727	441	3	525
427	476	578	3	490
428	3	1153	2	386
429	221	644	3	481
430	393	751	2	403
431	532	205	4	632
432	656	1155	4	782
433	778	873	3	597
434	864	955	2	434
435	147	138	4	628
436	198	100	2	314
437	197	737	2	396
438	260	713	0	155
439	191	280	1	157
440	447	644	3	490
441	233	1249	4	700
442	1209	15	1	193
443	938	965	4	747
444	268	467	4	636
445	162	30	1	157
446	1198	425	2	357
447	1218	964	0	115
448	185	942	1	236
449	508	404	2	327
450	881	1128	0	111
451	433	722	4	719
452	88	1245	4	700
453	172	772	2	396
454	1267	1177	4	736
455	205	649	4	783
456	1090	132	2	350
457	6	186	1	157
458	149	1017	2	392
459	179	1120	4	700
460	1359	246	4	664
461	1212	234	3	507
462	336	1113	3	544
463	184	1200	4	700
464	916	1005	3	591
465	1081	1355	2	422
466	632	411	3	485
467	275	884	1	237
468	285	1106	0	72
469	85	84	1	157
470	943	568	3	523
471	434	750	1	248
472	1097	405	3	514
473	1189	744	4	746
474	854	1220	4	740
475	611	260	4	633
476	1101	653	0	156
477	310	1193	3	544
478	280	1112	1	229
479	206	1191	3	543
480	142	231	1	157
481	560	739	1	252
482	1150	321	1	199
483	133	1230	2	386
484	374	959	3	554
485	1122	670	0	156
486	1110	272	0	36
487	248	511	2	323
488	871	227	1	196
489	1066	1201	1	266
490	1263	9	0	36
491	53	97	0	0
492	111	278	1	157
493	1147	913	0	116
494	1167	217	4	664
495	990	845	0	124
496	546	1136	4	704
497	495	748	1	248
498	1160	391	2	357
499	703	1158	3	625
500	1155	786	3	589
501	1303	224	4	664
502	813	150	3	511
503	214	1366	0	72
504	250	850	0	81
505	363	546	2	330
506	117	3	1	157
507	1178	1077	2	428
508	1095	623	4	674
509	271	591	2	324
510	834	1177	0	112
511	361	812	2	402
512	384	781	0	89
513	609	400	0	14
514	435	399	2	326
515	945	623	0	53
516	426	947	0	83
517	973	625	3	524
518	283	694	2	469
519	277	89	1	157
520	669	1083	3	625
521	1224	1167	4	736
522	169	576	2	323
523	1192	465	2	358
524	728	903	2	440
525	159	851	1	238
526	774	918	1	283
527	1134	238	4	664
528	832	252	1	197
529	411	528	0	16
530	1226	1181	3	579
531	1204	107	1	193
532	616	570	4	649
533	70	1361	1	229
534	1106	989	4	743
535	495	635	2	333
536	975	989	2	433
537	392	627	4	645
538	1142	527	2	359
539	726	1197	2	427
540	444	1178	0	75
541	171	1358	3	543
542	107	1237	1	229
543	1085	461	1	201
544	1096	240	0	36
545	157	707	0	155
546	136	1229	1	229
547	893	783	2	441
548	93	1184	3	543
549	285	618	0	10
550	1343	115	2	350
551	899	410	3	519
552	381	372	3	482
553	164	1158	0	72
554	652	146	3	624
555	1148	666	0	156
556	1084	1063	4	742
557	1041	218	2	351
558	1082	888	2	430
559	1354	241	0	36
560	1187	399	0	43
561	525	375	2	327
562	575	1194	2	390
563	339	1202	1	230
564	738	402	4	678
565	819	1221	0	112
566	502	423	4	640
567	66	243	2	314
568	1094	626	0	46
569	767	808	1	285
570	1080	673	3	627
571	819	740	1	288
572	296	170	1	158
573	1262	76	4	664
574	471	980	1	241
575	1247	232	3	507
576	243	305	0	6
577	485	185	2	317
578	958	363	1	204
579	389	276	2	316
580	421	1117	3	545
581	1333	260	4	664
582	398	735	4	717
583	112	1168	0	72
584	177	196	4	628
585	436	1141	2	389
586	228	1205	4	700
587	984	1187	3	581
588	282	940	3	550
589	876	739	2	441
590	212	492	4	636
591	893	1121	3	582
592	1262	1151	3	579
593	232	1128	4	700
594	1210	753	0	118
595	148	1056	0	78
596	278	1342	1	229
597	12	1309	0	72
598	1289	54	4	664
599	665	243	4	781
600	428	887	1	244
601	1186	732	0	118
602	1290	1153	4	736
603	162	519	4	637
604	7	1219	1	229
605	78	32	1	157
606	1351	1139	3	579
607	428	562	0	16
608	1091	344	0	42
609	1131	264	3	507
610	538	960	1	242
611	1153	24	2	350
612	226	498	3	479
613	1176	416	2	357
614	1133	478	1	201
615	403	736	0	89
616	1242	19	2	350
617	1185	1194	3	579
618	287	65	1	157
619	385	428	2	325
620	264	685	2	469
621	254	44	1	157
622	1187	204	0	36
623	1095	806	3	588
624	283	1287	0	72
625	1124	450	3	515
626	194	1319	4	700
627	977	373	1	204
628	1178	136	3	507
629	1301	201	0	36
630	526	238	3	475
631	270	616	1	167
632	250	286	0	0
633	792	888	1	283
634	459	1202	1	232
635	1089	1011	3	585
636	253	783	2	396
637	522	1162	1	233
638	249	784	2	396
639	426	754	2	403
640	244	1089	2	386
641	186	1162	3	543
642	725	1133	4	741
643	655	249	3	624
644	1247	1243	1	265
645	1151	205	0	36
646	1001	1191	1	267
647	1273	1102	2	422
648	398	377	0	11
649	1184	1178	0	108
650	942	256	3	509
651	316	1149	4	701
652	1309	1322	1	265
653	1055	243	0	37
654	84	236	4	628
655	825	208	0	40
656	1337	1333	2	422
657	1153	5	2	350
658	960	481	3	522
659	962	445	3	522
660	283	182	0	0
661	217	665	0	155
662	547	1093	0	76
663	1083	1145	3	579
664	1328	80	1	193
665	1259	274	4	664
666	835	722	1	288
667	585	1002	4	714
668	379	1216	1	231
669	64	165	1	157
670	76	7	0	0
671	888	150	0	39
672	834	391	0	49
673	1084	98	4	664
674	525	977	2	399
675	906	146	0	39
676	408	465	1	172
677	13	52	3	471
678	241	429	4	635
679	1298	157	0	36
680	777	884	2	440
681	592	1085	0	77
682	574	391	3	484
683	1172	205	0	36
684	689	235	1	310
685	1349	1193	0	108
686	930	367	3	519
687	246	226	4	628
688	917	1221	0	111
689	705	187	0	153
690	1148	198	3	507
691	864	1119	1	268
692	1088	522	3	516
693	711	1151	4	782
694	992	369	0	47
695	256	490	4	636
696	267	849	2	395
697	987	210	4	666
698	816	596	4	686
699	980	505	4	680
700	1180	1344	2	422
701	230	51	4	628
702	305	160	3	472
703	1132	521	1	202
704	1187	1366	2	422
705	967	251	0	38
706	734	971	0	122
707	73	125	1	157
708	1194	237	1	193
709	1204	776	1	275
710	1093	191	4	664
711	1243	1158	3	579
712	595	158	2	319
713	1040	198	3	508
714	855	236	0	40
715	1166	128	1	193
716	776	871	2	440
717	474	204	4	631
718	232	804	2	395
719	772	1172	1	270
720	429	518	3	487
721	372	192	1	159
722	108	1215	0	72
723	63	178	1	157
724	1220	121	0	36
725	559	379	2	327
726	113	1205	4	700
727	781	962	1	279
728	231	909	3	551
729	280	996	2	393
730	265	549	4	637
731	1158	38	3	507
732	953	903	0	123
733	1191	501	3	515
734	473	224	2	317
735	201	406	2	321
736	803	1135	0	112
737	594	1098	0	77
738	1116	1040	0	114
739	173	878	4	708
740	183	307	3	477
741	159	1327	0	72
742	562	403	0	13
743	1167	210	0	36
744	265	950	3	550
745	1287	1128	1	265
746	411	784	0	89
747	908	1194	4	739
748	443	405	1	169
749	1203	649	1	313
750	1354	1320	2	422
751	1210	334	1	199
752	432	403	3	482
753	385	1094	2	388
754	1044	1105	2	423
755	476	1091	0	75
756	205	250	4	628
757	205	637	1	167
758	565	734	3	566
759	1178	533	2	359
760	800	637	2	373
761	584	831	4	720
762	1050	1093	3	580
763	754	493	0	54
764	1132	672	3	627
765	996	218	1	195
766	265	1075	3	549
767	227	1138	4	700
768	188	138	4	628
769	86	1108	3	543
770	922	753	3	598
771	159	252	1	157
772	1140	769	0	118
773	846	642	3	530
774	381	985	1	240
775	935	619	2	369
776	41	1249	1	229
777	1113	1353	1	265
778	405	846	3	559
779	509	269	3	475
780	436	763	1	248
781	802	410	0	49
782	1094	36	1	193
783	140	223	2	314
784	1312	1338	2	422
785	1220	813	1	274
786	1306	1186	3	579
787	197	840	3	552
788	482	999	3	555
789	2	7	0	0
790	376	1184	4	702
791	236	1282	0	72
792	1081	547	1	202
793	557	286	3	475
794	120	1336	0	72
795	774	418	0	50
796	277	392	0	7
797	73	3	0	0
798	17	1106	1	229
799	908	233	2	353
800	650	1207	0	154
801	722	429	1	207
802	1350	1336	1	265
803	1066	1118	1	266
804	523	222	4	632
805	554	627	3	494
806	975	567	4	680
807	240	422	0	7
808	288	1062	2	392
809	282	151	4	628
810	1084	29	4	664
811	888	174	0	39
812	131	1259	3	543
813	902	1168	0	111
814	1127	366	1	200
815	609	226	4	633
816	163	1242	3	543
817	143	163	2	314
818	202	568	1	166
819	136	227	2	314
820	288	537	3	480
821	1109	347	3	513
822	1163	99	0	36
823	761	937	3	593
824	135	17	1	157
825	768	389	1	207
826	158	5	3	471
827	1303	18	1	193
828	122	1167	0	72
829	736	1101	2	427
830	630	1134	1	234
831	1355	138	1	193
832	189	61	0	0
833	247	1143	4	700
834	222	180	2	314
835	17	233	0	0
836	954	828	1	281
837	1170	1004	4	743
838	594	1162	3	548
839	430	739	2	403
840	1132	1226	2	422
841	1235	1237	4	736
842	1210	232	2	350
843	1220	702	0	156
844	472	761	2	405
845	406	940	4	711
846	410	513	0	16
847	737	895	2	440
848	259	341	3	477
849	823	402	2	363
850	620	265	0	5
851	1084	896	2	430
852	774	950	2	436
853	540	1151	2	390
854	537	270	3	475
855	364	205	1	159
856	645	800	0	93
857	61	180	0	0
858	38	53	0	0
859	926	772	1	284
860	272	313	0	6
861	286	300	3	477
862	204	342	0	6
863	683	1151	3	625
864	1186	792	1	274
865	364	250	3	473
866	1363	1208	0	108
867	1180	776	1	275
868	1214	305	4	670
869	414	1110	1	231
870	557	621	2	337
871	501	948	3	555
872	156	215	2	314
873	1093	1084	1	265
874	553	158	0	4
875	539	985	1	242
876	768	185	3	512
877	849	225	4	668
878	523	215	2	318
879	233	1170	3	543
880	1107	744	4	746
881	1115	1010	4	742
882	178	68	1	157
883	180	501	1	165
884	700	1171	1	311
885	56	1347	3	543
886	659	257	1	310
887	1264	1164	0	108
888	984	818	4	752
889	889	1192	3	582
890	257	422	4	635
891	1335	219	3	507
892	166	1118	1	229
893	187	149	0	0
894	406	508	4	644
895	192	1063	2	392
896	175	32	0	0
897	726	983	4	750
898	17	36	0	0
899	350	146	1	158
900	586	433	0	18
901	1255	1297	3	579
902	832	589	1	215
903	497	385	4	640
904	75	281	4	628
905	664	1085	3	625
906	885	1101	4	739
907	672	252	2	467
908	968	975	4	747
909	743	1086	3	584
910	1196	899	0	116
911	7	238	0	0
912	179	829	3	552
913	1351	66	1	193
914	260	740	1	239
915	597	576	4	648
916	1186	897	3	587
917	1084	652	2	470
918	133	285	0	0
919	1178	964	4	743
920	178	1159	0	72
921	689	276	3	624
922	401	602	4	645
923	57	1365	2	386
924	442	1221	0	75
925	182	1206	0	72
926	679	210	3	624
927	1249	1150	4	736
928	720	190	1	198
929	163	1265	0	72
930	1213	26	0	36
931	1095	492	0	44
932	240	1292	1	229
933	1162	280	3	507
934	1004	1107	3	581
935	291	1118	1	230
936	258	305	0	6
937	542	197	0	4
938	498	732	3	562
939	198	235	0	0
940	424	600	3	488
941	410	808	0	88
942	600	810	0	92
943	1153	206	4	664
944	1111	934	4	744
945	796	725	1	288
946	408	418	0	11
947	160	278	0	0
948	673	1191	3	625
949	1271	92	1	193
950	636	498	3	489
951	640	396	3	485
952	1210	510	4	673
953	1190	234	3	507
954	1235	24	0	36
955	209	959	1	236
956	720	1214	2	427
957	256	597	0	10
958	907	599	4	683
959	1132	1235	1	265
960	990	955	1	276
961	225	616	3	481
962	374	161	3	473
963	221	71	4	628
964	1108	954	4	743
965	806	207	1	197
966	1294	139	1	193
967	1335	1150	2	422
968	303	145	2	315
969	975	1183	4	738
970	497	614	2	333
971	1178	336	4	670
972	176	392	1	164
973	983	969	2	433
974	728	1169	2	427
975	188	450	3	479
976	978	853	2	438
977	1230	1362	2	422
978	334	1139	1	230
979	1259	263	0	36
980	1162	1252	4	736
981	728	242	0	41
982	1301	116	0	36
983	189	428	1	164
984	191	548	4	637
985	8	1140	4	700
986	463	428	3	483
987	1154	1091	2	422
988	44	144	0	0
989	1348	177	3	507
990	1257	271	0	36
991	914	1179	1	268
992	399	407	1	168
993	999	639	3	524
994	996	619	1	210
995	774	889	4	754
996	956	623	2	367
997	1220	218	0	36
998	232	356	1	163
999	806	942	2	435
1000	1142	627	0	46
1001	1147	192	0	36
1002	1266	162	1	193
1003	158	75	1	157
1004	1120	926	1	273
1005	77	187	3	471
1006	590	568	3	491
1007	1112	23	2	350
1008	192	634	1	167
1009	590	408	2	328
1010	276	506	4	637
1011	768	936	2	436
1012	1304	1366	1	265
1013	1019	1102	3	580
1014	1205	1348	3	579
1015	154	555	4	637
1016	23	272	1	157
1017	582	441	3	489
1018	242	297	0	6
1019	1146	1060	3	585
1020	252	1260	4	700
1021	445	631	4	647
1022	148	599	4	638
1023	1139	372	2	357
1024	812	1098	2	426
1025	1066	1182	0	109
1026	84	1335	3	543
1027	465	1082	3	546
1028	723	244	4	669
1029	652	1165	1	311
1030	1219	774	4	746
1031	725	925	1	283
1032	1088	905	0	116
1033	396	1174	1	231
1034	497	1190	4	703
1035	45	47	4	628
1036	648	251	3	476
1037	420	801	3	559
1038	579	161	2	319
1039	1146	1316	0	108
1040	272	646	0	10
1041	963	733	1	282
1042	197	85	0	0
1043	196	1212	4	700
1044	1341	87	0	36
1045	1198	247	4	664
1046	1363	1289	3	579
1047	252	329	0	6
1048	395	217	4	630
1049	1142	872	0	116
1050	1128	1335	3	579
1051	54	1105	1	229
1052	1103	743	1	275
1053	211	483	3	479
1054	520	283	1	161
1055	1095	1021	1	271
1056	990	277	3	509
1057	62	1214	2	386
1058	1104	807	0	117
1059	175	161	0	0
1060	645	1104	2	391
1061	1329	1332	1	265
1062	1348	1318	1	265
1063	385	816	2	402
1064	919	1115	0	111
1065	1363	25	2	350
1066	1002	981	1	276
1067	47	1275	1	229
1068	91	1348	1	229
1069	738	1173	2	427
1070	986	764	4	753
1071	283	1146	0	72
1072	404	1156	3	545
1073	916	183	2	353
1074	169	605	1	167
1075	431	1153	0	74
1076	543	1147	1	233
1077	1169	1040	2	428
1078	233	1134	4	700
1079	1316	1162	2	422
1080	1097	845	2	431
1081	19	1213	3	543
1082	1084	863	0	117
1083	879	1101	1	268
1084	1131	1079	1	271
1085	68	1125	0	72
1086	998	903	1	280
1087	1137	299	3	513
1088	248	374	2	321
1089	890	1108	1	268
1090	956	795	2	438
1091	1140	1152	0	108
1092	923	1113	3	582
1093	343	1085	4	701
1094	1178	1359	2	422
1095	1102	733	2	432
1096	775	818	1	285
1097	221	1114	3	543
1098	1149	515	3	516
1099	795	155	2	354
1100	615	193	3	476
1101	1340	1138	1	265
1102	1096	1112	1	265
1103	581	949	4	714
1104	275	1328	0	72
1105	1163	951	1	272
1106	124	1323	1	229
1107	38	1108	4	700
1108	1136	377	4	671
1109	676	1159	2	468
1110	336	1151	2	387
1111	266	879	1	237
1112	282	310	0	6
1113	976	392	2	361
1114	729	875	3	597
1115	369	736	1	246
1116	913	245	2	353
1117	1114	1256	3	579
1118	580	1082	0	77
1119	1205	738	4	746
1120	1170	1192	4	736
1121	915	173	2	353
1122	172	595	0	10
1123	936	464	3	522
1124	189	378	1	164
1125	188	803	0	81
1126	279	783	3	553
1127	448	1193	2	389
1128	287	1129	1	229
1129	158	531	1	166
1130	864	221	1	196
1131	1016	1193	0	109
1132	1119	835	0	117
1133	1223	754	0	118
1134	859	1222	3	583
1135	219	677	2	469
1136	270	1136	3	543
1137	1252	125	0	36
1138	781	836	0	128
1139	900	1194	1	268
1140	1313	1276	4	736
1141	647	1008	0	86
1142	1112	1147	4	736
1143	637	939	0	86
1144	582	246	4	633
1145	952	177	1	195
1146	1234	1306	0	108
1147	1094	354	0	42
1148	337	1175	3	544
1149	170	980	0	79
1150	158	1012	3	549
1151	347	178	1	158
1152	1194	308	2	356
1153	772	1162	0	113
1154	908	635	1	212
1155	1107	929	4	744
1156	762	818	4	756
1157	209	1172	2	386
1158	1047	1085	4	737
1159	1003	745	2	439
1160	960	198	4	666
1161	193	1045	0	78
1162	594	1145	3	548
1163	1166	741	3	589
1164	1134	396	2	357
1165	412	957	4	711
1166	638	927	0	90
1167	584	523	1	177
1168	939	232	1	195
1169	1119	1179	3	579
1170	1178	869	2	430
1171	945	628	1	210
1172	180	671	1	312
1173	196	566	0	9
1174	1346	6	1	193
1175	89	1278	0	72
1176	252	1026	0	78
1177	243	406	0	7
1178	1169	928	4	744
1179	635	256	0	5
1180	473	598	0	19
1181	1170	487	1	201
1182	1118	817	2	431
1183	982	422	2	361
1184	1001	1098	3	581
1185	1001	951	4	747
1186	724	911	3	597
1187	1233	188	1	193
1188	183	1179	0	72
1189	1169	527	1	202
1190	567	1211	0	76
1191	1151	516	2	359
1192	417	520	3	487
1193	743	411	1	207
1194	112	1157	1	229
1195	1220	1104	0	108
1196	1271	126	4	664
1197	1106	1330	3	579
1198	386	1141	3	545
1199	921	432	4	676
1200	1268	35	1	193
1201	640	951	3	557
1202	268	1069	4	706
1203	889	1212	1	268
1204	772	386	2	364
1205	934	170	0	39
1206	1009	287	2	351
1207	261	59	1	157
1208	733	873	2	440
1209	427	616	4	645
1210	1175	1016	0	114
1211	541	417	2	327
1212	193	1271	1	229
1213	1023	206	4	665
1214	1135	305	3	513
1215	1083	312	2	356
1216	252	1217	2	386
1217	949	977	2	433
1218	554	783	3	565
1219	1227	1198	0	108
1220	1250	1233	2	422
1221	852	209	1	197
1222	1224	1300	2	422
1223	1091	986	0	115
1224	363	1190	3	545
1225	403	634	4	645
1226	890	629	3	526
1227	264	1294	3	543
1228	986	565	4	680
1229	281	707	1	312
1230	1359	6	4	664
1231	1167	1303	4	736
1232	1189	960	1	272
1233	254	962	1	236
1234	157	276	1	157
1235	147	708	2	469
1236	1268	1213	3	579
1237	439	360	3	483
1238	389	396	3	482
1239	881	615	0	55
1240	82	1314	1	229
1241	804	939	1	278
1242	1085	678	3	627
1243	984	414	1	204
1244	995	378	4	675
1245	846	778	3	601
1246	177	151	0	0
1247	752	1123	4	741
1248	1321	1218	2	422
1249	38	1291	2	386
1250	666	207	1	310
1251	1250	1359	0	108
1252	245	98	3	471
1253	480	1157	0	75
1254	1052	231	3	508
1255	278	968	2	393
1256	1250	1117	2	422
1257	1305	40	4	664
1258	256	38	2	314
1259	625	460	2	332
1260	1064	287	3	508
1261	1322	239	0	36
1262	183	865	0	80
1263	809	1123	4	740
1264	272	199	1	157
1265	1198	946	0	115
1266	287	102	2	314
1267	226	539	4	637
1268	287	811	3	552
1269	161	150	2	314
1270	653	235	2	467
1271	1145	541	3	516
1272	335	212	0	1
1273	717	1146	0	154
1274	1335	124	3	507
1275	825	735	3	602
1276	35	1241	3	543
1277	381	271	4	630
1278	1208	1042	0	114
1279	866	269	2	353
1280	46	1255	1	229
1281	192	383	1	164
1282	708	240	0	153
1283	1091	588	0	46
1284	1133	1006	1	272
1285	173	601	1	167
1286	239	1001	2	393
1287	553	1169	4	704
1288	13	1352	0	72
1289	1292	270	1	193
1290	733	478	1	211
1291	68	229	4	628
1292	1146	69	3	507
1293	803	1174	4	740
1294	219	36	3	471
1295	538	1101	0	76
1296	489	593	0	19
1297	800	644	2	373
1298	49	72	4	628
1299	1292	56	0	36
1300	182	1324	4	700
1301	265	968	2	393
1302	36	195	3	471
1303	1100	224	3	507
1304	1160	1157	0	108
1305	1037	1164	1	266
1306	86	183	2	314
1307	29	99	2	314
1308	258	589	1	167
1309	228	1181	1	229
1310	463	959	4	712
1311	1128	250	3	507
1312	1155	887	4	744
1313	169	693	0	155
1314	214	1066	1	235
1315	367	1112	3	545
1316	185	173	4	628
1317	410	375	0	11
1318	267	756	2	396
1319	398	163	2	316
1320	581	900	0	90
1321	651	1123	1	311
1322	248	823	2	395
1323	774	151	3	512
1324	172	303	3	477
1325	1172	86	1	193
1326	812	203	2	354
1327	38	1082	4	700
1328	65	256	1	157
1329	1238	1182	2	422
1330	901	1081	0	111
1331	549	786	4	722
1332	100	1287	2	386
1333	1329	179	3	507
1334	651	1134	0	154
1335	1353	37	3	507
1336	995	634	2	367
1337	450	197	2	317
1338	657	1114	3	625
1339	1336	101	1	193
1340	1344	241	2	350
1341	962	1149	2	424
1342	677	149	2	467
1343	572	1176	0	76
1344	89	1114	1	229
1345	1085	733	3	589
1346	147	660	4	783
1347	974	415	2	361
1348	1341	1130	0	108
1349	1091	33	4	664
1350	1194	57	2	350
1351	1340	209	0	36
1352	1226	272	1	193
1353	563	957	1	242
1354	4	1279	3	543
1355	951	482	4	679
1356	1075	247	4	665
1357	122	1233	2	386
1358	770	153	0	41
1359	282	783	3	553
1360	1210	434	1	201
1361	181	1324	2	386
1362	1104	308	0	42
1363	909	368	1	205
1364	56	1167	0	72
1365	1175	972	2	429
1366	142	1147	1	229
1367	1179	1085	2	422
1368	277	1267	2	386
1369	226	7	3	471
1370	938	246	0	38
1371	99	18	4	628
1372	185	352	2	320
1373	1128	574	4	673
1374	1304	236	3	507
1375	87	178	2	314
1376	1223	215	1	193
1377	336	200	0	1
1378	211	1148	1	229
1379	777	1139	3	584
1380	235	349	2	320
1381	1291	182	0	36
1382	837	1098	2	426
1383	471	166	0	3
1384	1331	1172	2	422
1385	425	566	3	487
1386	458	1118	4	703
1387	267	787	4	710
1388	262	370	0	7
1389	600	469	3	489
1390	525	412	1	170
1391	43	1230	4	700
1392	696	1187	3	625
1393	176	713	0	155
1394	1129	1046	4	742
1395	191	721	4	710
1396	1111	106	1	193
1397	446	751	4	719
1398	60	234	3	471
1399	157	350	4	634
1400	180	536	0	9
1401	136	1126	4	700
1402	886	1007	0	120
1403	176	512	3	480
1404	555	237	4	632
1405	113	1219	2	386
1406	630	806	4	721
1407	45	1349	0	72
1408	539	381	1	170
1409	370	1146	2	388
1410	1146	177	3	507
1411	198	1184	4	700
1412	83	92	2	314
1413	1293	1253	1	265
1414	253	253	3	471
1415	788	501	2	368
1416	633	989	2	400
1417	231	408	4	635
1418	70	183	1	157
1419	143	1118	1	229
1420	207	979	3	550
1421	280	258	2	314
1422	95	95	2	314
1423	919	1110	4	739
1424	1364	1273	2	422
1425	156	917	1	237
1426	234	708	2	469
1427	230	1235	4	700
1428	971	992	0	119
1429	265	18	2	314
1430	476	1200	3	546
1431	90	98	4	628
1432	241	1074	0	78
1433	866	232	1	196
1434	1214	717	4	784
1435	629	490	3	489
1436	618	1080	3	548
1437	548	615	4	651
1438	1068	238	1	194
1439	73	201	4	628
1440	996	365	2	361
1441	146	517	2	323
1442	620	399	0	14
1443	460	581	1	176
1444	286	1333	4	700
1445	1158	3	4	664
1446	156	198	4	628
1447	273	508	2	323
1448	258	600	3	481
1449	1174	559	1	202
1450	989	964	1	276
1451	246	1050	2	392
1452	1249	154	4	664
1453	988	473	4	679
1454	195	1162	2	386
1455	1213	628	1	203
1456	60	172	0	0
1457	1085	581	4	674
1458	701	1094	3	625
1459	60	155	3	471
1460	771	1189	1	270
1461	763	985	4	750
1462	558	374	1	170
1463	1017	260	2	351
1464	495	390	4	640
1465	9	1183	4	700
1466	1359	1174	4	736
1467	1183	1360	3	579
1468	102	85	4	628
1469	634	209	1	162
1470	867	620	0	55
1471	1191	24	0	36
1472	1256	249	2	350
1473	123	156	4	628
1474	1244	75	3	507
1475	731	828	3	600
1476	150	1230	2	386
1477	724	148	0	41
1478	1085	907	1	273
1479	89	227	0	0
1480	464	606	0	19
1481	1265	1226	3	579
1482	1180	928	4	744
1483	561	978	2	399
1484	167	1215	1	229
1485	222	846	0	81
1486	427	1134	4	702
1487	488	1088	0	75
1488	937	952	3	590
1489	416	1208	3	545
1490	1367	1343	0	108
1491	1349	1286	2	422
1492	278	749	1	239
1493	288	170	0	0
1494	938	633	3	524
1495	737	940	0	122
1496	1153	1284	0	108
1497	1211	234	1	193
1498	1154	711	3	627
1499	1105	328	2	356
1500	213	521	2	323
1501	260	94	4	628
1502	618	278	2	319
1503	1004	525	3	523
1504	771	1137	1	270
1505	255	23	0	0
1506	1100	578	1	203
1507	901	955	1	277
1508	33	170	1	157
1509	83	42	0	0
1510	942	283	4	666
1511	997	154	0	38
1512	1203	986	3	586
1513	247	63	0	0
1514	206	942	3	550
1515	223	184	3	471
1516	1352	1137	2	422
1517	1316	1207	3	579
1518	141	1187	2	386
1519	165	58	1	157
1520	1271	1203	2	422
1521	820	1095	3	583
1522	260	673	0	155
1523	242	1161	3	543
1524	1213	466	2	358
1525	185	378	1	164
1526	145	115	4	628
1527	175	496	4	636
1528	1172	588	4	674
1529	384	458	1	172
1530	993	473	3	522
1531	926	619	2	369
1532	576	412	1	170
1533	1349	132	0	36
1534	1259	1341	0	108
1535	520	1201	2	390
1536	1179	1226	4	736
1537	1159	1329	0	108
1538	802	383	0	49
1539	896	1112	2	425
1540	774	976	3	593
1541	82	181	3	471
1542	288	350	3	477
1543	225	974	1	236
1544	273	177	0	0
1545	82	204	0	0
1546	229	1350	3	543
1547	542	1119	1	233
1548	272	1063	0	78
1549	636	428	2	328
1550	1176	339	0	42
1551	80	1227	3	543
1552	66	127	1	157
1553	12	255	0	0
1554	1181	200	2	350
1555	404	443	3	486
1556	1200	110	1	193
1557	1198	126	1	193
1558	1075	1135	0	109
1559	345	1216	1	230
1560	1188	137	2	350
1561	897	1123	0	111
1562	273	390	2	321
1563	166	1018	3	549
1564	799	940	2	435
1565	565	267	4	632
1566	623	1181	4	705
1567	190	759	0	82
1568	965	611	4	681
1569	713	225	0	153
1570	268	778	2	396
1571	1097	1144	0	108
1572	838	252	2	354
1573	271	207	2	314
1574	974	797	2	438
1575	0	1109	2	386
1576	40	1095	0	72
1577	965	399	1	204
1578	260	778	3	553
1579	895	198	3	510
1580	1287	128	0	36
1581	706	1122	3	625
1582	1292	1337	1	265
1583	875	622	0	55
1584	263	618	1	167
1585	563	171	1	161
1586	1	1182	2	386
1587	770	924	2	440
1588	150	1014	1	235
1589	316	160	4	629
1590	1118	1187	4	736
1591	146	1209	2	386
1592	104	24	0	0
1593	929	993	2	434
1594	200	1359	4	700
1595	1267	264	3	507
1596	506	184	2	318
1597	361	196	1	159
1598	137	37	1	157
1599	1153	811	0	117
1600	155	76	4	628
1601	354	1221	4	701
1602	1091	284	4	664
1603	644	1188	0	77
1604	201	692	2	469
1605	885	724	3	598
1606	1169	399	0	43
1607	16	0	4	628
1608	195	146	4	628
1609	721	362	2	364
1610	227	1229	3	543
1611	1292	252	1	193
1612	429	268	4	630
1613	257	1090	0	72
1614	1277	132	0	36
1615	541	962	1	242
1616	247	843	0	81
1617	14	92	0	0
1618	846	378	0	49
1619	116	146	2	314
1620	18	155	0	0
1621	116	1255	2	386
1622	185	328	4	634
1623	852	201	0	40
1624	177	817	3	552
1625	1218	778	2	432
1626	1099	169	4	664
1627	982	270	1	195
1628	1178	122	2	350
1629	1020	162	1	194
1630	823	157	1	197
1631	223	1127	3	543
1632	1128	537	3	516
1633	231	739	1	239
1634	961	1124	3	581
1635	259	1021	4	706
1636	1235	71	0	36
1637	161	973	1	236
1638	1183	1285	1	265
1639	389	226	3	473
1640	879	598	1	212
1641	1164	999	3	586
1642	17	1113	0	72
1643	382	221	2	316
1644	69	150	1	157
1645	794	940	4	749
1646	479	265	4	631
1647	876	146	0	39
1648	1185	632	4	674
1649	175	950	2	393
1650	862	1179	4	740
1651	267	972	4	707
1652	1115	164	3	507
1653	729	473	3	525
1654	548	792	2	408
1655	461	284	0	3
1656	192	831	3	552
1657	188	1034	4	706
1658	254	714	0	155
1659	245	28	2	314
1660	976	932	3	594
1661	1284	135	4	664
1662	194	186	2	314
1663	34	204	2	314
1664	1143	109	1	193
1665	1231	88	4	664
1666	641	564	2	335
1667	249	464	0	8
1668	228	131	0	0
1669	1210	292	0	42
1670	379	1140	0	74
1671	774	1115	1	270
1672	279	876	0	80
1673	736	368	0	50
1674	388	524	3	487
1675	147	100	3	471
1676	953	597	0	53
1677	1001	544	3	523
1678	36	43	4	628
1679	411	258	0	2
1680	1113	969	1	272
1681	237	775	2	396
1682	1153	275	1	193
1683	285	1291	4	700
1684	261	1203	3	543
1685	465	721	3	562
1686	478	212	3	474
1687	1084	283	3	507
1688	813	593	4	686
1689	578	906	3	561
1690	1145	743	2	432
1691	165	193	3	471
1692	245	752	0	82
1693	188	1244	0	72
1694	120	1107	0	72
1695	978	747	2	439
1696	532	264	0	4
1697	512	152	1	161
1698	1012	1166	4	737
1699	444	996	2	398
1700	1117	210	4	664
1701	405	434	1	172
1702	104	102	4	628
1703	576	199	3	475
1704	5	1338	3	543
1705	562	957	3	556
1706	457	391	1	169
1707	941	389	3	518
1708	217	1126	2	386
1709	1312	1258	3	579
1710	203	958	3	550
1711	136	1124	3	543
1712	968	896	2	437
1713	987	1182	2	424
1714	686	1195	4	782
1715	1188	941	4	743
1716	1156	1199	2	422
1717	430	211	0	2
1718	812	1204	0	112
1719	121	65	0	0
1720	1167	932	0	116
1721	172	51	1	157
1722	1269	1098	0	108
1723	592	984	0	86
1724	569	383	2	327
1725	428	217	0	2
1726	635	453	3	489
1727	1301	1208	3	579
1728	28	26	3	471
1729	611	827	1	249
1730	975	1140	1	267
1731	1108	1116	0	108
1732	885	1159	1	268
1733	125	9	1	157
1734	1201	115	0	36
1735	667	192	2	467
1736	1304	1172	1	265
1737	804	207	2	354
1738	265	416	3	478
1739	1235	172	3	507
1740	970	1162	3	581
1741	1188	217	3	507
1742	480	786	4	719
1743	151	28	2	314
1744	987	1116	2	424
1745	982	960	0	119
1746	1270	1276	2	422
1747	574	596	3	493
1748	186	1364	2	386
1749	726	1004	2	436
1750	1000	1132	1	267
1751	1230	151	0	36
1752	1206	694	3	627
1753	882	265	3	510
1754	713	239	2	467
1755	923	773	3	598
1756	579	394	4	642
1757	251	241	4	628
1758	1006	590	0	53
1759	1161	97	1	193
1760	122	124	4	628
1761	881	614	2	369
1762	201	915	4	708
1763	594	1212	1	234
1764	440	218	0	3
1765	1317	129	2	350
1766	268	1155	0	72
1767	374	881	2	401
1768	711	1120	0	154
1769	757	220	1	198
1770	873	953	2	434
1771	1322	18	0	36
1772	212	944	0	79
1773	382	722	1	246
1774	99	1319	2	386
1775	941	1214	0	110
1776	684	169	4	781
1777	287	72	1	157
1778	880	1215	4	739
1779	759	263	3	512
1780	878	281	3	510
1781	236	163	0	0
1782	865	989	2	434
1783	277	1200	3	543
1784	158	344	1	163
1785	363	264	4	630
1786	21	1216	0	72
1787	1293	1187	0	108
1788	1147	795	1	274
1789	1015	1099	1	266
1790	280	1059	4	706
1791	1183	1068	2	428
1792	591	925	3	561
1793	1118	758	1	275
1794	876	975	2	434
1795	1102	1071	2	428
1796	1249	1206	3	579
1797	1295	76	3	507
1798	1124	968	0	115
1799	820	1221	1	269
1800	274	665	2	469
1801	561	277	4	632
1802	69	1086	3	543
1803	150	740	2	396
1804	191	185	2	314
1805	51	1100	2	386
1806	576	925	0	90
1807	691	156	1	310
1808	729	486	3	525
1809	193	1044	1	235
1810	1302	92	1	193
1811	1193	624	1	203
1812	1140	862	4	745
1813	444	596	0	19
1814	860	279	1	197
1815	236	154	0	0
1816	426	397	0	11
1817	442	1125	0	75
1818	1233	1241	0	108
1819	1081	825	4	745
1820	126	1236	3	543
1821	684	285	4	781
1822	1171	1054	3	585
1823	237	606	3	481
1824	472	1141	3	546
1825	1339	170	1	193
1826	200	163	0	0
1827	272	912	0	80
1828	173	1050	4	706
1829	250	1367	1	229
1830	1199	486	0	44
1831	1208	1285	3	579
1832	1145	952	2	429
1833	1125	1180	4	736
1834	330	243	2	315
1835	391	263	3	473
1836	202	74	3	471
1837	565	770	2	408
1838	1351	1274	0	108
1839	78	1134	2	386
1840	249	371	3	478
1841	877	604	4	683
1842	393	191	2	316
1843	171	1333	4	700
1844	543	640	1	180
1845	621	1208	1	234
1846	991	572	2	366
1847	951	240	2	352
1848	215	840	3	552
1849	1281	149	3	507
1850	184	536	3	480
1851	1158	938	0	115
1852	497	619	0	19
1853	531	615	0	23
1854	972	281	0	38
1855	715	247	2	467
1856	1239	56	0	36
1857	370	733	2	403
1858	1293	278	4	664
1859	638	960	1	243
1860	1154	957	2	429
1861	968	802	2	438
1862	640	536	1	178
1863	1004	245	1	195
1864	1081	734	2	432
1865	804	729	2	445
1866	663	242	2	467
1867	580	569	0	20
1868	191	754	2	396
1869	35	153	3	471
1870	965	897	2	437
1871	1222	1155	3	579
1872	135	137	3	471
1873	377	507	4	644
1874	104	138	3	471
1875	1262	1352	0	108
1876	532	599	2	336
1877	370	588	0	17
1878	821	252	1	197
1879	191	1270	0	72
1880	156	1165	4	700
1881	1017	168	0	37
1882	772	455	4	682
1883	1007	434	4	679
1884	97	1131	2	386
1885	805	999	2	435
1886	878	992	4	748
1887	217	649	1	312
1888	1096	1045	1	271
1889	1161	1222	0	108
1890	625	922	0	90
1891	1148	674	1	313
1892	1184	814	3	588
1893	418	778	4	717
1894	164	677	1	312
1895	776	212	3	512
1896	505	1086	0	76
1897	850	203	4	668
1898	1192	1309	2	422
1899	1305	1294	4	736
1900	303	1108	0	73
1901	1013	179	4	665
1902	968	751	3	596
1903	1234	166	0	36
1904	183	822	0	81
1905	937	983	0	119
1906	194	705	3	626
1907	269	264	1	157
1908	1090	1174	2	422
1909	845	638	0	59
1910	58	100	2	314
1911	731	421	4	678
1912	844	249	4	668
1913	127	153	0	0
1914	744	156	4	669
1915	834	164	4	668
1916	1108	481	3	515
1917	1221	305	1	199
1918	208	397	0	7
1919	172	613	4	638
1920	947	242	3	509
1921	976	890	3	594
1922	216	8	2	314
1923	726	238	0	41
1924	884	377	1	205
1925	168	755	4	710
1926	655	1208	3	625
1927	377	848	4	716
1928	1141	52	0	36
1929	151	1367	4	700
1930	1117	38	1	193
1931	681	1187	2	468
1932	947	147	0	38
1933	1157	73	0	36
1934	547	196	3	475
1935	1261	1359	0	108
1936	1218	921	3	587
1937	968	614	3	524
1938	888	791	4	755
1939	861	181	4	668
1940	162	1210	1	229
1941	1115	949	1	272
1942	756	1222	2	427
1943	993	391	1	204
1944	533	950	1	242
1945	383	984	4	711
1946	1189	696	1	313
1947	532	172	2	318
1948	1095	1301	4	736
1949	1174	798	4	745
1950	578	474	3	489
1951	1222	379	1	200
1952	1203	1241	4	736
1953	64	238	4	628
1954	149	996	0	79
1955	140	23	2	314
1956	1110	1264	4	736
1957	792	443	3	525
1958	655	167	0	153
1959	1157	66	2	350
1960	784	233	4	669
1961	1364	1305	3	579
1962	1158	555	2	359
1963	638	1006	2	400
1964	376	153	2	316
1965	606	530	2	334
1966	1200	512	0	45
1967	732	379	0	50
1968	1329	1267	0	108
1969	1207	490	2	358
1970	164	1316	4	700
1971	1287	1324	4	736
1972	232	646	4	638
1973	1129	472	0	44
1974	193	1135	0	72
1975	196	1323	0	72
1976	879	773	4	755
1977	487	636	1	176
1978	593	1083	0	77
1979	542	973	0	85
1980	504	177	4	631
1981	51	192	3	471
1982	398	727	2	403
1983	1251	1121	1	265
1984	483	731	0	91
1985	469	206	2	317
1986	587	252	1	162
1987	21	187	2	314
1988	824	971	1	278
1989	876	1221	1	268
1990	462	179	2	317
1991	553	424	0	13
1992	1000	400	4	675
1993	1119	676	1	313
1994	379	745	1	246
1995	647	491	3	489
1996	1084	507	1	202
1997	866	151	4	667
1998	887	1163	3	582
1999	876	219	1	196
2000	97	162	2	314
2001	75	1247	2	386
2002	875	972	4	748
2003	239	845	4	709
2004	372	553	1	173
2005	595	816	4	720
2006	764	1147	3	584
2007	391	482	3	486
2008	119	1107	3	543
2009	171	1338	2	386
2010	129	20	3	471
2011	828	1223	1	269
2012	264	1133	1	229
2013	570	374	1	170
2014	283	1270	0	72
2015	1160	490	3	515
2016	1290	253	0	36
2017	196	961	2	393
2018	72	152	4	628
2019	948	771	2	439
2020	197	125	4	628
2021	1006	399	2	361
2022	40	1220	0	72
2023	949	870	0	123
2024	249	253	0	0
2025	1273	1140	3	579
2026	900	1149	4	739
2027	1156	315	0	42
2028	1301	124	3	507
2029	367	185	3	473
2030	270	718	0	155
2031	97	180	3	471
2032	67	167	2	314
2033	1071	153	1	194
2034	454	950	3	555
2035	248	1037	3	549
2036	1193	1343	0	108
2037	972	898	2	437
2038	145	564	1	166
2039	1266	30	3	507
2040	1058	1200	4	737
2041	1091	715	4	784
2042	1181	4	1	193
2043	454	1154	4	703
2044	940	449	1	208
2045	968	545	3	523
2046	1142	607	1	203
2047	213	1115	1	229
2048	1180	981	1	272
2049	1103	536	1	202
2050	367	1086	1	231
2051	816	417	0	49
2052	1315	97	4	664
2053	596	1132	2	391
2054	1320	1147	2	422
2055	952	734	0	125
2056	844	745	1	288
2057	609	383	2	328
2058	1351	170	1	193
2059	1154	90	0	36
2060	1277	1234	4	736
2061	1202	1236	0	108
2062	207	284	3	471
2063	77	262	2	314
2064	1115	1319	3	579
2065	175	1168	2	386
2066	842	1184	3	583
2067	1048	229	1	194
2068	1221	1051	4	742
2069	82	131	4	628
2070	1033	158	3	508
2071	40	123	0	0
2072	387	767	0	89
2073	484	780	0	91
2074	1146	1278	0	108
2075	154	714	2	469
2076	825	1197	0	112
2077	219	880	3	551
2078	279	1343	1	229
2079	792	867	2	440
2080	283	421	2	321
2081	1271	1160	4	736
2082	489	961	2	398
2083	1089	76	0	36
2084	1209	1133	2	422
2085	787	928	2	440
2086	398	963	3	554
2087	95	1271	1	229
2088	1100	888	4	744
2089	1313	1262	2	422
2090	284	676	0	155
2091	938	1154	1	267
2092	1275	275	1	193
2093	972	414	3	518
2094	864	194	0	39
2095	1133	1352	3	579
2096	334	154	2	315
2097	1085	33	2	350
2098	773	536	3	527
2099	1223	834	2	431
2100	913	185	0	39
2101	36	1223	2	386
2102	1135	813	0	117
2103	953	259	1	195
2104	1167	430	1	200
2105	54	99	0	0
2106	1146	1037	4	742
2107	338	172	4	629
2108	173	649	0	155
2109	1106	771	2	432
2110	907	747	2	441
2111	401	443	0	15
2112	622	544	0	21
2113	191	21	2	314
2114	203	446	1	165
2115	414	898	2	401
2116	247	396	2	321
2117	1158	808	0	117
2118	1100	686	4	784
2119	259	132	4	628
2120	1179	1195	0	108
2121	982	469	2	365
2122	1147	1156	3	579
2123	864	599	2	369
2124	235	375	0	7
2125	44	67	1	157
2126	266	1219	2	386
2127	1223	713	4	784
2128	384	532	0	16
2129	104	1258	3	543
2130	355	1169	4	701
2131	222	380	0	7
2132	186	334	2	320
2133	981	834	3	595
2134	487	1162	4	703
2135	1216	988	4	743
2136	1106	963	3	586
2137	1134	950	0	115
2138	129	1330	4	700
2139	988	791	3	596
2140	279	635	2	324
2141	738	968	1	279
2142	1223	343	0	42
2143	1290	276	4	664
2144	596	526	2	334
2145	819	1133	2	426
2146	815	193	0	40
2147	841	642	3	530
2148	464	424	2	326
2149	739	953	1	279
2150	176	832	0	81
2151	250	507	3	480
2152	1175	202	0	36
2153	366	625	1	174
2154	787	1211	4	741
2155	1103	472	3	515
2156	261	596	3	481
2157	382	595	1	174
2158	810	1194	1	269
2159	450	393	0	12
2160	279	851	4	709
2161	674	270	4	781
2162	1209	1135	3	579
2163	75	1166	3	543
2164	230	860	3	552
2165	1056	256	3	508
2166	1183	997	3	586
2167	536	195	2	318
2168	1158	1198	3	579
2169	900	384	0	48
2170	894	728	4	755
2171	252	1015	4	706
2172	1171	1333	3	579
2173	193	1357	3	543
2174	1104	1103	2	422
2175	209	1204	4	700
2176	911	398	1	205
2177	954	1171	4	738
2178	1192	1231	0	108
2179	556	429	2	327
2180	1198	775	4	746
2181	1153	471	3	515
2182	458	233	3	474
2183	1315	1119	3	579
2184	1208	242	2	350
2185	229	100	0	0
2186	945	273	4	666
2187	1133	386	3	514
2188	1175	811	1	274
2189	249	267	3	471
2190	278	657	4	783
2191	191	540	1	166
2192	176	976	2	393
2193	176	1320	2	386
2194	90	1247	0	72
2195	211	941	1	236
2196	1234	148	0	36
2197	874	585	2	369
2198	146	164	0	0
2199	1154	22	1	193
2200	1204	1056	2	428
2201	430	642	1	174
2202	1113	297	2	356
2203	580	438	1	175
2204	1135	900	3	587
2205	191	635	3	481
2206	408	641	4	645
2207	573	1215	1	233
2208	1152	596	2	360
2209	361	605	0	17
2210	374	977	1	240
2211	1315	219	3	507
2212	1171	376	4	671
2213	278	480	3	479
2214	1104	400	2	357
2215	1273	1337	1	265
2216	1175	264	1	193
2217	202	283	4	628
2218	282	941	4	707
2219	729	260	2	355
2220	416	229	2	316
2221	738	927	1	283
2222	524	602	1	179
2223	1202	1220	0	108
2224	218	600	0	10
2225	282	194	3	471
2226	611	160	0	5
2227	1176	255	4	664
2228	1106	433	2	358
2229	234	578	0	10
2230	259	668	4	783
2231	122	1334	4	700
2232	216	632	1	167
2233	444	594	3	490
2234	1104	628	4	674
2235	187	1302	0	72
2236	450	982	0	84
2237	943	162	3	509
2238	1102	150	4	664
2239	1199	311	1	199
2240	1168	733	1	275
2241	840	648	4	687
2242	1102	1337	3	579
2243	323	288	0	1
2244	1220	1195	3	579
2245	582	425	2	328
2246	1201	1334	1	265
2247	595	363	0	14
2248	509	427	4	641
2249	538	768	1	251
2250	450	252	4	631
2251	1115	1051	3	585
2252	170	47	3	471
2253	1204	675	3	627
2254	347	202	1	158
2255	1113	605	2	360
2256	369	236	2	316
2257	1089	684	0	156
2258	475	276	1	160
2259	214	279	2	314
2260	324	1085	1	230
2261	62	147	4	628
2262	535	1112	4	704
2263	226	668	3	626
2264	809	393	3	520
2265	172	331	0	6
2266	340	228	2	315
2267	250	84	0	0
2268	246	1065	0	78
2269	733	1006	4	750
2270	277	512	3	480
2271	230	401	4	635
2272	471	170	1	160
2273	158	1251	4	700
2274	1298	226	2	350
2275	686	269	0	153
2276	1006	637	0	53
2277	175	419	0	7
2278	748	1191	2	427
2279	509	408	3	484
2280	567	421	3	484
2281	727	161	0	41
2282	231	745	1	239
2283	770	814	1	285
2284	1080	691	4	784
2285	963	258	2	352
2286	931	1088	1	268
2287	967	513	3	523
2288	379	798	4	716
2289	1196	404	4	671
2290	403	997	2	397
2291	377	1184	2	388
2292	1249	1328	4	736
2293	1196	892	4	744
2294	306	1117	0	73
2295	540	985	3	556
2296	949	989	2	433
2297	818	1094	2	426
2298	1122	29	3	507
2299	215	144	2	314
2300	1020	226	2	351
2301	165	378	1	164
2302	1156	919	3	587
2303	1114	284	4	664
2304	236	985	2	393
2305	340	1210	4	701
2306	1244	1230	2	422
2307	539	377	3	484
2308	160	788	2	396
2309	702	163	0	153
2310	1140	1197	3	579
2311	282	717	0	155
2312	331	275	0	1
2313	1156	804	3	588
2314	173	1359	1	229
2315	907	1005	3	591
2316	1349	165	2	350
2317	167	1284	1	229
2318	1292	1290	1	265
2319	820	421	4	677
2320	1196	440	1	201
2321	400	744	4	717
2322	1083	551	3	516
2323	982	565	2	366
2324	1234	34	4	664
2325	608	1161	4	705
2326	942	551	3	523
2327	799	726	2	445
2328	1346	86	1	193
2329	1168	774	4	746
2330	1123	840	0	117
2331	1083	379	1	200
2332	191	34	1	157
2333	710	1157	3	625
2334	601	815	0	92
2335	811	1122	3	583
2336	405	1173	0	74
2337	43	1149	4	700
2338	270	1160	3	543
2339	73	108	1	157
2340	1146	953	2	429
2341	724	233	1	198
2342	122	1352	1	229
2343	187	277	4	628
2344	387	360	0	11
2345	956	287	3	509
2346	223	457	1	165
2347	1220	305	4	670
2348	810	187	4	668
2349	1099	933	4	744
2350	793	639	1	216
2351	1111	1135	1	265
2352	1119	1181	0	108
2353	1117	846	3	588
2354	239	1225	2	386
2355	609	555	1	177
2356	724	213	0	41
2357	1168	1229	2	422
2358	1290	1224	1	265
2359	1304	202	0	36
2360	338	214	0	1
2361	923	784	2	441
2362	979	876	3	594
2363	1141	149	1	193
2364	1045	194	0	37
2365	886	200	4	667
2366	1196	812	3	588
2367	129	1336	0	72
2368	1290	237	0	36
2369	196	282	1	157
2370	10	1301	0	72
2371	377	1208	3	545
2372	1353	79	4	664
2373	1118	1187	0	108
2374	639	249	1	162
2375	264	400	2	321
2376	626	486	4	646
2377	228	1051	3	549
2378	224	1351	4	700
2379	149	469	4	636
2380	399	576	3	487
2381	498	381	3	483
2382	1336	85	2	350
2383	1221	179	1	193
2384	214	670	1	312
2385	836	432	4	677
2386	1205	439	2	358
2387	906	1211	3	582
2388	686	1178	1	311
2389	172	1154	1	229
2390	772	1144	4	741
2391	1164	688	4	784
2392	1102	251	0	36
2393	1294	1252	1	265
2394	814	405	0	49
2395	1292	1197	0	108
2396	1366	1331	0	108
2397	1164	564	1	202
2398	996	768	0	125
2399	225	295	3	477
2400	265	860	3	552
2401	1186	57	3	507
2402	1192	627	0	46
2403	1227	216	4	664
2404	1097	1355	1	265
2405	735	396	1	207
2406	1238	1252	0	108
2407	68	1137	4	700
2408	831	380	3	520
2409	178	138	2	314
2410	236	451	3	479
2411	146	849	4	709
2412	906	975	2	434
2413	1359	1294	2	422
2414	188	162	3	471
2415	208	855	2	395
2416	655	276	0	153
2417	1006	255	4	666
2418	1223	211	0	36
2419	937	778	0	125
2420	805	217	4	668
2421	691	158	4	781
2422	177	28	3	471
2423	1279	1197	2	422
2424	156	1363	1	229
2425	871	156	3	510
2426	1007	431	0	47
2427	899	1211	3	582
2428	268	1014	3	549
2429	94	1335	4	700
2430	496	194	0	3
2431	593	809	1	249
2432	185	690	3	626
2433	121	84	2	314
2434	164	319	1	163
2435	1251	1159	3	579
2436	467	201	0	3
2437	831	1161	4	740
2438	718	204	3	624
2439	1154	858	2	431
2440	1107	58	0	36
2441	950	234	2	352
2442	274	776	3	553
2443	204	648	0	10
2444	775	814	2	442
2445	80	182	3	471
2446	871	283	1	196
2447	844	1150	4	740
2448	577	253	3	476
2449	235	933	1	237
2450	1232	199	2	350
2451	163	1078	3	549
2452	781	278	1	198
2453	931	1193	3	582
2454	362	402	0	11
2455	721	980	3	593
2456	1247	195	4	664
2457	647	458	0	18
2458	162	1141	4	700
2459	535	1179	4	704
2460	246	338	3	477
2461	60	185	2	314
2462	489	966	0	84
2463	980	204	2	352
2464	1148	1168	0	108
2465	39	1229	2	386
2466	72	1154	2	386
2467	159	1064	3	549
2468	1136	411	1	200
2469	1212	1230	0	108
2470	996	942	0	119
2471	945	858	3	595
2472	306	174	4	629
2473	650	229	1	310
2474	1128	760	4	746
2475	1101	124	4	664
2476	595	953	1	243
2477	61	1178	3	543
2478	915	787	2	441
2479	285	132	2	314
2480	144	1140	1	229
2481	246	1226	0	72
2482	1113	1077	4	742
2483	273	771	0	82
2484	21	158	1	157
2485	1223	433	2	358
2486	377	1120	4	702
2487	244	537	0	9
2488	60	21	0	0
2489	538	224	0	4
2490	1166	814	4	745
2491	364	213	2	316
2492	738	388	4	678
2493	152	863	0	81
2494	956	740	3	596
2495	706	266	3	624
2496	234	933	4	708
2497	944	268	2	352
2498	274	1040	2	392
2499	945	493	0	51
