0	884	1144	0	75
1	257	1304	3	351
2	1265	1232	3	375
3	1180	1073	2	280
4	868	1092	4	479
5	588	881	4	470
6	1116	745	3	385
7	84	25	0	0
8	288	568	1	110
9	1145	62	4	428
10	557	204	4	408
11	607	846	2	270
12	929	726	4	495
13	279	455	3	311
14	48	1	4	404
15	1120	1253	4	476
16	891	1166	4	479
17	1032	1094	3	376
18	1161	106	0	24
19	449	1102	4	455
20	856	972	0	85
21	1040	1205	4	477
22	1124	1227	1	173
23	1208	937	2	281
24	891	153	2	229
25	60	1187	4	452
26	155	247	1	101
27	1354	1254	4	476
28	989	731	2	291
29	825	1179	2	278
30	787	560	0	44
31	554	738	1	172
32	796	187	1	129
33	1001	909	3	390
34	432	214	1	103
35	973	281	0	26
36	1240	141	1	125
37	552	226	3	307
38	390	888	2	265
39	1186	31	3	327
40	1167	945	3	382
41	729	475	2	244
42	272	825	4	461
43	45	215	4	404
44	977	794	3	391
45	645	280	0	5
46	448	390	4	416
47	90	261	1	101
48	838	393	1	138
49	175	445	1	109
50	1228	281	2	226
51	1125	45	0	24
52	1139	1020	2	280
53	266	1114	3	351
54	542	599	3	325
55	929	362	1	137
56	1345	1191	1	173
57	227	124	1	101
58	758	407	3	341
59	980	474	4	443
60	403	871	4	467
61	1195	708	0	100
62	1105	248	0	24
63	29	1115	3	351
64	1201	801	0	81
65	152	289	4	410
66	145	899	2	258
67	1165	1116	2	274
68	507	269	2	206
69	1307	97	2	226
70	978	944	4	487
71	1200	923	0	80
72	278	883	1	157
73	1102	795	0	81
74	405	626	1	118
75	1308	193	4	428
76	1047	1127	2	275
77	144	1158	3	351
78	610	410	1	115
79	173	219	0	0
80	247	429	2	209
81	932	613	1	144
82	210	534	3	312
83	1041	1163	1	174
84	1183	466	3	335
85	54	32	2	202
86	1275	51	0	24
87	1208	871	2	282
88	348	1198	0	49
89	1133	495	1	133
90	1221	920	1	181
91	1154	293	3	333
92	1100	851	3	384
93	212	186	4	404
94	970	857	1	189
95	64	119	2	202
96	1310	1109	2	274
97	45	265	1	101
98	1132	367	3	334
99	466	789	1	168
100	1153	1006	3	382
101	207	548	2	211
102	934	1132	2	277
103	138	223	0	0
104	86	1125	2	250
105	493	734	3	370
106	573	1211	0	52
107	924	264	2	229
108	1331	197	1	125
109	895	1105	1	176
110	867	208	1	128
111	1022	217	3	328
112	220	129	2	202
113	1160	963	2	281
114	1141	463	2	234
115	284	1331	3	351
116	262	1217	1	149
117	104	1203	3	351
118	251	713	1	200
119	1199	1054	0	78
120	161	1262	4	452
121	1201	1282	1	173
122	1355	1143	1	173
123	382	1006	0	59
124	906	1198	1	176
125	1306	176	2	226
126	471	783	3	370
127	1277	22	0	24
128	1200	432	0	31
129	1036	285	0	25
130	1198	1341	2	274
131	989	1218	3	377
132	4	1144	1	149
133	645	399	4	418
134	948	808	2	290
135	410	264	1	103
136	1083	1154	4	476
137	322	149	4	405
138	923	161	4	431
139	1190	94	2	226
140	1303	84	2	226
141	648	227	4	409
142	614	463	3	321
143	574	201	1	105
144	421	535	4	420
145	483	252	4	407
146	643	949	0	62
147	1104	1242	4	476
148	1169	310	3	333
149	1227	1326	0	72
150	1317	1118	0	72
151	1081	543	1	134
152	809	990	4	489
153	112	282	2	202
154	202	1257	2	250
155	993	871	2	289
156	187	589	3	313
157	341	1124	3	352
158	983	396	3	338
159	533	269	2	206
160	128	1196	0	48
161	496	419	1	113
162	169	910	0	56
163	477	1146	1	152
164	1086	1168	2	274
165	1178	1215	3	375
166	413	995	2	261
167	1051	1132	1	174
168	236	838	0	57
169	174	1185	1	149
170	1006	465	3	342
171	1142	304	4	434
172	491	381	2	214
173	1137	975	3	382
174	942	1006	1	184
175	682	152	2	299
176	1193	1293	0	72
177	546	1117	0	52
178	825	623	1	148
179	1168	1363	4	476
180	1253	1321	0	72
181	258	63	4	404
182	1059	1152	2	275
183	400	449	2	217
184	1197	1147	3	375
185	1279	110	4	428
186	973	288	1	127
187	432	875	2	265
188	402	924	0	63
189	831	1222	1	177
190	1008	795	2	290
191	490	285	3	306
192	592	379	1	115
193	1331	103	3	327
194	545	980	0	61
195	1174	1267	2	274
196	192	773	1	159
197	1121	930	1	181
198	596	840	3	371
199	983	274	2	228
200	1179	375	2	233
201	1339	73	4	428
202	865	957	3	387
203	821	745	1	196
204	168	1174	3	351
205	1356	1287	0	72
206	242	1356	2	250
207	973	232	2	228
208	252	633	1	111
209	570	642	2	225
210	526	1165	2	254
211	988	198	2	228
212	143	98	2	202
213	1042	1144	2	275
214	418	815	2	266
215	569	180	3	307
216	30	208	2	202
217	501	1203	3	354
218	424	877	1	164
219	551	200	3	307
220	1149	1065	3	381
221	926	989	2	286
222	650	1089	2	300
223	1123	1057	0	78
224	1182	200	1	125
225	237	821	0	57
226	72	50	2	202
227	183	1289	0	48
228	886	389	3	339
229	440	226	3	306
230	254	959	1	156
231	1119	1324	1	173
232	877	605	4	447
233	1092	1317	0	72
234	199	1084	3	351
235	476	592	3	322
236	1315	180	4	428
237	472	982	3	363
238	5	123	3	303
239	67	1322	3	351
240	268	500	2	210
241	852	230	3	331
242	180	386	4	411
243	266	669	4	503
244	1305	256	2	226
245	1268	1365	0	72
246	1098	1174	2	274
247	181	82	4	404
248	742	926	2	292
249	1176	33	0	24
250	847	190	2	230
251	975	631	4	445
252	272	801	3	360
253	1024	1165	1	174
254	970	169	3	329
255	409	1136	2	252
256	1054	1201	4	477
257	197	519	2	211
258	422	845	2	266
259	379	1099	4	454
260	1282	1119	0	72
261	1350	1176	0	72
262	752	441	1	143
263	819	242	1	129
264	414	624	2	219
265	524	367	1	114
266	1353	215	1	125
267	1129	802	4	485
268	577	217	4	409
269	1337	1098	2	274
270	213	672	2	301
271	996	158	0	26
272	1136	368	2	233
273	587	561	4	424
274	1262	1157	3	375
275	1209	378	0	31
276	1330	1200	4	476
277	1127	1023	2	280
278	282	1348	0	48
279	1130	125	1	125
280	1110	90	3	327
281	458	395	1	113
282	1138	1004	1	180
283	89	1320	0	48
284	1088	876	1	181
285	1173	1086	1	173
286	1128	87	1	125
287	994	813	1	189
288	526	1088	1	153
289	177	1296	3	351
290	887	383	1	137
291	972	381	3	338
292	1234	258	0	24
293	37	1240	2	250
294	892	1196	1	176
295	156	630	1	111
296	1167	1248	4	476
297	190	1029	4	458
298	1016	1119	0	73
299	107	1336	1	149
300	484	1146	4	455
301	207	377	3	310
302	1192	1223	2	274
303	1258	1185	1	173
304	1101	1085	3	375
305	155	132	4	404
306	45	1121	2	250
307	76	1238	3	351
308	1179	371	4	435
309	1113	471	1	133
310	303	211	2	203
311	936	903	3	390
312	807	986	1	186
313	869	383	4	440
314	419	949	3	362
315	756	1129	1	178
316	1167	858	3	384
317	841	1198	0	76
318	176	688	0	99
319	1100	821	1	182
320	270	182	1	101
321	1207	700	2	302
322	111	1242	4	452
323	1162	944	1	180
324	1222	1311	1	173
325	946	247	4	430
326	1094	530	3	336
327	729	935	4	494
328	169	336	3	309
329	168	86	2	202
330	283	1217	2	250
331	95	22	0	0
332	1112	610	3	337
333	334	1175	2	251
334	1241	181	1	125
335	57	1094	2	250
336	1163	1367	1	173
337	71	1344	0	48
338	1264	13	2	226
339	788	1170	3	380
340	1175	112	0	24
341	78	1219	4	452
342	466	371	0	12
343	1198	1030	0	78
344	797	407	1	138
345	370	773	0	65
346	1146	519	4	437
347	480	238	1	104
348	637	499	2	220
349	814	1188	0	76
350	211	254	3	303
351	1088	453	2	234
352	193	5	1	101
353	1220	1356	2	274
354	196	115	4	404
355	944	796	3	391
356	192	889	1	157
357	1106	50	1	125
358	530	179	0	4
359	1119	975	1	180
360	403	552	3	319
361	979	648	2	243
362	14	1307	1	149
363	1251	249	0	24
364	333	1140	3	352
365	152	236	1	101
366	980	1156	0	74
367	1128	381	3	334
368	413	434	3	318
369	188	1149	0	48
370	1219	937	1	180
371	525	271	4	408
372	681	1178	3	401
373	263	28	3	303
374	440	1006	2	262
375	972	996	3	386
376	1250	1237	3	375
377	1103	1069	0	78
378	959	500	1	140
379	155	583	2	212
380	989	1189	3	377
381	1290	89	4	428
382	682	1117	1	199
383	894	785	2	293
384	772	277	3	332
385	269	1078	0	54
386	189	489	4	412
387	787	996	2	288
388	186	735	3	361
389	379	415	3	314
390	386	870	2	265
391	1141	855	1	182
392	1351	1273	3	375
393	1280	1192	1	173
394	1112	1146	3	375
395	312	1127	0	49
396	763	182	3	332
397	346	1198	1	150
398	684	1197	0	98
399	979	1085	3	377
400	904	1214	3	378
401	1195	503	4	436
402	155	752	4	462
403	190	1092	2	250
404	830	759	3	397
405	917	154	1	128
406	838	638	1	148
407	409	916	2	265
408	1162	1299	1	173
409	622	975	0	62
410	990	916	0	87
411	243	1124	1	149
412	288	205	2	202
413	732	446	2	244
414	929	739	3	394
415	91	1218	2	250
416	1184	1323	1	173
417	717	1108	2	300
418	41	0	2	202
419	122	1221	2	250
420	1177	436	0	32
421	446	938	3	363
422	281	808	2	259
423	515	968	2	263
424	291	1167	1	150
425	671	1095	3	401
426	727	441	3	345
427	476	578	3	322
428	3	1153	2	250
429	221	644	3	313
430	393	751	2	267
431	532	205	4	408
432	656	1155	4	502
433	778	873	3	393
434	864	955	2	286
435	147	138	4	404
436	198	100	2	202
437	197	737	2	260
438	260	713	0	99
439	191	280	1	101
440	447	644	3	322
441	233	1249	4	452
442	1209	15	1	125
443	938	965	4	487
444	268	467	4	412
445	162	30	1	101
446	1198	425	2	233
447	1218	964	0	79
448	185	942	1	156
449	508	404	2	215
450	881	1128	0	75
451	433	722	4	471
452	88	1245	4	452
453	172	772	2	260
454	1267	1177	4	476
455	205	649	4	503
456	1090	132	2	226
457	6	186	1	101
458	149	1017	2	256
459	179	1120	4	452
460	1359	246	4	428
461	1212	234	3	327
462	336	1113	3	352
463	184	1200	4	452
464	916	1005	3	387
465	1081	1355	2	274
466	632	411	3	317
467	275	884	1	157
468	285	1106	0	48
469	85	84	1	101
470	943	568	3	343
471	434	750	1	168
472	1097	405	3	334
473	1189	744	4	486
474	854	1220	4	480
475	611	260	4	409
476	1101	653	0	100
477	310	1193	3	352
478	280	1112	1	149
479	206	1191	3	351
480	142	231	1	101
481	560	739	1	172
482	1150	321	1	131
483	133	1230	2	250
484	374	959	3	362
485	1122	670	0	100
486	1110	272	0	24
487	248	511	2	211
488	871	227	1	128
489	1066	1201	1	174
490	1263	9	0	24
491	53	97	0	0
492	111	278	1	101
493	1147	913	0	80
494	1167	217	4	428
495	990	845	0	88
496	546	1136	4	456
497	495	748	1	168
498	1160	391	2	233
499	703	1158	3	401
500	1155	786	3	385
501	1303	224	4	428
502	813	150	3	331
503	214	1366	0	48
504	250	850	0	57
505	363	546	2	218
506	117	3	1	101
507	1178	1077	2	280
508	1095	623	4	438
509	271	591	2	212
510	834	1177	0	76
511	361	812	2	266
512	384	781	0	65
513	609	400	0	14
514	435	399	2	214
515	945	623	0	41
516	426	947	0	59
517	973	625	3	344
518	283	694	2	301
519	277	89	1	101
520	669	1083	3	401
521	1224	1167	4	476
522	169	576	2	211
523	1192	465	2	234
524	728	903	2	292
525	159	851	1	158
526	774	918	1	191
527	1134	238	4	428
528	832	252	1	129
529	411	528	0	16
530	1226	1181	3	375
531	1204	107	1	125
532	616	570	4	425
533	70	1361	1	149
534	1106	989	4	483
535	495	635	2	221
536	975	989	2	285
537	392	627	4	421
538	1142	527	2	235
539	726	1197	2	279
540	444	1178	0	51
541	171	1358	3	351
542	107	1237	1	149
543	1085	461	1	133
544	1096	240	0	24
545	157	707	0	99
546	136	1229	1	149
547	893	783	2	293
548	93	1184	3	351
549	285	618	0	10
550	1343	115	2	226
551	899	410	3	339
552	381	372	3	314
553	164	1158	0	48
554	652	146	3	400
555	1148	666	0	100
556	1084	1063	4	482
557	1041	218	2	227
558	1082	888	2	282
559	1354	241	0	24
560	1187	399	0	31
561	525	375	2	215
562	575	1194	2	254
563	339	1202	1	150
564	738	402	4	442
565	819	1221	0	76
566	502	423	4	416
567	66	243	2	202
568	1094	626	0	34
569	767	808	1	193
570	1080	673	3	403
571	819	740	1	196
572	296	170	1	102
573	1262	76	4	428
574	471	980	1	161
575	1247	232	3	327
576	243	305	0	6
577	485	185	2	205
578	958	363	1	136
579	389	276	2	204
580	421	1117	3	353
581	1333	260	4	428
582	398	735	4	469
583	112	1168	0	48
584	177	196	4	404
585	436	1141	2	253
586	228	1205	4	452
587	984	1187	3	377
588	282	940	3	358
589	876	739	2	293
590	212	492	4	412
591	893	1121	3	378
592	1262	1151	3	375
593	232	1128	4	452
594	1210	753	0	82
595	148	1056	0	54
596	278	1342	1	149
597	12	1309	0	48
598	1289	54	4	428
599	665	243	4	501
600	428	887	1	164
601	1186	732	0	82
602	1290	1153	4	476
603	162	519	4	413
604	7	1219	1	149
605	78	32	1	101
606	1351	1139	3	375
607	428	562	0	16
608	1091	344	0	30
609	1131	264	3	327
610	538	960	1	162
611	1153	24	2	226
612	226	498	3	311
613	1176	416	2	233
614	1133	478	1	133
615	403	736	0	65
616	1242	19	2	226
617	1185	1194	3	375
618	287	65	1	101
619	385	428	2	213
620	264	685	2	301
621	254	44	1	101
622	1187	204	0	24
623	1095	806	3	384
624	283	1287	0	48
625	1124	450	3	335
626	194	1319	4	452
627	977	373	1	136
628	1178	136	3	327
629	1301	201	0	24
630	526	238	3	307
631	270	616	1	111
632	250	286	0	0
633	792	888	1	191
634	459	1202	1	152
635	1089	1011	3	381
636	253	783	2	260
637	522	1162	1	153
638	249	784	2	260
639	426	754	2	267
640	244	1089	2	250
641	186	1162	3	351
642	725	1133	4	481
643	655	249	3	400
644	1247	1243	1	173
645	1151	205	0	24
646	1001	1191	1	175
647	1273	1102	2	274
648	398	377	0	11
649	1184	1178	0	72
650	942	256	3	329
651	316	1149	4	453
652	1309	1322	1	173
653	1055	243	0	25
654	84	236	4	404
655	825	208	0	28
656	1337	1333	2	274
657	1153	5	2	226
658	960	481	3	342
659	962	445	3	342
660	283	182	0	0
661	217	665	0	99
662	547	1093	0	52
663	1083	1145	3	375
664	1328	80	1	125
665	1259	274	4	428
666	835	722	1	196
667	585	1002	4	466
668	379	1216	1	151
669	64	165	1	101
670	76	7	0	0
671	888	150	0	27
672	834	391	0	37
673	1084	98	4	428
674	525	977	2	263
675	906	146	0	27
676	408	465	1	116
677	13	52	3	303
678	241	429	4	411
679	1298	157	0	24
680	777	884	2	292
681	592	1085	0	53
682	574	391	3	316
683	1172	205	0	24
684	689	235	1	198
685	1349	1193	0	72
686	930	367	3	339
687	246	226	4	404
688	917	1221	0	75
689	705	187	0	97
690	1148	198	3	327
691	864	1119	1	176
692	1088	522	3	336
693	711	1151	4	502
694	992	369	0	35
695	256	490	4	412
696	267	849	2	259
697	987	210	4	430
698	816	596	4	450
699	980	505	4	444
700	1180	1344	2	274
701	230	51	4	404
702	305	160	3	304
703	1132	521	1	134
704	1187	1366	2	274
705	967	251	0	26
706	734	971	0	86
707	73	125	1	101
708	1194	237	1	125
709	1204	776	1	183
710	1093	191	4	428
711	1243	1158	3	375
712	595	158	2	207
713	1040	198	3	328
714	855	236	0	28
715	1166	128	1	125
716	776	871	2	292
717	474	204	4	407
718	232	804	2	259
719	772	1172	1	178
720	429	518	3	319
721	372	192	1	103
722	108	1215	0	48
723	63	178	1	101
724	1220	121	0	24
725	559	379	2	215
726	113	1205	4	452
727	781	962	1	187
728	231	909	3	359
729	280	996	2	257
730	265	549	4	413
731	1158	38	3	327
732	953	903	0	87
733	1191	501	3	335
734	473	224	2	205
735	201	406	2	209
736	803	1135	0	76
737	594	1098	0	53
738	1116	1040	0	78
739	173	878	4	460
740	183	307	3	309
741	159	1327	0	48
742	562	403	0	13
743	1167	210	0	24
744	265	950	3	358
745	1287	1128	1	173
746	411	784	0	65
747	908	1194	4	479
748	443	405	1	113
749	1203	649	1	201
750	1354	1320	2	274
751	1210	334	1	131
752	432	403	3	314
753	385	1094	2	252
754	1044	1105	2	275
755	476	1091	0	51
756	205	250	4	404
757	205	637	1	111
758	565	734	3	374
759	1178	533	2	235
760	800	637	2	249
761	584	831	4	472
762	1050	1093	3	376
763	754	493	0	42
764	1132	672	3	403
765	996	218	1	127
766	265	1075	3	357
767	227	1138	4	452
768	188	138	4	404
769	86	1108	3	351
770	922	753	3	394
771	159	252	1	101
772	1140	769	0	82
773	846	642	3	350
774	381	985	1	160
775	935	619	2	245
776	41	1249	1	149
777	1113	1353	1	173
778	405	846	3	367
779	509	269	3	307
780	436	763	1	168
781	802	410	0	37
782	1094	36	1	125
783	140	223	2	202
784	1312	1338	2	274
785	1220	813	1	182
786	1306	1186	3	375
787	197	840	3	360
788	482	999	3	363
789	2	7	0	0
790	376	1184	4	454
791	236	1282	0	48
792	1081	547	1	134
793	557	286	3	307
794	120	1336	0	48
795	774	418	0	38
796	277	392	0	7
797	73	3	0	0
798	17	1106	1	149
799	908	233	2	229
800	650	1207	0	98
801	722	429	1	139
802	1350	1336	1	173
803	1066	1118	1	174
804	523	222	4	408
805	554	627	3	326
806	975	567	4	444
807	240	422	0	7
808	288	1062	2	256
809	282	151	4	404
810	1084	29	4	428
811	888	174	0	27
812	131	1259	3	351
813	902	1168	0	75
814	1127	366	1	132
815	609	226	4	409
816	163	1242	3	351
817	143	163	2	202
818	202	568	1	110
819	136	227	2	202
820	288	537	3	312
821	1109	347	3	333
822	1163	99	0	24
823	761	937	3	389
824	135	17	1	101
825	768	389	1	139
826	158	5	3	303
827	1303	18	1	125
828	122	1167	0	48
829	736	1101	2	279
830	630	1134	1	154
831	1355	138	1	125
832	189	61	0	0
833	247	1143	4	452
834	222	180	2	202
835	17	233	0	0
836	954	828	1	189
837	1170	1004	4	483
838	594	1162	3	356
839	430	739	2	267
840	1132	1226	2	274
841	1235	1237	4	476
842	1210	232	2	226
843	1220	702	0	100
844	472	761	2	269
845	406	940	4	463
846	410	513	0	16
847	737	895	2	292
848	259	341	3	309
849	823	402	2	239
850	620	265	0	5
851	1084	896	2	282
852	774	950	2	288
853	540	1151	2	254
854	537	270	3	307
855	364	205	1	103
856	645	800	0	69
857	61	180	0	0
858	38	53	0	0
859	926	772	1	192
860	272	313	0	6
861	286	300	3	309
862	204	342	0	6
863	683	1151	3	401
864	1186	792	1	182
865	364	250	3	305
866	1363	1208	0	72
867	1180	776	1	183
868	1214	305	4	434
869	414	1110	1	151
870	557	621	2	225
871	501	948	3	363
872	156	215	2	202
873	1093	1084	1	173
874	553	158	0	4
875	539	985	1	162
876	768	185	3	332
877	849	225	4	432
878	523	215	2	206
879	233	1170	3	351
880	1107	744	4	486
881	1115	1010	4	482
882	178	68	1	101
883	180	501	1	109
884	700	1171	1	199
885	56	1347	3	351
886	659	257	1	198
887	1264	1164	0	72
888	984	818	4	492
889	889	1192	3	378
890	257	422	4	411
891	1335	219	3	327
892	166	1118	1	149
893	187	149	0	0
894	406	508	4	420
895	192	1063	2	256
896	175	32	0	0
897	726	983	4	490
898	17	36	0	0
899	350	146	1	102
900	586	433	0	18
901	1255	1297	3	375
902	832	589	1	147
903	497	385	4	416
904	75	281	4	404
905	664	1085	3	401
906	885	1101	4	479
907	672	252	2	299
908	968	975	4	487
909	743	1086	3	380
910	1196	899	0	80
911	7	238	0	0
912	179	829	3	360
913	1351	66	1	125
914	260	740	1	159
915	597	576	4	424
916	1186	897	3	383
917	1084	652	2	302
918	133	285	0	0
919	1178	964	4	483
920	178	1159	0	48
921	689	276	3	400
922	401	602	4	421
923	57	1365	2	250
924	442	1221	0	51
925	182	1206	0	48
926	679	210	3	400
927	1249	1150	4	476
928	720	190	1	130
929	163	1265	0	48
930	1213	26	0	24
931	1095	492	0	32
932	240	1292	1	149
933	1162	280	3	327
934	1004	1107	3	377
935	291	1118	1	150
936	258	305	0	6
937	542	197	0	4
938	498	732	3	370
939	198	235	0	0
940	424	600	3	320
941	410	808	0	64
942	600	810	0	68
943	1153	206	4	428
944	1111	934	4	484
945	796	725	1	196
946	408	418	0	11
947	160	278	0	0
948	673	1191	3	401
949	1271	92	1	125
950	636	498	3	321
951	640	396	3	317
952	1210	510	4	437
953	1190	234	3	327
954	1235	24	0	24
955	209	959	1	156
956	720	1214	2	279
957	256	597	0	10
958	907	599	4	447
959	1132	1235	1	173
960	990	955	1	184
961	225	616	3	313
962	374	161	3	305
963	221	71	4	404
964	1108	954	4	483
965	806	207	1	129
966	1294	139	1	125
967	1335	1150	2	274
968	303	145	2	203
969	975	1183	4	478
970	497	614	2	221
971	1178	336	4	434
972	176	392	1	108
973	983	969	2	285
974	728	1169	2	279
975	188	450	3	311
976	978	853	2	290
977	1230	1362	2	274
978	334	1139	1	150
979	1259	263	0	24
980	1162	1252	4	476
981	728	242	0	29
982	1301	116	0	24
983	189	428	1	108
984	191	548	4	413
985	8	1140	4	452
986	463	428	3	315
987	1154	1091	2	274
988	44	144	0	0
989	1348	177	3	327
990	1257	271	0	24
991	914	1179	1	176
992	399	407	1	112
993	999	639	3	344
994	996	619	1	142
995	774	889	4	494
996	956	623	2	243
997	1220	218	0	24
998	232	356	1	107
999	806	942	2	287
1000	1142	627	0	34
1001	1147	192	0	24
1002	1266	162	1	125
1003	158	75	1	101
1004	1120	926	1	181
1005	77	187	3	303
1006	590	568	3	323
1007	1112	23	2	226
1008	192	634	1	111
1009	590	408	2	216
1010	276	506	4	413
1011	768	936	2	288
1012	1304	1366	1	173
1013	1019	1102	3	376
1014	1205	1348	3	375
1015	154	555	4	413
1016	23	272	1	101
1017	582	441	3	321
1018	242	297	0	6
1019	1146	1060	3	381
1020	252	1260	4	452
1021	445	631	4	423
1022	148	599	4	414
1023	1139	372	2	233
1024	812	1098	2	278
1025	1066	1182	0	73
1026	84	1335	3	351
1027	465	1082	3	354
1028	723	244	4	433
1029	652	1165	1	199
1030	1219	774	4	486
1031	725	925	1	191
1032	1088	905	0	80
1033	396	1174	1	151
1034	497	1190	4	455
1035	45	47	4	404
1036	648	251	3	308
1037	420	801	3	367
1038	579	161	2	207
1039	1146	1316	0	72
1040	272	646	0	10
1041	963	733	1	190
1042	197	85	0	0
1043	196	1212	4	452
1044	1341	87	0	24
1045	1198	247	4	428
1046	1363	1289	3	375
1047	252	329	0	6
1048	395	217	4	406
1049	1142	872	0	80
1050	1128	1335	3	375
1051	54	1105	1	149
1052	1103	743	1	183
1053	211	483	3	311
1054	520	283	1	105
1055	1095	1021	1	179
1056	990	277	3	329
1057	62	1214	2	250
1058	1104	807	0	81
1059	175	161	0	0
1060	645	1104	2	255
1061	1329	1332	1	173
1062	1348	1318	1	173
1063	385	816	2	266
1064	919	1115	0	75
1065	1363	25	2	226
1066	1002	981	1	184
1067	47	1275	1	149
1068	91	1348	1	149
1069	738	1173	2	279
1070	986	764	4	493
1071	283	1146	0	48
1072	404	1156	3	353
1073	916	183	2	229
1074	169	605	1	111
1075	431	1153	0	50
1076	543	1147	1	153
1077	1169	1040	2	280
1078	233	1134	4	452
1079	1316	1162	2	274
1080	1097	845	2	283
1081	19	1213	3	351
1082	1084	863	0	81
1083	879	1101	1	176
1084	1131	1079	1	179
1085	68	1125	0	48
1086	998	903	1	188
1087	1137	299	3	333
1088	248	374	2	209
1089	890	1108	1	176
1090	956	795	2	290
1091	1140	1152	0	72
1092	923	1113	3	378
1093	343	1085	4	453
1094	1178	1359	2	274
1095	1102	733	2	284
1096	775	818	1	193
1097	221	1114	3	351
1098	1149	515	3	336
1099	795	155	2	230
1100	615	193	3	308
1101	1340	1138	1	173
1102	1096	1112	1	173
1103	581	949	4	466
1104	275	1328	0	48
1105	1163	951	1	180
1106	124	1323	1	149
1107	38	1108	4	452
1108	1136	377	4	435
1109	676	1159	2	300
1110	336	1151	2	251
1111	266	879	1	157
1112	282	310	0	6
1113	976	392	2	237
1114	729	875	3	393
1115	369	736	1	166
1116	913	245	2	229
1117	1114	1256	3	375
1118	580	1082	0	53
1119	1205	738	4	486
1120	1170	1192	4	476
1121	915	173	2	229
1122	172	595	0	10
1123	936	464	3	342
1124	189	378	1	108
1125	188	803	0	57
1126	279	783	3	361
1127	448	1193	2	253
1128	287	1129	1	149
1129	158	531	1	110
1130	864	221	1	128
1131	1016	1193	0	73
1132	1119	835	0	81
1133	1223	754	0	82
1134	859	1222	3	379
1135	219	677	2	301
1136	270	1136	3	351
1137	1252	125	0	24
1138	781	836	0	92
1139	900	1194	1	176
1140	1313	1276	4	476
1141	647	1008	0	62
1142	1112	1147	4	476
1143	637	939	0	62
1144	582	246	4	409
1145	952	177	1	127
1146	1234	1306	0	72
1147	1094	354	0	30
1148	337	1175	3	352
1149	170	980	0	55
1150	158	1012	3	357
1151	347	178	1	102
1152	1194	308	2	232
1153	772	1162	0	77
1154	908	635	1	144
1155	1107	929	4	484
1156	762	818	4	496
1157	209	1172	2	250
1158	1047	1085	4	477
1159	1003	745	2	291
1160	960	198	4	430
1161	193	1045	0	54
1162	594	1145	3	356
1163	1166	741	3	385
1164	1134	396	2	233
1165	412	957	4	463
1166	638	927	0	66
1167	584	523	1	121
1168	939	232	1	127
1169	1119	1179	3	375
1170	1178	869	2	282
1171	945	628	1	142
1172	180	671	1	200
1173	196	566	0	9
1174	1346	6	1	125
1175	89	1278	0	48
1176	252	1026	0	54
1177	243	406	0	7
1178	1169	928	4	484
1179	635	256	0	5
1180	473	598	0	19
1181	1170	487	1	133
1182	1118	817	2	283
1183	982	422	2	237
1184	1001	1098	3	377
1185	1001	951	4	487
1186	724	911	3	393
1187	1233	188	1	125
1188	183	1179	0	48
1189	1169	527	1	134
1190	567	1211	0	52
1191	1151	516	2	235
1192	417	520	3	319
1193	743	411	1	139
1194	112	1157	1	149
1195	1220	1104	0	72
1196	1271	126	4	428
1197	1106	1330	3	375
1198	386	1141	3	353
1199	921	432	4	440
1200	1268	35	1	125
1201	640	951	3	365
1202	268	1069	4	458
1203	889	1212	1	176
1204	772	386	2	240
1205	934	170	0	27
1206	1009	287	2	227
1207	261	59	1	101
1208	733	873	2	292
1209	427	616	4	421
1210	1175	1016	0	78
1211	541	417	2	215
1212	193	1271	1	149
1213	1023	206	4	429
1214	1135	305	3	333
1215	1083	312	2	232
1216	252	1217	2	250
1217	949	977	2	285
1218	554	783	3	373
1219	1227	1198	0	72
1220	1250	1233	2	274
1221	852	209	1	129
1222	1224	1300	2	274
1223	1091	986	0	79
1224	363	1190	3	353
1225	403	634	4	421
1226	890	629	3	346
1227	264	1294	3	351
1228	986	565	4	444
1229	281	707	1	200
1230	1359	6	4	428
1231	1167	1303	4	476
1232	1189	960	1	180
1233	254	962	1	156
1234	157	276	1	101
1235	147	708	2	301
1236	1268	1213	3	375
1237	439	360	3	315
1238	389	396	3	314
1239	881	615	0	43
1240	82	1314	1	149
1241	804	939	1	186
1242	1085	678	3	403
1243	984	414	1	136
1244	995	378	4	439
1245	846	778	3	397
1246	177	151	0	0
1247	752	1123	4	481
1248	1321	1218	2	274
1249	38	1291	2	250
1250	666	207	1	198
1251	1250	1359	0	72
1252	245	98	3	303
1253	480	1157	0	51
1254	1052	231	3	328
1255	278	968	2	257
1256	1250	1117	2	274
1257	1305	40	4	428
1258	256	38	2	202
1259	625	460	2	220
1260	1064	287	3	328
1261	1322	239	0	24
1262	183	865	0	56
1263	809	1123	4	480
1264	272	199	1	101
1265	1198	946	0	79
1266	287	102	2	202
1267	226	539	4	413
1268	287	811	3	360
1269	161	150	2	202
1270	653	235	2	299
1271	1145	541	3	336
1272	335	212	0	1
1273	717	1146	0	98
1274	1335	124	3	327
1275	825	735	3	398
1276	35	1241	3	351
1277	381	271	4	406
1278	1208	1042	0	78
1279	866	269	2	229
1280	46	1255	1	149
1281	192	383	1	108
1282	708	240	0	97
1283	1091	588	0	34
1284	1133	1006	1	180
1285	173	601	1	111
1286	239	1001	2	257
1287	553	1169	4	456
1288	13	1352	0	48
1289	1292	270	1	125
1290	733	478	1	143
1291	68	229	4	404
1292	1146	69	3	327
1293	803	1174	4	480
1294	219	36	3	303
1295	538	1101	0	52
1296	489	593	0	19
1297	800	644	2	249
1298	49	72	4	404
1299	1292	56	0	24
1300	182	1324	4	452
1301	265	968	2	257
1302	36	195	3	303
1303	1100	224	3	327
1304	1160	1157	0	72
1305	1037	1164	1	174
1306	86	183	2	202
1307	29	99	2	202
1308	258	589	1	111
1309	228	1181	1	149
1310	463	959	4	464
1311	1128	250	3	327
1312	1155	887	4	484
1313	169	693	0	99
1314	214	1066	1	155
1315	367	1112	3	353
1316	185	173	4	404
1317	410	375	0	11
1318	267	756	2	260
1319	398	163	2	204
1320	581	900	0	66
1321	651	1123	1	199
1322	248	823	2	259
1323	774	151	3	332
1324	172	303	3	309
1325	1172	86	1	125
1326	812	203	2	230
1327	38	1082	4	452
1328	65	256	1	101
1329	1238	1182	2	274
1330	901	1081	0	75
1331	549	786	4	474
1332	100	1287	2	250
1333	1329	179	3	327
1334	651	1134	0	98
1335	1353	37	3	327
1336	995	634	2	243
1337	450	197	2	205
1338	657	1114	3	401
1339	1336	101	1	125
1340	1344	241	2	226
1341	962	1149	2	276
1342	677	149	2	299
1343	572	1176	0	52
1344	89	1114	1	149
1345	1085	733	3	385
1346	147	660	4	503
1347	974	415	2	237
1348	1341	1130	0	72
1349	1091	33	4	428
1350	1194	57	2	226
1351	1340	209	0	24
1352	1226	272	1	125
1353	563	957	1	162
1354	4	1279	3	351
1355	951	482	4	443
1356	1075	247	4	429
1357	122	1233	2	250
1358	770	153	0	29
1359	282	783	3	361
1360	1210	434	1	133
1361	181	1324	2	250
1362	1104	308	0	30
1363	909	368	1	137
1364	56	1167	0	48
1365	1175	972	2	281
1366	142	1147	1	149
1367	1179	1085	2	274
1368	277	1267	2	250
1369	226	7	3	303
1370	938	246	0	26
1371	99	18	4	404
1372	185	352	2	208
1373	1128	574	4	437
1374	1304	236	3	327
1375	87	178	2	202
1376	1223	215	1	125
1377	336	200	0	1
1378	211	1148	1	149
1379	777	1139	3	380
1380	235	349	2	208
1381	1291	182	0	24
1382	837	1098	2	278
1383	471	166	0	3
1384	1331	1172	2	274
1385	425	566	3	319
1386	458	1118	4	455
1387	267	787	4	462
1388	262	370	0	7
1389	600	469	3	321
1390	525	412	1	114
1391	43	1230	4	452
1392	696	1187	3	401
1393	176	713	0	99
1394	1129	1046	4	482
1395	191	721	4	462
1396	1111	106	1	125
1397	446	751	4	471
1398	60	234	3	303
1399	157	350	4	410
1400	180	536	0	9
1401	136	1126	4	452
1402	886	1007	0	84
1403	176	512	3	312
1404	555	237	4	408
1405	113	1219	2	250
1406	630	806	4	473
1407	45	1349	0	48
1408	539	381	1	114
1409	370	1146	2	252
1410	1146	177	3	327
1411	198	1184	4	452
1412	83	92	2	202
1413	1293	1253	1	173
1414	253	253	3	303
1415	788	501	2	244
1416	633	989	2	264
1417	231	408	4	411
1418	70	183	1	101
1419	143	1118	1	149
1420	207	979	3	358
1421	280	258	2	202
1422	95	95	2	202
1423	919	1110	4	479
1424	1364	1273	2	274
1425	156	917	1	157
1426	234	708	2	301
1427	230	1235	4	452
1428	971	992	0	83
1429	265	18	2	202
1430	476	1200	3	354
1431	90	98	4	404
1432	241	1074	0	54
1433	866	232	1	128
1434	1214	717	4	504
1435	629	490	3	321
1436	618	1080	3	356
1437	548	615	4	427
1438	1068	238	1	126
1439	73	201	4	404
1440	996	365	2	237
1441	146	517	2	211
1442	620	399	0	14
1443	460	581	1	120
1444	286	1333	4	452
1445	1158	3	4	428
1446	156	198	4	404
1447	273	508	2	211
1448	258	600	3	313
1449	1174	559	1	134
1450	989	964	1	184
1451	246	1050	2	256
1452	1249	154	4	428
1453	988	473	4	443
1454	195	1162	2	250
1455	1213	628	1	135
1456	60	172	0	0
1457	1085	581	4	438
1458	701	1094	3	401
1459	60	155	3	303
1460	771	1189	1	178
1461	763	985	4	490
1462	558	374	1	114
1463	1017	260	2	227
1464	495	390	4	416
1465	9	1183	4	452
1466	1359	1174	4	476
1467	1183	1360	3	375
1468	102	85	4	404
1469	634	209	1	106
1470	867	620	0	43
1471	1191	24	0	24
1472	1256	249	2	226
1473	123	156	4	404
1474	1244	75	3	327
1475	731	828	3	396
1476	150	1230	2	250
1477	724	148	0	29
1478	1085	907	1	181
1479	89	227	0	0
1480	464	606	0	19
1481	1265	1226	3	375
1482	1180	928	4	484
1483	561	978	2	263
1484	167	1215	1	149
1485	222	846	0	57
1486	427	1134	4	454
1487	488	1088	0	51
1488	937	952	3	386
1489	416	1208	3	353
1490	1367	1343	0	72
1491	1349	1286	2	274
1492	278	749	1	159
1493	288	170	0	0
1494	938	633	3	344
1495	737	940	0	86
1496	1153	1284	0	72
1497	1211	234	1	125
1498	1154	711	3	403
1499	1105	328	2	232
1500	213	521	2	211
1501	260	94	4	404
1502	618	278	2	207
1503	1004	525	3	343
1504	771	1137	1	178
1505	255	23	0	0
1506	1100	578	1	135
1507	901	955	1	185
1508	33	170	1	101
1509	83	42	0	0
1510	942	283	4	430
1511	997	154	0	26
1512	1203	986	3	382
1513	247	63	0	0
1514	206	942	3	358
1515	223	184	3	303
1516	1352	1137	2	274
1517	1316	1207	3	375
1518	141	1187	2	250
1519	165	58	1	101
1520	1271	1203	2	274
1521	820	1095	3	379
1522	260	673	0	99
1523	242	1161	3	351
1524	1213	466	2	234
1525	185	378	1	108
1526	145	115	4	404
1527	175	496	4	412
1528	1172	588	4	438
1529	384	458	1	116
1530	993	473	3	342
1531	926	619	2	245
1532	576	412	1	114
1533	1349	132	0	24
1534	1259	1341	0	72
1535	520	1201	2	254
1536	1179	1226	4	476
1537	1159	1329	0	72
1538	802	383	0	37
1539	896	1112	2	277
1540	774	976	3	389
1541	82	181	3	303
1542	288	350	3	309
1543	225	974	1	156
1544	273	177	0	0
1545	82	204	0	0
1546	229	1350	3	351
1547	542	1119	1	153
1548	272	1063	0	54
1549	636	428	2	216
1550	1176	339	0	30
1551	80	1227	3	351
1552	66	127	1	101
1553	12	255	0	0
1554	1181	200	2	226
1555	404	443	3	318
1556	1200	110	1	125
1557	1198	126	1	125
1558	1075	1135	0	73
1559	345	1216	1	150
1560	1188	137	2	226
1561	897	1123	0	75
1562	273	390	2	209
1563	166	1018	3	357
1564	799	940	2	287
1565	565	267	4	408
1566	623	1181	4	457
1567	190	759	0	58
1568	965	611	4	445
1569	713	225	0	97
1570	268	778	2	260
1571	1097	1144	0	72
1572	838	252	2	230
1573	271	207	2	202
1574	974	797	2	290
1575	0	1109	2	250
1576	40	1095	0	48
1577	965	399	1	136
1578	260	778	3	361
1579	895	198	3	330
1580	1287	128	0	24
1581	706	1122	3	401
1582	1292	1337	1	173
1583	875	622	0	43
1584	263	618	1	111
1585	563	171	1	105
1586	1	1182	2	250
1587	770	924	2	292
1588	150	1014	1	155
1589	316	160	4	405
1590	1118	1187	4	476
1591	146	1209	2	250
1592	104	24	0	0
1593	929	993	2	286
1594	200	1359	4	452
1595	1267	264	3	327
1596	506	184	2	206
1597	361	196	1	103
1598	137	37	1	101
1599	1153	811	0	81
1600	155	76	4	404
1601	354	1221	4	453
1602	1091	284	4	428
1603	644	1188	0	53
1604	201	692	2	301
1605	885	724	3	394
1606	1169	399	0	31
1607	16	0	4	404
1608	195	146	4	404
1609	721	362	2	240
1610	227	1229	3	351
1611	1292	252	1	125
1612	429	268	4	406
1613	257	1090	0	48
1614	1277	132	0	24
1615	541	962	1	162
1616	247	843	0	57
1617	14	92	0	0
1618	846	378	0	37
1619	116	146	2	202
1620	18	155	0	0
1621	116	1255	2	250
1622	185	328	4	410
1623	852	201	0	28
1624	177	817	3	360
1625	1218	778	2	284
1626	1099	169	4	428
1627	982	270	1	127
1628	1178	122	2	226
1629	1020	162	1	126
1630	823	157	1	129
1631	223	1127	3	351
1632	1128	537	3	336
1633	231	739	1	159
1634	961	1124	3	377
1635	259	1021	4	458
1636	1235	71	0	24
1637	161	973	1	156
1638	1183	1285	1	173
1639	389	226	3	305
1640	879	598	1	144
1641	1164	999	3	382
1642	17	1113	0	48
1643	382	221	2	204
1644	69	150	1	101
1645	794	940	4	489
1646	479	265	4	407
1647	876	146	0	27
1648	1185	632	4	438
1649	175	950	2	257
1650	862	1179	4	480
1651	267	972	4	459
1652	1115	164	3	327
1653	729	473	3	345
1654	548	792	2	272
1655	461	284	0	3
1656	192	831	3	360
1657	188	1034	4	458
1658	254	714	0	99
1659	245	28	2	202
1660	976	932	3	390
1661	1284	135	4	428
1662	194	186	2	202
1663	34	204	2	202
1664	1143	109	1	125
1665	1231	88	4	428
1666	641	564	2	223
1667	249	464	0	8
1668	228	131	0	0
1669	1210	292	0	30
1670	379	1140	0	50
1671	774	1115	1	178
1672	279	876	0	56
1673	736	368	0	38
1674	388	524	3	319
1675	147	100	3	303
1676	953	597	0	41
1677	1001	544	3	343
1678	36	43	4	404
1679	411	258	0	2
1680	1113	969	1	180
1681	237	775	2	260
1682	1153	275	1	125
1683	285	1291	4	452
1684	261	1203	3	351
1685	465	721	3	370
1686	478	212	3	306
1687	1084	283	3	327
1688	813	593	4	450
1689	578	906	3	369
1690	1145	743	2	284
1691	165	193	3	303
1692	245	752	0	58
1693	188	1244	0	48
1694	120	1107	0	48
1695	978	747	2	291
1696	532	264	0	4
1697	512	152	1	105
1698	1012	1166	4	477
1699	444	996	2	262
1700	1117	210	4	428
1701	405	434	1	116
1702	104	102	4	404
1703	576	199	3	307
1704	5	1338	3	351
1705	562	957	3	364
1706	457	391	1	113
1707	941	389	3	338
1708	217	1126	2	250
1709	1312	1258	3	375
1710	203	958	3	358
1711	136	1124	3	351
1712	968	896	2	289
1713	987	1182	2	276
1714	686	1195	4	502
1715	1188	941	4	483
1716	1156	1199	2	274
1717	430	211	0	2
1718	812	1204	0	76
1719	121	65	0	0
1720	1167	932	0	80
1721	172	51	1	101
1722	1269	1098	0	72
1723	592	984	0	62
1724	569	383	2	215
1725	428	217	0	2
1726	635	453	3	321
1727	1301	1208	3	375
1728	28	26	3	303
1729	611	827	1	169
1730	975	1140	1	175
1731	1108	1116	0	72
1732	885	1159	1	176
1733	125	9	1	101
1734	1201	115	0	24
1735	667	192	2	299
1736	1304	1172	1	173
1737	804	207	2	230
1738	265	416	3	310
1739	1235	172	3	327
1740	970	1162	3	377
1741	1188	217	3	327
1742	480	786	4	471
1743	151	28	2	202
1744	987	1116	2	276
1745	982	960	0	83
1746	1270	1276	2	274
1747	574	596	3	325
1748	186	1364	2	250
1749	726	1004	2	288
1750	1000	1132	1	175
1751	1230	151	0	24
1752	1206	694	3	403
1753	882	265	3	330
1754	713	239	2	299
1755	923	773	3	394
1756	579	394	4	418
1757	251	241	4	404
1758	1006	590	0	41
1759	1161	97	1	125
1760	122	124	4	404
1761	881	614	2	245
1762	201	915	4	460
1763	594	1212	1	154
1764	440	218	0	3
1765	1317	129	2	226
1766	268	1155	0	48
1767	374	881	2	265
1768	711	1120	0	98
1769	757	220	1	130
1770	873	953	2	286
1771	1322	18	0	24
1772	212	944	0	55
1773	382	722	1	166
1774	99	1319	2	250
1775	941	1214	0	74
1776	684	169	4	501
1777	287	72	1	101
1778	880	1215	4	479
1779	759	263	3	332
1780	878	281	3	330
1781	236	163	0	0
1782	865	989	2	286
1783	277	1200	3	351
1784	158	344	1	107
1785	363	264	4	406
1786	21	1216	0	48
1787	1293	1187	0	72
1788	1147	795	1	182
1789	1015	1099	1	174
1790	280	1059	4	458
1791	1183	1068	2	280
1792	591	925	3	369
1793	1118	758	1	183
1794	876	975	2	286
1795	1102	1071	2	280
1796	1249	1206	3	375
1797	1295	76	3	327
1798	1124	968	0	79
1799	820	1221	1	177
1800	274	665	2	301
1801	561	277	4	408
1802	69	1086	3	351
1803	150	740	2	260
1804	191	185	2	202
1805	51	1100	2	250
1806	576	925	0	66
1807	691	156	1	198
1808	729	486	3	345
1809	193	1044	1	155
1810	1302	92	1	125
1811	1193	624	1	135
1812	1140	862	4	485
1813	444	596	0	19
1814	860	279	1	129
1815	236	154	0	0
1816	426	397	0	11
1817	442	1125	0	51
1818	1233	1241	0	72
1819	1081	825	4	485
1820	126	1236	3	351
1821	684	285	4	501
1822	1171	1054	3	381
1823	237	606	3	313
1824	472	1141	3	354
1825	1339	170	1	125
1826	200	163	0	0
1827	272	912	0	56
1828	173	1050	4	458
1829	250	1367	1	149
1830	1199	486	0	32
1831	1208	1285	3	375
1832	1145	952	2	281
1833	1125	1180	4	476
1834	330	243	2	203
1835	391	263	3	305
1836	202	74	3	303
1837	565	770	2	272
1838	1351	1274	0	72
1839	78	1134	2	250
1840	249	371	3	310
1841	877	604	4	447
1842	393	191	2	204
1843	171	1333	4	452
1844	543	640	1	124
1845	621	1208	1	154
1846	991	572	2	242
1847	951	240	2	228
1848	215	840	3	360
1849	1281	149	3	327
1850	184	536	3	312
1851	1158	938	0	79
1852	497	619	0	19
1853	531	615	0	23
1854	972	281	0	26
1855	715	247	2	299
1856	1239	56	0	24
1857	370	733	2	267
1858	1293	278	4	428
1859	638	960	1	163
1860	1154	957	2	281
1861	968	802	2	290
1862	640	536	1	122
1863	1004	245	1	127
1864	1081	734	2	284
1865	804	729	2	297
1866	663	242	2	299
1867	580	569	0	20
1868	191	754	2	260
1869	35	153	3	303
1870	965	897	2	289
1871	1222	1155	3	375
1872	135	137	3	303
1873	377	507	4	420
1874	104	138	3	303
1875	1262	1352	0	72
1876	532	599	2	224
1877	370	588	0	17
1878	821	252	1	129
1879	191	1270	0	48
1880	156	1165	4	452
1881	1017	168	0	25
1882	772	455	4	446
1883	1007	434	4	443
1884	97	1131	2	250
1885	805	999	2	287
1886	878	992	4	488
1887	217	649	1	200
1888	1096	1045	1	179
1889	1161	1222	0	72
1890	625	922	0	66
1891	1148	674	1	201
1892	1184	814	3	384
1893	418	778	4	469
1894	164	677	1	200
1895	776	212	3	332
1896	505	1086	0	52
1897	850	203	4	432
1898	1192	1309	2	274
1899	1305	1294	4	476
1900	303	1108	0	49
1901	1013	179	4	429
1902	968	751	3	392
1903	1234	166	0	24
1904	183	822	0	57
1905	937	983	0	83
1906	194	705	3	402
1907	269	264	1	101
1908	1090	1174	2	274
1909	845	638	0	47
1910	58	100	2	202
1911	731	421	4	442
1912	844	249	4	432
1913	127	153	0	0
1914	744	156	4	433
1915	834	164	4	432
1916	1108	481	3	335
1917	1221	305	1	131
1918	208	397	0	7
1919	172	613	4	414
1920	947	242	3	329
1921	976	890	3	390
1922	216	8	2	202
1923	726	238	0	29
1924	884	377	1	137
1925	168	755	4	462
1926	655	1208	3	401
1927	377	848	4	468
1928	1141	52	0	24
1929	151	1367	4	452
1930	1117	38	1	125
1931	681	1187	2	300
1932	947	147	0	26
1933	1157	73	0	24
1934	547	196	3	307
1935	1261	1359	0	72
1936	1218	921	3	383
1937	968	614	3	344
1938	888	791	4	495
1939	861	181	4	432
1940	162	1210	1	149
1941	1115	949	1	180
1942	756	1222	2	279
1943	993	391	1	136
1944	533	950	1	162
1945	383	984	4	463
1946	1189	696	1	201
1947	532	172	2	206
1948	1095	1301	4	476
1949	1174	798	4	485
1950	578	474	3	321
1951	1222	379	1	132
1952	1203	1241	4	476
1953	64	238	4	404
1954	149	996	0	55
1955	140	23	2	202
1956	1110	1264	4	476
1957	792	443	3	345
1958	655	167	0	97
1959	1157	66	2	226
1960	784	233	4	433
1961	1364	1305	3	375
1962	1158	555	2	235
1963	638	1006	2	264
1964	376	153	2	204
1965	606	530	2	222
1966	1200	512	0	33
1967	732	379	0	38
1968	1329	1267	0	72
1969	1207	490	2	234
1970	164	1316	4	452
1971	1287	1324	4	476
1972	232	646	4	414
1973	1129	472	0	32
1974	193	1135	0	48
1975	196	1323	0	48
1976	879	773	4	495
1977	487	636	1	120
1978	593	1083	0	53
1979	542	973	0	61
1980	504	177	4	407
1981	51	192	3	303
1982	398	727	2	267
1983	1251	1121	1	173
1984	483	731	0	67
1985	469	206	2	205
1986	587	252	1	106
1987	21	187	2	202
1988	824	971	1	186
1989	876	1221	1	176
1990	462	179	2	205
1991	553	424	0	13
1992	1000	400	4	439
1993	1119	676	1	201
1994	379	745	1	166
1995	647	491	3	321
1996	1084	507	1	134
1997	866	151	4	431
1998	887	1163	3	378
1999	876	219	1	128
2000	97	162	2	202
2001	75	1247	2	250
2002	875	972	4	488
2003	239	845	4	461
2004	372	553	1	117
2005	595	816	4	472
2006	764	1147	3	380
2007	391	482	3	318
2008	119	1107	3	351
2009	171	1338	2	250
2010	129	20	3	303
2011	828	1223	1	177
2012	264	1133	1	149
2013	570	374	1	114
2014	283	1270	0	48
2015	1160	490	3	335
2016	1290	253	0	24
2017	196	961	2	257
2018	72	152	4	404
2019	948	771	2	291
2020	197	125	4	404
2021	1006	399	2	237
2022	40	1220	0	48
2023	949	870	0	87
2024	249	253	0	0
2025	1273	1140	3	375
2026	900	1149	4	479
2027	1156	315	0	30
2028	1301	124	3	327
2029	367	185	3	305
2030	270	718	0	99
2031	97	180	3	303
2032	67	167	2	202
2033	1071	153	1	126
2034	454	950	3	363
2035	248	1037	3	357
2036	1193	1343	0	72
2037	972	898	2	289
2038	145	564	1	110
2039	1266	30	3	327
2040	1058	1200	4	477
2041	1091	715	4	504
2042	1181	4	1	125
2043	454	1154	4	455
2044	940	449	1	140
2045	968	545	3	343
2046	1142	607	1	135
2047	213	1115	1	149
2048	1180	981	1	180
2049	1103	536	1	134
2050	367	1086	1	151
2051	816	417	0	37
2052	1315	97	4	428
2053	596	1132	2	255
2054	1320	1147	2	274
2055	952	734	0	89
2056	844	745	1	196
2057	609	383	2	216
2058	1351	170	1	125
2059	1154	90	0	24
2060	1277	1234	4	476
2061	1202	1236	0	72
2062	207	284	3	303
2063	77	262	2	202
2064	1115	1319	3	375
2065	175	1168	2	250
2066	842	1184	3	379
2067	1048	229	1	126
2068	1221	1051	4	482
2069	82	131	4	404
2070	1033	158	3	328
2071	40	123	0	0
2072	387	767	0	65
2073	484	780	0	67
2074	1146	1278	0	72
2075	154	714	2	301
2076	825	1197	0	76
2077	219	880	3	359
2078	279	1343	1	149
2079	792	867	2	292
2080	283	421	2	209
2081	1271	1160	4	476
2082	489	961	2	262
2083	1089	76	0	24
2084	1209	1133	2	274
2085	787	928	2	292
2086	398	963	3	362
2087	95	1271	1	149
2088	1100	888	4	484
2089	1313	1262	2	274
2090	284	676	0	99
2091	938	1154	1	175
2092	1275	275	1	125
2093	972	414	3	338
2094	864	194	0	27
2095	1133	1352	3	375
2096	334	154	2	203
2097	1085	33	2	226
2098	773	536	3	347
2099	1223	834	2	283
2100	913	185	0	27
2101	36	1223	2	250
2102	1135	813	0	81
2103	953	259	1	127
2104	1167	430	1	132
2105	54	99	0	0
2106	1146	1037	4	482
2107	338	172	4	405
2108	173	649	0	99
2109	1106	771	2	284
2110	907	747	2	293
2111	401	443	0	15
2112	622	544	0	21
2113	191	21	2	202
2114	203	446	1	109
2115	414	898	2	265
2116	247	396	2	209
2117	1158	808	0	81
2118	1100	686	4	504
2119	259	132	4	404
2120	1179	1195	0	72
2121	982	469	2	241
2122	1147	1156	3	375
2123	864	599	2	245
2124	235	375	0	7
2125	44	67	1	101
2126	266	1219	2	250
2127	1223	713	4	504
2128	384	532	0	16
2129	104	1258	3	351
2130	355	1169	4	453
2131	222	380	0	7
2132	186	334	2	208
2133	981	834	3	391
2134	487	1162	4	455
2135	1216	988	4	483
2136	1106	963	3	382
2137	1134	950	0	79
2138	129	1330	4	452
2139	988	791	3	392
2140	279	635	2	212
2141	738	968	1	187
2142	1223	343	0	30
2143	1290	276	4	428
2144	596	526	2	222
2145	819	1133	2	278
2146	815	193	0	28
2147	841	642	3	350
2148	464	424	2	214
2149	739	953	1	187
2150	176	832	0	57
2151	250	507	3	312
2152	1175	202	0	24
2153	366	625	1	118
2154	787	1211	4	481
2155	1103	472	3	335
2156	261	596	3	313
2157	382	595	1	118
2158	810	1194	1	177
2159	450	393	0	12
2160	279	851	4	461
2161	674	270	4	501
2162	1209	1135	3	375
2163	75	1166	3	351
2164	230	860	3	360
2165	1056	256	3	328
2166	1183	997	3	382
2167	536	195	2	206
2168	1158	1198	3	375
2169	900	384	0	36
2170	894	728	4	495
2171	252	1015	4	458
2172	1171	1333	3	375
2173	193	1357	3	351
2174	1104	1103	2	274
2175	209	1204	4	452
2176	911	398	1	137
2177	954	1171	4	478
2178	1192	1231	0	72
2179	556	429	2	215
2180	1198	775	4	486
2181	1153	471	3	335
2182	458	233	3	306
2183	1315	1119	3	375
2184	1208	242	2	226
2185	229	100	0	0
2186	945	273	4	430
2187	1133	386	3	334
2188	1175	811	1	182
2189	249	267	3	303
2190	278	657	4	503
2191	191	540	1	110
2192	176	976	2	257
2193	176	1320	2	250
2194	90	1247	0	48
2195	211	941	1	156
2196	1234	148	0	24
2197	874	585	2	245
2198	146	164	0	0
2199	1154	22	1	125
2200	1204	1056	2	280
2201	430	642	1	118
2202	1113	297	2	232
2203	580	438	1	119
2204	1135	900	3	383
2205	191	635	3	313
2206	408	641	4	421
2207	573	1215	1	153
2208	1152	596	2	236
2209	361	605	0	17
2210	374	977	1	160
2211	1315	219	3	327
2212	1171	376	4	435
2213	278	480	3	311
2214	1104	400	2	233
2215	1273	1337	1	173
2216	1175	264	1	125
2217	202	283	4	404
2218	282	941	4	459
2219	729	260	2	231
2220	416	229	2	204
2221	738	927	1	191
2222	524	602	1	123
2223	1202	1220	0	72
2224	218	600	0	10
2225	282	194	3	303
2226	611	160	0	5
2227	1176	255	4	428
2228	1106	433	2	234
2229	234	578	0	10
2230	259	668	4	503
2231	122	1334	4	452
2232	216	632	1	111
2233	444	594	3	322
2234	1104	628	4	438
2235	187	1302	0	48
2236	450	982	0	60
2237	943	162	3	329
2238	1102	150	4	428
2239	1199	311	1	131
2240	1168	733	1	183
2241	840	648	4	451
2242	1102	1337	3	375
2243	323	288	0	1
2244	1220	1195	3	375
2245	582	425	2	216
2246	1201	1334	1	173
2247	595	363	0	14
2248	509	427	4	417
2249	538	768	1	171
2250	450	252	4	407
2251	1115	1051	3	381
2252	170	47	3	303
2253	1204	675	3	403
2254	347	202	1	102
2255	1113	605	2	236
2256	369	236	2	204
2257	1089	684	0	100
2258	475	276	1	104
2259	214	279	2	202
2260	324	1085	1	150
2261	62	147	4	404
2262	535	1112	4	456
2263	226	668	3	402
2264	809	393	3	340
2265	172	331	0	6
2266	340	228	2	203
2267	250	84	0	0
2268	246	1065	0	54
2269	733	1006	4	490
2270	277	512	3	312
2271	230	401	4	411
2272	471	170	1	104
2273	158	1251	4	452
2274	1298	226	2	226
2275	686	269	0	97
2276	1006	637	0	41
2277	175	419	0	7
2278	748	1191	2	279
2279	509	408	3	316
2280	567	421	3	316
2281	727	161	0	29
2282	231	745	1	159
2283	770	814	1	193
2284	1080	691	4	504
2285	963	258	2	228
2286	931	1088	1	176
2287	967	513	3	343
2288	379	798	4	468
2289	1196	404	4	435
2290	403	997	2	261
2291	377	1184	2	252
2292	1249	1328	4	476
2293	1196	892	4	484
2294	306	1117	0	49
2295	540	985	3	364
2296	949	989	2	285
2297	818	1094	2	278
2298	1122	29	3	327
2299	215	144	2	202
2300	1020	226	2	227
2301	165	378	1	108
2302	1156	919	3	383
2303	1114	284	4	428
2304	236	985	2	257
2305	340	1210	4	453
2306	1244	1230	2	274
2307	539	377	3	316
2308	160	788	2	260
2309	702	163	0	97
2310	1140	1197	3	375
2311	282	717	0	99
2312	331	275	0	1
2313	1156	804	3	384
2314	173	1359	1	149
2315	907	1005	3	387
2316	1349	165	2	226
2317	167	1284	1	149
2318	1292	1290	1	173
2319	820	421	4	441
2320	1196	440	1	133
2321	400	744	4	469
2322	1083	551	3	336
2323	982	565	2	242
2324	1234	34	4	428
2325	608	1161	4	457
2326	942	551	3	343
2327	799	726	2	297
2328	1346	86	1	125
2329	1168	774	4	486
2330	1123	840	0	81
2331	1083	379	1	132
2332	191	34	1	101
2333	710	1157	3	401
2334	601	815	0	68
2335	811	1122	3	379
2336	405	1173	0	50
2337	43	1149	4	452
2338	270	1160	3	351
2339	73	108	1	101
2340	1146	953	2	281
2341	724	233	1	130
2342	122	1352	1	149
2343	187	277	4	404
2344	387	360	0	11
2345	956	287	3	329
2346	223	457	1	109
2347	1220	305	4	434
2348	810	187	4	432
2349	1099	933	4	484
2350	793	639	1	148
2351	1111	1135	1	173
2352	1119	1181	0	72
2353	1117	846	3	384
2354	239	1225	2	250
2355	609	555	1	121
2356	724	213	0	29
2357	1168	1229	2	274
2358	1290	1224	1	173
2359	1304	202	0	24
2360	338	214	0	1
2361	923	784	2	293
2362	979	876	3	390
2363	1141	149	1	125
2364	1045	194	0	25
2365	886	200	4	431
2366	1196	812	3	384
2367	129	1336	0	48
2368	1290	237	0	24
2369	196	282	1	101
2370	10	1301	0	48
2371	377	1208	3	353
2372	1353	79	4	428
2373	1118	1187	0	72
2374	639	249	1	106
2375	264	400	2	209
2376	626	486	4	422
2377	228	1051	3	357
2378	224	1351	4	452
2379	149	469	4	412
2380	399	576	3	319
2381	498	381	3	315
2382	1336	85	2	226
2383	1221	179	1	125
2384	214	670	1	200
2385	836	432	4	441
2386	1205	439	2	234
2387	906	1211	3	378
2388	686	1178	1	199
2389	172	1154	1	149
2390	772	1144	4	481
2391	1164	688	4	504
2392	1102	251	0	24
2393	1294	1252	1	173
2394	814	405	0	37
2395	1292	1197	0	72
2396	1366	1331	0	72
2397	1164	564	1	134
2398	996	768	0	89
2399	225	295	3	309
2400	265	860	3	360
2401	1186	57	3	327
2402	1192	627	0	34
2403	1227	216	4	428
2404	1097	1355	1	173
2405	735	396	1	139
2406	1238	1252	0	72
2407	68	1137	4	452
2408	831	380	3	340
2409	178	138	2	202
2410	236	451	3	311
2411	146	849	4	461
2412	906	975	2	286
2413	1359	1294	2	274
2414	188	162	3	303
2415	208	855	2	259
2416	655	276	0	97
2417	1006	255	4	430
2418	1223	211	0	24
2419	937	778	0	89
2420	805	217	4	432
2421	691	158	4	501
2422	177	28	3	303
2423	1279	1197	2	274
2424	156	1363	1	149
2425	871	156	3	330
2426	1007	431	0	35
2427	899	1211	3	378
2428	268	1014	3	357
2429	94	1335	4	452
2430	496	194	0	3
2431	593	809	1	169
2432	185	690	3	402
2433	121	84	2	202
2434	164	319	1	107
2435	1251	1159	3	375
2436	467	201	0	3
2437	831	1161	4	480
2438	718	204	3	400
2439	1154	858	2	283
2440	1107	58	0	24
2441	950	234	2	228
2442	274	776	3	361
2443	204	648	0	10
2444	775	814	2	294
2445	80	182	3	303
2446	871	283	1	128
2447	844	1150	4	480
2448	577	253	3	308
2449	235	933	1	157
2450	1232	199	2	226
2451	163	1078	3	357
2452	781	278	1	130
2453	931	1193	3	378
2454	362	402	0	11
2455	721	980	3	389
2456	1247	195	4	428
2457	647	458	0	18
2458	162	1141	4	452
2459	535	1179	4	456
2460	246	338	3	309
2461	60	185	2	202
2462	489	966	0	60
2463	980	204	2	228
2464	1148	1168	0	72
2465	39	1229	2	250
2466	72	1154	2	250
2467	159	1064	3	357
2468	1136	411	1	132
2469	1212	1230	0	72
2470	996	942	0	83
2471	945	858	3	391
2472	306	174	4	405
2473	650	229	1	198
2474	1128	760	4	486
2475	1101	124	4	428
2476	595	953	1	163
2477	61	1178	3	351
2478	915	787	2	293
2479	285	132	2	202
2480	144	1140	1	149
2481	246	1226	0	48
2482	1113	1077	4	482
2483	273	771	0	58
2484	21	158	1	101
2485	1223	433	2	234
2486	377	1120	4	454
2487	244	537	0	9
2488	60	21	0	0
2489	538	224	0	4
2490	1166	814	4	485
2491	364	213	2	204
2492	738	388	4	442
2493	152	863	0	57
2494	956	740	3	392
2495	706	266	3	400
2496	234	933	4	460
2497	944	268	2	228
2498	274	1040	2	256
2499	945	493	0	39
