0 0 2 2.6 15.0 0 0
1 0 3 7.81 15.0 0 0
2 4 5 16.0 17.0 0 0
3 0 5 18.23 15.0 0 0
4 0 6 23.44 15.0 0 0
5 0 7 28.65 15.0 0 0
6 0 8 33.85 15.0 0 0
7 9 10 42.0 17.0 0 0
8 0 10 44.27 15.0 0 0
9 0 11 49.48 15.0 0 0
10 0 12 54.69 15.0 0 0
11 0 13 59.9 15.0 0 0
12 0 14 65.1 15.0 0 0
13 0 15 70.31 15.0 0 0
14 0 16 75.52 15.0 0 0
15 0 17 80.73 15.0 0 0
16 0 18 85.94 15.0 0 0
17 0 19 91.15 15.0 0 0
18 0 20 96.35 15.0 0 0
19 0 21 101.56 15.0 0 0
20 0 22 106.77 15.0 0 0
21 0 23 111.98 15.0 0 0
22 0 24 117.19 15.0 0 0
23 0 25 122.4 15.0 0 0
24 0 26 2.6 13.0 0 0
25 0 27 7.81 13.0 0 0
26 0 28 13.02 13.0 0 0
27 0 29 18.23 13.0 0 0
28 0 30 23.44 13.0 0 0
29 31 32 31.0 11.0 0 0
30 0 32 33.85 13.0 0 0
31 0 33 39.06 13.0 0 0
32 0 34 44.27 13.0 0 0
33 0 35 49.48 13.0 0 0
34 0 36 54.69 13.0 0 0
35 0 37 59.9 13.0 0 0
36 38 1306 65.1 8.0 0 0
37 0 39 70.31 13.0 0 0
38 0 40 75.52 13.0 0 0
39 0 41 80.73 13.0 0 0
40 0 42 85.94 13.0 0 0
41 0 43 91.15 13.0 0 0
42 0 44 96.35 13.0 0 0
43 0 45 101.56 13.0 0 0
44 0 46 106.77 13.0 0 0
45 0 47 111.98 13.0 0 0
46 0 48 117.19 13.0 0 0
47 0 49 122.4 13.0 0 0
48 1 50 2.0 30.0 0 1
49 51 1307 22.0 30.0 0 1
50 52 1308 42.0 30.0 0 1
51 53 60 73.0 30.0 0 1
52 54 1309 93.0 30.0 0 1
53 55 1310 108.0 30.0 0 1
54 50 1307 17.0 30.0 0 1
55 51 1308 37.0 30.0 0 1
56 52 60 57.0 30.0 0 1
57 53 1309 88.0 30.0 0 1
58 54 1310 103.0 30.0 0 1
59 55 1311 123.0 30.0 0 1
60 2 3 5.0 17.0 0 0
61 32 38 33.0 8.0 0 0
62 35 38 50.0 8.0 0 0
63 43 44 94.0 11.0 0 0
64 0 56 1.0 14.0 0 0
65 0 57 124.0 14.0 0 0
66 38 58 62.0 4.0 0 0
67 38 59 70.0 4.0 0 0
68 1 56 1.0 31.0 0 1
69 57 1311 124.0 31.0 0 1
70 58 60 62.0 18.5 0 1
71 59 60 70.0 18.5 0 1
72 50 1312 9.0 18.0 0 1
73 51 1312 29.0 18.0 0 1
74 52 1312 49.0 18.0 0 1
75 53 1313 80.0 18.0 0 1
76 54 1313 100.0 18.0 0 1
77 55 1313 115.0 18.0 0 1
78 61 76 2.4 30.0 0 2
79 61 77 7.21 30.0 0 2
80 61 78 12.02 30.0 0 2
81 61 79 16.83 30.0 0 2
82 80 1344 21.63 30.0 0 2
83 81 1344 26.44 30.0 0 2
84 82 1344 31.25 30.0 0 2
85 83 1344 36.06 30.0 0 2
86 84 1345 40.87 30.0 0 2
87 85 1345 45.67 30.0 0 2
88 86 1345 50.48 30.0 0 2
89 87 1345 55.29 30.0 0 2
90 88 1346 60.1 30.0 0 2
91 89 1346 64.9 30.0 0 2
92 90 1346 69.71 30.0 0 2
93 91 1346 74.52 30.0 0 2
94 92 1346 79.33 30.0 0 2
95 93 1346 84.13 30.0 0 2
96 94 1347 88.94 30.0 0 2
97 95 1347 93.75 30.0 0 2
98 96 1347 98.56 30.0 0 2
99 97 1347 103.37 30.0 0 2
100 98 1348 108.17 30.0 0 2
101 99 1348 112.98 30.0 0 2
102 100 1348 117.79 30.0 0 2
103 101 1348 122.6 30.0 0 2
104 61 102 2.4 28.0 0 2
105 61 103 7.21 28.0 0 2
106 61 104 12.02 28.0 0 2
107 61 105 16.83 28.0 0 2
108 106 1344 21.63 28.0 0 2
109 107 1344 26.44 28.0 0 2
110 108 1344 31.25 28.0 0 2
111 109 1344 36.06 28.0 0 2
112 110 1345 40.87 28.0 0 2
113 111 1345 45.67 28.0 0 2
114 112 1345 50.48 28.0 0 2
115 113 1345 55.29 28.0 0 2
116 114 1346 60.1 28.0 0 2
117 115 1346 64.9 28.0 0 2
118 116 1346 69.71 28.0 0 2
119 117 1346 74.52 28.0 0 2
120 118 1346 79.33 28.0 0 2
121 119 1346 84.13 28.0 0 2
122 120 1347 88.94 28.0 0 2
123 121 1347 93.75 28.0 0 2
124 122 1347 98.56 28.0 0 2
125 123 1347 103.37 28.0 0 2
126 124 1348 108.17 28.0 0 2
127 125 1348 112.98 28.0 0 2
128 126 1348 117.79 28.0 0 2
129 127 1348 122.6 28.0 0 2
130 128 1314 60.0 21.57 0 2
131 129 1314 60.0 18.71 0 2
132 130 1314 60.0 15.86 0 2
133 131 1314 60.0 13.0 0 2
134 132 1349 60.0 10.14 0 2
135 133 1349 60.0 7.29 0 2
136 134 1349 60.0 4.43 0 2
137 135 1314 62.0 21.57 0 2
138 136 1314 62.0 18.71 0 2
139 137 1314 62.0 15.86 0 2
140 138 1314 62.0 13.0 0 2
141 139 1349 62.0 10.14 0 2
142 140 1349 62.0 7.29 0 2
143 141 1349 62.0 4.43 0 2
144 142 1315 72.0 21.57 0 2
145 143 1315 72.0 18.71 0 2
146 144 1315 72.0 15.86 0 2
147 145 1315 72.0 13.0 0 2
148 146 1350 72.0 10.14 0 2
149 147 1350 72.0 7.29 0 2
150 148 1350 72.0 4.43 0 2
151 149 1315 74.0 21.57 0 2
152 150 1315 74.0 18.71 0 2
153 151 1315 74.0 15.86 0 2
154 152 1315 74.0 13.0 0 2
155 153 1350 74.0 10.14 0 2
156 154 1350 74.0 7.29 0 2
157 155 1350 74.0 4.43 0 2
158 62 156 2.4 30.0 0 3
159 62 157 7.21 30.0 0 3
160 62 158 12.02 30.0 0 3
161 62 159 16.83 30.0 0 3
162 160 1351 21.63 30.0 0 3
163 161 1351 26.44 30.0 0 3
164 162 1351 31.25 30.0 0 3
165 163 1351 36.06 30.0 0 3
166 164 1352 40.87 30.0 0 3
167 165 1352 45.67 30.0 0 3
168 166 1352 50.48 30.0 0 3
169 167 1352 55.29 30.0 0 3
170 168 1353 60.1 30.0 0 3
171 169 1353 64.9 30.0 0 3
172 170 1353 69.71 30.0 0 3
173 171 1353 74.52 30.0 0 3
174 172 1353 79.33 30.0 0 3
175 173 1353 84.13 30.0 0 3
176 174 1354 88.94 30.0 0 3
177 175 1354 93.75 30.0 0 3
178 176 1354 98.56 30.0 0 3
179 177 1354 103.37 30.0 0 3
180 178 1355 108.17 30.0 0 3
181 179 1355 112.98 30.0 0 3
182 180 1355 117.79 30.0 0 3
183 181 1355 122.6 30.0 0 3
184 62 182 2.4 28.0 0 3
185 62 183 7.21 28.0 0 3
186 62 184 12.02 28.0 0 3
187 62 185 16.83 28.0 0 3
188 186 1351 21.63 28.0 0 3
189 187 1351 26.44 28.0 0 3
190 188 1351 31.25 28.0 0 3
191 189 1351 36.06 28.0 0 3
192 190 1352 40.87 28.0 0 3
193 191 1352 45.67 28.0 0 3
194 192 1352 50.48 28.0 0 3
195 193 1352 55.29 28.0 0 3
196 194 1353 60.1 28.0 0 3
197 195 1353 64.9 28.0 0 3
198 196 1353 69.71 28.0 0 3
199 197 1353 74.52 28.0 0 3
200 198 1353 79.33 28.0 0 3
201 199 1353 84.13 28.0 0 3
202 200 1354 88.94 28.0 0 3
203 201 1354 93.75 28.0 0 3
204 202 1354 98.56 28.0 0 3
205 203 1354 103.37 28.0 0 3
206 204 1355 108.17 28.0 0 3
207 205 1355 112.98 28.0 0 3
208 206 1355 117.79 28.0 0 3
209 207 1355 122.6 28.0 0 3
210 208 1316 60.0 21.57 0 3
211 209 1316 60.0 18.71 0 3
212 210 1316 60.0 15.86 0 3
213 211 1316 60.0 13.0 0 3
214 212 1356 60.0 10.14 0 3
215 213 1356 60.0 7.29 0 3
216 214 1356 60.0 4.43 0 3
217 215 1316 62.0 21.57 0 3
218 216 1316 62.0 18.71 0 3
219 217 1316 62.0 15.86 0 3
220 218 1316 62.0 13.0 0 3
221 219 1356 62.0 10.14 0 3
222 220 1356 62.0 7.29 0 3
223 221 1356 62.0 4.43 0 3
224 222 1317 72.0 21.57 0 3
225 223 1317 72.0 18.71 0 3
226 224 1317 72.0 15.86 0 3
227 225 1317 72.0 13.0 0 3
228 226 1357 72.0 10.14 0 3
229 227 1357 72.0 7.29 0 3
230 228 1357 72.0 4.43 0 3
231 229 1317 74.0 21.57 0 3
232 230 1317 74.0 18.71 0 3
233 231 1317 74.0 15.86 0 3
234 232 1317 74.0 13.0 0 3
235 233 1357 74.0 10.14 0 3
236 234 1357 74.0 7.29 0 3
237 235 1357 74.0 4.43 0 3
238 63 236 2.4 30.0 0 4
239 63 237 7.21 30.0 0 4
240 63 238 12.02 30.0 0 4
241 63 239 16.83 30.0 0 4
242 240 1358 21.63 30.0 0 4
243 241 1358 26.44 30.0 0 4
244 242 1358 31.25 30.0 0 4
245 243 1358 36.06 30.0 0 4
246 244 1359 40.87 30.0 0 4
247 245 1359 45.67 30.0 0 4
248 246 1359 50.48 30.0 0 4
249 247 1359 55.29 30.0 0 4
250 248 1360 60.1 30.0 0 4
251 249 1360 64.9 30.0 0 4
252 250 1360 69.71 30.0 0 4
253 251 1360 74.52 30.0 0 4
254 252 1360 79.33 30.0 0 4
255 253 1360 84.13 30.0 0 4
256 254 1361 88.94 30.0 0 4
257 255 1361 93.75 30.0 0 4
258 256 1361 98.56 30.0 0 4
259 257 1361 103.37 30.0 0 4
260 258 1362 108.17 30.0 0 4
261 259 1362 112.98 30.0 0 4
262 260 1362 117.79 30.0 0 4
263 261 1362 122.6 30.0 0 4
264 63 262 2.4 28.0 0 4
265 63 263 7.21 28.0 0 4
266 63 264 12.02 28.0 0 4
267 63 265 16.83 28.0 0 4
268 266 1358 21.63 28.0 0 4
269 267 1358 26.44 28.0 0 4
270 268 1358 31.25 28.0 0 4
271 269 1358 36.06 28.0 0 4
272 270 1359 40.87 28.0 0 4
273 271 1359 45.67 28.0 0 4
274 272 1359 50.48 28.0 0 4
275 273 1359 55.29 28.0 0 4
276 274 1360 60.1 28.0 0 4
277 275 1360 64.9 28.0 0 4
278 276 1360 69.71 28.0 0 4
279 277 1360 74.52 28.0 0 4
280 278 1360 79.33 28.0 0 4
281 279 1360 84.13 28.0 0 4
282 280 1361 88.94 28.0 0 4
283 281 1361 93.75 28.0 0 4
284 282 1361 98.56 28.0 0 4
285 283 1361 103.37 28.0 0 4
286 284 1362 108.17 28.0 0 4
287 285 1362 112.98 28.0 0 4
288 286 1362 117.79 28.0 0 4
289 287 1362 122.6 28.0 0 4
290 288 1318 60.0 21.57 0 4
291 289 1318 60.0 18.71 0 4
292 290 1318 60.0 15.86 0 4
293 291 1318 60.0 13.0 0 4
294 292 1363 60.0 10.14 0 4
295 293 1363 60.0 7.29 0 4
296 294 1363 60.0 4.43 0 4
297 295 1318 62.0 21.57 0 4
298 296 1318 62.0 18.71 0 4
299 297 1318 62.0 15.86 0 4
300 298 1318 62.0 13.0 0 4
301 299 1363 62.0 10.14 0 4
302 300 1363 62.0 7.29 0 4
303 301 1363 62.0 4.43 0 4
304 302 1319 72.0 21.57 0 4
305 303 1319 72.0 18.71 0 4
306 304 1319 72.0 15.86 0 4
307 305 1319 72.0 13.0 0 4
308 306 1364 72.0 10.14 0 4
309 307 1364 72.0 7.29 0 4
310 308 1364 72.0 4.43 0 4
311 309 1319 74.0 21.57 0 4
312 310 1319 74.0 18.71 0 4
313 311 1319 74.0 15.86 0 4
314 312 1319 74.0 13.0 0 4
315 313 1364 74.0 10.14 0 4
316 314 1364 74.0 7.29 0 4
317 315 1364 74.0 4.43 0 4
318 64 316 2.4 30.0 0 5
319 64 317 7.21 30.0 0 5
320 64 318 12.02 30.0 0 5
321 64 319 16.83 30.0 0 5
322 320 1365 21.63 30.0 0 5
323 321 1365 26.44 30.0 0 5
324 322 1365 31.25 30.0 0 5
325 323 1365 36.06 30.0 0 5
326 324 1366 40.87 30.0 0 5
327 325 1366 45.67 30.0 0 5
328 326 1366 50.48 30.0 0 5
329 327 1366 55.29 30.0 0 5
330 328 1367 60.1 30.0 0 5
331 329 1367 64.9 30.0 0 5
332 330 1367 69.71 30.0 0 5
333 331 1367 74.52 30.0 0 5
334 332 1367 79.33 30.0 0 5
335 333 1367 84.13 30.0 0 5
336 334 1368 88.94 30.0 0 5
337 335 1368 93.75 30.0 0 5
338 336 1368 98.56 30.0 0 5
339 337 1368 103.37 30.0 0 5
340 338 1369 108.17 30.0 0 5
341 339 1369 112.98 30.0 0 5
342 340 1369 117.79 30.0 0 5
343 341 1369 122.6 30.0 0 5
344 64 342 2.4 28.0 0 5
345 64 343 7.21 28.0 0 5
346 64 344 12.02 28.0 0 5
347 64 345 16.83 28.0 0 5
348 346 1365 21.63 28.0 0 5
349 347 1365 26.44 28.0 0 5
350 348 1365 31.25 28.0 0 5
351 349 1365 36.06 28.0 0 5
352 350 1366 40.87 28.0 0 5
353 351 1366 45.67 28.0 0 5
354 352 1366 50.48 28.0 0 5
355 353 1366 55.29 28.0 0 5
356 354 1367 60.1 28.0 0 5
357 355 1367 64.9 28.0 0 5
358 356 1367 69.71 28.0 0 5
359 357 1367 74.52 28.0 0 5
360 358 1367 79.33 28.0 0 5
361 359 1367 84.13 28.0 0 5
362 360 1368 88.94 28.0 0 5
363 361 1368 93.75 28.0 0 5
364 362 1368 98.56 28.0 0 5
365 363 1368 103.37 28.0 0 5
366 364 1369 108.17 28.0 0 5
367 365 1369 112.98 28.0 0 5
368 366 1369 117.79 28.0 0 5
369 367 1369 122.6 28.0 0 5
370 368 1320 60.0 21.57 0 5
371 369 1320 60.0 18.71 0 5
372 370 1320 60.0 15.86 0 5
373 371 1320 60.0 13.0 0 5
374 372 1370 60.0 10.14 0 5
375 373 1370 60.0 7.29 0 5
376 374 1370 60.0 4.43 0 5
377 375 1320 62.0 21.57 0 5
378 376 1320 62.0 18.71 0 5
379 377 1320 62.0 15.86 0 5
380 378 1320 62.0 13.0 0 5
381 379 1370 62.0 10.14 0 5
382 380 1370 62.0 7.29 0 5
383 381 1370 62.0 4.43 0 5
384 382 1321 72.0 21.57 0 5
385 383 1321 72.0 18.71 0 5
386 384 1321 72.0 15.86 0 5
387 385 1321 72.0 13.0 0 5
388 386 1371 72.0 10.14 0 5
389 387 1371 72.0 7.29 0 5
390 388 1371 72.0 4.43 0 5
391 389 1321 74.0 21.57 0 5
392 390 1321 74.0 18.71 0 5
393 391 1321 74.0 15.86 0 5
394 392 1321 74.0 13.0 0 5
395 393 1371 74.0 10.14 0 5
396 394 1371 74.0 7.29 0 5
397 395 1371 74.0 4.43 0 5
398 65 396 2.4 30.0 0 6
399 65 397 7.21 30.0 0 6
400 65 398 12.02 30.0 0 6
401 65 399 16.83 30.0 0 6
402 400 1372 21.63 30.0 0 6
403 401 1372 26.44 30.0 0 6
404 402 1372 31.25 30.0 0 6
405 403 1372 36.06 30.0 0 6
406 404 1373 40.87 30.0 0 6
407 405 1373 45.67 30.0 0 6
408 406 1373 50.48 30.0 0 6
409 407 1373 55.29 30.0 0 6
410 408 1374 60.1 30.0 0 6
411 409 1374 64.9 30.0 0 6
412 410 1374 69.71 30.0 0 6
413 411 1374 74.52 30.0 0 6
414 412 1374 79.33 30.0 0 6
415 413 1374 84.13 30.0 0 6
416 414 1375 88.94 30.0 0 6
417 415 1375 93.75 30.0 0 6
418 416 1375 98.56 30.0 0 6
419 417 1375 103.37 30.0 0 6
420 418 1376 108.17 30.0 0 6
421 419 1376 112.98 30.0 0 6
422 420 1376 117.79 30.0 0 6
423 421 1376 122.6 30.0 0 6
424 65 422 2.4 28.0 0 6
425 65 423 7.21 28.0 0 6
426 65 424 12.02 28.0 0 6
427 65 425 16.83 28.0 0 6
428 426 1372 21.63 28.0 0 6
429 427 1372 26.44 28.0 0 6
430 428 1372 31.25 28.0 0 6
431 429 1372 36.06 28.0 0 6
432 430 1373 40.87 28.0 0 6
433 431 1373 45.67 28.0 0 6
434 432 1373 50.48 28.0 0 6
435 433 1373 55.29 28.0 0 6
436 434 1374 60.1 28.0 0 6
437 435 1374 64.9 28.0 0 6
438 436 1374 69.71 28.0 0 6
439 437 1374 74.52 28.0 0 6
440 438 1374 79.33 28.0 0 6
441 439 1374 84.13 28.0 0 6
442 440 1375 88.94 28.0 0 6
443 441 1375 93.75 28.0 0 6
444 442 1375 98.56 28.0 0 6
445 443 1375 103.37 28.0 0 6
446 444 1376 108.17 28.0 0 6
447 445 1376 112.98 28.0 0 6
448 446 1376 117.79 28.0 0 6
449 447 1376 122.6 28.0 0 6
450 448 1322 60.0 21.57 0 6
451 449 1322 60.0 18.71 0 6
452 450 1322 60.0 15.86 0 6
453 451 1322 60.0 13.0 0 6
454 452 1377 60.0 10.14 0 6
455 453 1377 60.0 7.29 0 6
456 454 1377 60.0 4.43 0 6
457 455 1322 62.0 21.57 0 6
458 456 1322 62.0 18.71 0 6
459 457 1322 62.0 15.86 0 6
460 458 1322 62.0 13.0 0 6
461 459 1377 62.0 10.14 0 6
462 460 1377 62.0 7.29 0 6
463 461 1377 62.0 4.43 0 6
464 462 1323 72.0 21.57 0 6
465 463 1323 72.0 18.71 0 6
466 464 1323 72.0 15.86 0 6
467 465 1323 72.0 13.0 0 6
468 466 1378 72.0 10.14 0 6
469 467 1378 72.0 7.29 0 6
470 468 1378 72.0 4.43 0 6
471 469 1323 74.0 21.57 0 6
472 470 1323 74.0 18.71 0 6
473 471 1323 74.0 15.86 0 6
474 472 1323 74.0 13.0 0 6
475 473 1378 74.0 10.14 0 6
476 474 1378 74.0 7.29 0 6
477 475 1378 74.0 4.43 0 6
478 66 476 2.4 30.0 0 7
479 66 477 7.21 30.0 0 7
480 66 478 12.02 30.0 0 7
481 66 479 16.83 30.0 0 7
482 480 1379 21.63 30.0 0 7
483 481 1379 26.44 30.0 0 7
484 482 1379 31.25 30.0 0 7
485 483 1379 36.06 30.0 0 7
486 484 1380 40.87 30.0 0 7
487 485 1380 45.67 30.0 0 7
488 486 1380 50.48 30.0 0 7
489 487 1380 55.29 30.0 0 7
490 488 1381 60.1 30.0 0 7
491 489 1381 64.9 30.0 0 7
492 490 1381 69.71 30.0 0 7
493 491 1381 74.52 30.0 0 7
494 492 1381 79.33 30.0 0 7
495 493 1381 84.13 30.0 0 7
496 494 1382 88.94 30.0 0 7
497 495 1382 93.75 30.0 0 7
498 496 1382 98.56 30.0 0 7
499 497 1382 103.37 30.0 0 7
500 498 1383 108.17 30.0 0 7
501 499 1383 112.98 30.0 0 7
502 500 1383 117.79 30.0 0 7
503 501 1383 122.6 30.0 0 7
504 66 502 2.4 28.0 0 7
505 66 503 7.21 28.0 0 7
506 66 504 12.02 28.0 0 7
507 66 505 16.83 28.0 0 7
508 506 1379 21.63 28.0 0 7
509 507 1379 26.44 28.0 0 7
510 508 1379 31.25 28.0 0 7
511 509 1379 36.06 28.0 0 7
512 510 1380 40.87 28.0 0 7
513 511 1380 45.67 28.0 0 7
514 512 1380 50.48 28.0 0 7
515 513 1380 55.29 28.0 0 7
516 514 1381 60.1 28.0 0 7
517 515 1381 64.9 28.0 0 7
518 516 1381 69.71 28.0 0 7
519 517 1381 74.52 28.0 0 7
520 518 1381 79.33 28.0 0 7
521 519 1381 84.13 28.0 0 7
522 520 1382 88.94 28.0 0 7
523 521 1382 93.75 28.0 0 7
524 522 1382 98.56 28.0 0 7
525 523 1382 103.37 28.0 0 7
526 524 1383 108.17 28.0 0 7
527 525 1383 112.98 28.0 0 7
528 526 1383 117.79 28.0 0 7
529 527 1383 122.6 28.0 0 7
530 528 1324 60.0 21.57 0 7
531 529 1324 60.0 18.71 0 7
532 530 1324 60.0 15.86 0 7
533 531 1324 60.0 13.0 0 7
534 532 1384 60.0 10.14 0 7
535 533 1384 60.0 7.29 0 7
536 534 1384 60.0 4.43 0 7
537 535 1324 62.0 21.57 0 7
538 536 1324 62.0 18.71 0 7
539 537 1324 62.0 15.86 0 7
540 538 1324 62.0 13.0 0 7
541 539 1384 62.0 10.14 0 7
542 540 1384 62.0 7.29 0 7
543 541 1384 62.0 4.43 0 7
544 542 1325 72.0 21.57 0 7
545 543 1325 72.0 18.71 0 7
546 544 1325 72.0 15.86 0 7
547 545 1325 72.0 13.0 0 7
548 546 1385 72.0 10.14 0 7
549 547 1385 72.0 7.29 0 7
550 548 1385 72.0 4.43 0 7
551 549 1325 74.0 21.57 0 7
552 550 1325 74.0 18.71 0 7
553 551 1325 74.0 15.86 0 7
554 552 1325 74.0 13.0 0 7
555 553 1385 74.0 10.14 0 7
556 554 1385 74.0 7.29 0 7
557 555 1385 74.0 4.43 0 7
558 67 556 2.4 30.0 0 8
559 67 557 7.21 30.0 0 8
560 67 558 12.02 30.0 0 8
561 67 559 16.83 30.0 0 8
562 560 1386 21.63 30.0 0 8
563 561 1386 26.44 30.0 0 8
564 562 1386 31.25 30.0 0 8
565 563 1386 36.06 30.0 0 8
566 564 1387 40.87 30.0 0 8
567 565 1387 45.67 30.0 0 8
568 566 1387 50.48 30.0 0 8
569 567 1387 55.29 30.0 0 8
570 568 1388 60.1 30.0 0 8
571 569 1388 64.9 30.0 0 8
572 570 1388 69.71 30.0 0 8
573 571 1388 74.52 30.0 0 8
574 572 1388 79.33 30.0 0 8
575 573 1388 84.13 30.0 0 8
576 574 1389 88.94 30.0 0 8
577 575 1389 93.75 30.0 0 8
578 576 1389 98.56 30.0 0 8
579 577 1389 103.37 30.0 0 8
580 578 1390 108.17 30.0 0 8
581 579 1390 112.98 30.0 0 8
582 580 1390 117.79 30.0 0 8
583 581 1390 122.6 30.0 0 8
584 67 582 2.4 28.0 0 8
585 67 583 7.21 28.0 0 8
586 67 584 12.02 28.0 0 8
587 67 585 16.83 28.0 0 8
588 586 1386 21.63 28.0 0 8
589 587 1386 26.44 28.0 0 8
590 588 1386 31.25 28.0 0 8
591 589 1386 36.06 28.0 0 8
592 590 1387 40.87 28.0 0 8
593 591 1387 45.67 28.0 0 8
594 592 1387 50.48 28.0 0 8
595 593 1387 55.29 28.0 0 8
596 594 1388 60.1 28.0 0 8
597 595 1388 64.9 28.0 0 8
598 596 1388 69.71 28.0 0 8
599 597 1388 74.52 28.0 0 8
600 598 1388 79.33 28.0 0 8
601 599 1388 84.13 28.0 0 8
602 600 1389 88.94 28.0 0 8
603 601 1389 93.75 28.0 0 8
604 602 1389 98.56 28.0 0 8
605 603 1389 103.37 28.0 0 8
606 604 1390 108.17 28.0 0 8
607 605 1390 112.98 28.0 0 8
608 606 1390 117.79 28.0 0 8
609 607 1390 122.6 28.0 0 8
610 608 1326 60.0 21.57 0 8
611 609 1326 60.0 18.71 0 8
612 610 1326 60.0 15.86 0 8
613 611 1326 60.0 13.0 0 8
614 612 1391 60.0 10.14 0 8
615 613 1391 60.0 7.29 0 8
616 614 1391 60.0 4.43 0 8
617 615 1326 62.0 21.57 0 8
618 616 1326 62.0 18.71 0 8
619 617 1326 62.0 15.86 0 8
620 618 1326 62.0 13.0 0 8
621 619 1391 62.0 10.14 0 8
622 620 1391 62.0 7.29 0 8
623 621 1391 62.0 4.43 0 8
624 622 1327 72.0 21.57 0 8
625 623 1327 72.0 18.71 0 8
626 624 1327 72.0 15.86 0 8
627 625 1327 72.0 13.0 0 8
628 626 1392 72.0 10.14 0 8
629 627 1392 72.0 7.29 0 8
630 628 1392 72.0 4.43 0 8
631 629 1327 74.0 21.57 0 8
632 630 1327 74.0 18.71 0 8
633 631 1327 74.0 15.86 0 8
634 632 1327 74.0 13.0 0 8
635 633 1392 74.0 10.14 0 8
636 634 1392 74.0 7.29 0 8
637 635 1392 74.0 4.43 0 8
638 68 636 2.4 30.0 0 9
639 68 637 7.21 30.0 0 9
640 68 638 12.02 30.0 0 9
641 68 639 16.83 30.0 0 9
642 640 1393 21.63 30.0 0 9
643 641 1393 26.44 30.0 0 9
644 642 1393 31.25 30.0 0 9
645 643 1393 36.06 30.0 0 9
646 644 1394 40.87 30.0 0 9
647 645 1394 45.67 30.0 0 9
648 646 1394 50.48 30.0 0 9
649 647 1394 55.29 30.0 0 9
650 648 1395 60.1 30.0 0 9
651 649 1395 64.9 30.0 0 9
652 650 1395 69.71 30.0 0 9
653 651 1395 74.52 30.0 0 9
654 652 1395 79.33 30.0 0 9
655 653 1395 84.13 30.0 0 9
656 654 1396 88.94 30.0 0 9
657 655 1396 93.75 30.0 0 9
658 656 1396 98.56 30.0 0 9
659 657 1396 103.37 30.0 0 9
660 658 1397 108.17 30.0 0 9
661 659 1397 112.98 30.0 0 9
662 660 1397 117.79 30.0 0 9
663 661 1397 122.6 30.0 0 9
664 68 662 2.4 28.0 0 9
665 68 663 7.21 28.0 0 9
666 68 664 12.02 28.0 0 9
667 68 665 16.83 28.0 0 9
668 666 1393 21.63 28.0 0 9
669 667 1393 26.44 28.0 0 9
670 668 1393 31.25 28.0 0 9
671 669 1393 36.06 28.0 0 9
672 670 1394 40.87 28.0 0 9
673 671 1394 45.67 28.0 0 9
674 672 1394 50.48 28.0 0 9
675 673 1394 55.29 28.0 0 9
676 674 1395 60.1 28.0 0 9
677 675 1395 64.9 28.0 0 9
678 676 1395 69.71 28.0 0 9
679 677 1395 74.52 28.0 0 9
680 678 1395 79.33 28.0 0 9
681 679 1395 84.13 28.0 0 9
682 680 1396 88.94 28.0 0 9
683 681 1396 93.75 28.0 0 9
684 682 1396 98.56 28.0 0 9
685 683 1396 103.37 28.0 0 9
686 684 1397 108.17 28.0 0 9
687 685 1397 112.98 28.0 0 9
688 686 1397 117.79 28.0 0 9
689 687 1397 122.6 28.0 0 9
690 688 1328 60.0 21.57 0 9
691 689 1328 60.0 18.71 0 9
692 690 1328 60.0 15.86 0 9
693 691 1328 60.0 13.0 0 9
694 692 1398 60.0 10.14 0 9
695 693 1398 60.0 7.29 0 9
696 694 1398 60.0 4.43 0 9
697 695 1328 62.0 21.57 0 9
698 696 1328 62.0 18.71 0 9
699 697 1328 62.0 15.86 0 9
700 698 1328 62.0 13.0 0 9
701 699 1398 62.0 10.14 0 9
702 700 1398 62.0 7.29 0 9
703 701 1398 62.0 4.43 0 9
704 702 1329 72.0 21.57 0 9
705 703 1329 72.0 18.71 0 9
706 704 1329 72.0 15.86 0 9
707 705 1329 72.0 13.0 0 9
708 706 1399 72.0 10.14 0 9
709 707 1399 72.0 7.29 0 9
710 708 1399 72.0 4.43 0 9
711 709 1329 74.0 21.57 0 9
712 710 1329 74.0 18.71 0 9
713 711 1329 74.0 15.86 0 9
714 712 1329 74.0 13.0 0 9
715 713 1399 74.0 10.14 0 9
716 714 1399 74.0 7.29 0 9
717 715 1399 74.0 4.43 0 9
718 69 716 2.4 30.0 0 10
719 69 717 7.21 30.0 0 10
720 69 718 12.02 30.0 0 10
721 69 719 16.83 30.0 0 10
722 720 1400 21.63 30.0 0 10
723 721 1400 26.44 30.0 0 10
724 722 1400 31.25 30.0 0 10
725 723 1400 36.06 30.0 0 10
726 724 1401 40.87 30.0 0 10
727 725 1401 45.67 30.0 0 10
728 726 1401 50.48 30.0 0 10
729 727 1401 55.29 30.0 0 10
730 728 1402 60.1 30.0 0 10
731 729 1402 64.9 30.0 0 10
732 730 1402 69.71 30.0 0 10
733 731 1402 74.52 30.0 0 10
734 732 1402 79.33 30.0 0 10
735 733 1402 84.13 30.0 0 10
736 734 1403 88.94 30.0 0 10
737 735 1403 93.75 30.0 0 10
738 736 1403 98.56 30.0 0 10
739 737 1403 103.37 30.0 0 10
740 738 1404 108.17 30.0 0 10
741 739 1404 112.98 30.0 0 10
742 740 1404 117.79 30.0 0 10
743 741 1404 122.6 30.0 0 10
744 69 742 2.4 28.0 0 10
745 69 743 7.21 28.0 0 10
746 69 744 12.02 28.0 0 10
747 69 745 16.83 28.0 0 10
748 746 1400 21.63 28.0 0 10
749 747 1400 26.44 28.0 0 10
750 748 1400 31.25 28.0 0 10
751 749 1400 36.06 28.0 0 10
752 750 1401 40.87 28.0 0 10
753 751 1401 45.67 28.0 0 10
754 752 1401 50.48 28.0 0 10
755 753 1401 55.29 28.0 0 10
756 754 1402 60.1 28.0 0 10
757 755 1402 64.9 28.0 0 10
758 756 1402 69.71 28.0 0 10
759 757 1402 74.52 28.0 0 10
760 758 1402 79.33 28.0 0 10
761 759 1402 84.13 28.0 0 10
762 760 1403 88.94 28.0 0 10
763 761 1403 93.75 28.0 0 10
764 762 1403 98.56 28.0 0 10
765 763 1403 103.37 28.0 0 10
766 764 1404 108.17 28.0 0 10
767 765 1404 112.98 28.0 0 10
768 766 1404 117.79 28.0 0 10
769 767 1404 122.6 28.0 0 10
770 768 1330 60.0 21.57 0 10
771 769 1330 60.0 18.71 0 10
772 770 1330 60.0 15.86 0 10
773 771 1330 60.0 13.0 0 10
774 772 1405 60.0 10.14 0 10
775 773 1405 60.0 7.29 0 10
776 774 1405 60.0 4.43 0 10
777 775 1330 62.0 21.57 0 10
778 776 1330 62.0 18.71 0 10
779 777 1330 62.0 15.86 0 10
780 778 1330 62.0 13.0 0 10
781 779 1405 62.0 10.14 0 10
782 780 1405 62.0 7.29 0 10
783 781 1405 62.0 4.43 0 10
784 782 1331 72.0 21.57 0 10
785 783 1331 72.0 18.71 0 10
786 784 1331 72.0 15.86 0 10
787 785 1331 72.0 13.0 0 10
788 786 1406 72.0 10.14 0 10
789 787 1406 72.0 7.29 0 10
790 788 1406 72.0 4.43 0 10
791 789 1331 74.0 21.57 0 10
792 790 1331 74.0 18.71 0 10
793 791 1331 74.0 15.86 0 10
794 792 1331 74.0 13.0 0 10
795 793 1406 74.0 10.14 0 10
796 794 1406 74.0 7.29 0 10
797 795 1406 74.0 4.43 0 10
798 70 796 2.4 30.0 0 11
799 70 797 7.21 30.0 0 11
800 70 798 12.02 30.0 0 11
801 70 799 16.83 30.0 0 11
802 800 1407 21.63 30.0 0 11
803 801 1407 26.44 30.0 0 11
804 802 1407 31.25 30.0 0 11
805 803 1407 36.06 30.0 0 11
806 804 1408 40.87 30.0 0 11
807 805 1408 45.67 30.0 0 11
808 806 1408 50.48 30.0 0 11
809 807 1408 55.29 30.0 0 11
810 808 1409 60.1 30.0 0 11
811 809 1409 64.9 30.0 0 11
812 810 1409 69.71 30.0 0 11
813 811 1409 74.52 30.0 0 11
814 812 1409 79.33 30.0 0 11
815 813 1409 84.13 30.0 0 11
816 814 1410 88.94 30.0 0 11
817 815 1410 93.75 30.0 0 11
818 816 1410 98.56 30.0 0 11
819 817 1410 103.37 30.0 0 11
820 818 1411 108.17 30.0 0 11
821 819 1411 112.98 30.0 0 11
822 820 1411 117.79 30.0 0 11
823 821 1411 122.6 30.0 0 11
824 70 822 2.4 28.0 0 11
825 70 823 7.21 28.0 0 11
826 70 824 12.02 28.0 0 11
827 70 825 16.83 28.0 0 11
828 826 1407 21.63 28.0 0 11
829 827 1407 26.44 28.0 0 11
830 828 1407 31.25 28.0 0 11
831 829 1407 36.06 28.0 0 11
832 830 1408 40.87 28.0 0 11
833 831 1408 45.67 28.0 0 11
834 832 1408 50.48 28.0 0 11
835 833 1408 55.29 28.0 0 11
836 834 1409 60.1 28.0 0 11
837 835 1409 64.9 28.0 0 11
838 836 1409 69.71 28.0 0 11
839 837 1409 74.52 28.0 0 11
840 838 1409 79.33 28.0 0 11
841 839 1409 84.13 28.0 0 11
842 840 1410 88.94 28.0 0 11
843 841 1410 93.75 28.0 0 11
844 842 1410 98.56 28.0 0 11
845 843 1410 103.37 28.0 0 11
846 844 1411 108.17 28.0 0 11
847 845 1411 112.98 28.0 0 11
848 846 1411 117.79 28.0 0 11
849 847 1411 122.6 28.0 0 11
850 848 1332 60.0 21.57 0 11
851 849 1332 60.0 18.71 0 11
852 850 1332 60.0 15.86 0 11
853 851 1332 60.0 13.0 0 11
854 852 1412 60.0 10.14 0 11
855 853 1412 60.0 7.29 0 11
856 854 1412 60.0 4.43 0 11
857 855 1332 62.0 21.57 0 11
858 856 1332 62.0 18.71 0 11
859 857 1332 62.0 15.86 0 11
860 858 1332 62.0 13.0 0 11
861 859 1412 62.0 10.14 0 11
862 860 1412 62.0 7.29 0 11
863 861 1412 62.0 4.43 0 11
864 862 1333 72.0 21.57 0 11
865 863 1333 72.0 18.71 0 11
866 864 1333 72.0 15.86 0 11
867 865 1333 72.0 13.0 0 11
868 866 1413 72.0 10.14 0 11
869 867 1413 72.0 7.29 0 11
870 868 1413 72.0 4.43 0 11
871 869 1333 74.0 21.57 0 11
872 870 1333 74.0 18.71 0 11
873 871 1333 74.0 15.86 0 11
874 872 1333 74.0 13.0 0 11
875 873 1413 74.0 10.14 0 11
876 874 1413 74.0 7.29 0 11
877 875 1413 74.0 4.43 0 11
878 71 876 2.4 30.0 0 12
879 71 877 7.21 30.0 0 12
880 71 878 12.02 30.0 0 12
881 71 879 16.83 30.0 0 12
882 880 1414 21.63 30.0 0 12
883 881 1414 26.44 30.0 0 12
884 882 1414 31.25 30.0 0 12
885 883 1414 36.06 30.0 0 12
886 884 1415 40.87 30.0 0 12
887 885 1415 45.67 30.0 0 12
888 886 1415 50.48 30.0 0 12
889 887 1415 55.29 30.0 0 12
890 888 1416 60.1 30.0 0 12
891 889 1416 64.9 30.0 0 12
892 890 1416 69.71 30.0 0 12
893 891 1416 74.52 30.0 0 12
894 892 1416 79.33 30.0 0 12
895 893 1416 84.13 30.0 0 12
896 894 1417 88.94 30.0 0 12
897 895 1417 93.75 30.0 0 12
898 896 1417 98.56 30.0 0 12
899 897 1417 103.37 30.0 0 12
900 898 1418 108.17 30.0 0 12
901 899 1418 112.98 30.0 0 12
902 900 1418 117.79 30.0 0 12
903 901 1418 122.6 30.0 0 12
904 71 902 2.4 28.0 0 12
905 71 903 7.21 28.0 0 12
906 71 904 12.02 28.0 0 12
907 71 905 16.83 28.0 0 12
908 906 1414 21.63 28.0 0 12
909 907 1414 26.44 28.0 0 12
910 908 1414 31.25 28.0 0 12
911 909 1414 36.06 28.0 0 12
912 910 1415 40.87 28.0 0 12
913 911 1415 45.67 28.0 0 12
914 912 1415 50.48 28.0 0 12
915 913 1415 55.29 28.0 0 12
916 914 1416 60.1 28.0 0 12
917 915 1416 64.9 28.0 0 12
918 916 1416 69.71 28.0 0 12
919 917 1416 74.52 28.0 0 12
920 918 1416 79.33 28.0 0 12
921 919 1416 84.13 28.0 0 12
922 920 1417 88.94 28.0 0 12
923 921 1417 93.75 28.0 0 12
924 922 1417 98.56 28.0 0 12
925 923 1417 103.37 28.0 0 12
926 924 1418 108.17 28.0 0 12
927 925 1418 112.98 28.0 0 12
928 926 1418 117.79 28.0 0 12
929 927 1418 122.6 28.0 0 12
930 928 1334 60.0 21.57 0 12
931 929 1334 60.0 18.71 0 12
932 930 1334 60.0 15.86 0 12
933 931 1334 60.0 13.0 0 12
934 932 1419 60.0 10.14 0 12
935 933 1419 60.0 7.29 0 12
936 934 1419 60.0 4.43 0 12
937 935 1334 62.0 21.57 0 12
938 936 1334 62.0 18.71 0 12
939 937 1334 62.0 15.86 0 12
940 938 1334 62.0 13.0 0 12
941 939 1419 62.0 10.14 0 12
942 940 1419 62.0 7.29 0 12
943 941 1419 62.0 4.43 0 12
944 942 1335 72.0 21.57 0 12
945 943 1335 72.0 18.71 0 12
946 944 1335 72.0 15.86 0 12
947 945 1335 72.0 13.0 0 12
948 946 1420 72.0 10.14 0 12
949 947 1420 72.0 7.29 0 12
950 948 1420 72.0 4.43 0 12
951 949 1335 74.0 21.57 0 12
952 950 1335 74.0 18.71 0 12
953 951 1335 74.0 15.86 0 12
954 952 1335 74.0 13.0 0 12
955 953 1420 74.0 10.14 0 12
956 954 1420 74.0 7.29 0 12
957 955 1420 74.0 4.43 0 12
958 72 956 2.4 30.0 0 13
959 72 957 7.21 30.0 0 13
960 72 958 12.02 30.0 0 13
961 72 959 16.83 30.0 0 13
962 960 1421 21.63 30.0 0 13
963 961 1421 26.44 30.0 0 13
964 962 1421 31.25 30.0 0 13
965 963 1421 36.06 30.0 0 13
966 964 1422 40.87 30.0 0 13
967 965 1422 45.67 30.0 0 13
968 966 1422 50.48 30.0 0 13
969 967 1422 55.29 30.0 0 13
970 968 1423 60.1 30.0 0 13
971 969 1423 64.9 30.0 0 13
972 970 1423 69.71 30.0 0 13
973 971 1423 74.52 30.0 0 13
974 972 1423 79.33 30.0 0 13
975 973 1423 84.13 30.0 0 13
976 974 1424 88.94 30.0 0 13
977 975 1424 93.75 30.0 0 13
978 976 1424 98.56 30.0 0 13
979 977 1424 103.37 30.0 0 13
980 978 1425 108.17 30.0 0 13
981 979 1425 112.98 30.0 0 13
982 980 1425 117.79 30.0 0 13
983 981 1425 122.6 30.0 0 13
984 72 982 2.4 28.0 0 13
985 72 983 7.21 28.0 0 13
986 72 984 12.02 28.0 0 13
987 72 985 16.83 28.0 0 13
988 986 1421 21.63 28.0 0 13
989 987 1421 26.44 28.0 0 13
990 988 1421 31.25 28.0 0 13
991 989 1421 36.06 28.0 0 13
992 990 1422 40.87 28.0 0 13
993 991 1422 45.67 28.0 0 13
994 992 1422 50.48 28.0 0 13
995 993 1422 55.29 28.0 0 13
996 994 1423 60.1 28.0 0 13
997 995 1423 64.9 28.0 0 13
998 996 1423 69.71 28.0 0 13
999 997 1423 74.52 28.0 0 13
1000 998 1423 79.33 28.0 0 13
1001 999 1423 84.13 28.0 0 13
1002 1000 1424 88.94 28.0 0 13
1003 1001 1424 93.75 28.0 0 13
1004 1002 1424 98.56 28.0 0 13
1005 1003 1424 103.37 28.0 0 13
1006 1004 1425 108.17 28.0 0 13
1007 1005 1425 112.98 28.0 0 13
1008 1006 1425 117.79 28.0 0 13
1009 1007 1425 122.6 28.0 0 13
1010 1008 1336 60.0 21.57 0 13
1011 1009 1336 60.0 18.71 0 13
1012 1010 1336 60.0 15.86 0 13
1013 1011 1336 60.0 13.0 0 13
1014 1012 1426 60.0 10.14 0 13
1015 1013 1426 60.0 7.29 0 13
1016 1014 1426 60.0 4.43 0 13
1017 1015 1336 62.0 21.57 0 13
1018 1016 1336 62.0 18.71 0 13
1019 1017 1336 62.0 15.86 0 13
1020 1018 1336 62.0 13.0 0 13
1021 1019 1426 62.0 10.14 0 13
1022 1020 1426 62.0 7.29 0 13
1023 1021 1426 62.0 4.43 0 13
1024 1022 1337 72.0 21.57 0 13
1025 1023 1337 72.0 18.71 0 13
1026 1024 1337 72.0 15.86 0 13
1027 1025 1337 72.0 13.0 0 13
1028 1026 1427 72.0 10.14 0 13
1029 1027 1427 72.0 7.29 0 13
1030 1028 1427 72.0 4.43 0 13
1031 1029 1337 74.0 21.57 0 13
1032 1030 1337 74.0 18.71 0 13
1033 1031 1337 74.0 15.86 0 13
1034 1032 1337 74.0 13.0 0 13
1035 1033 1427 74.0 10.14 0 13
1036 1034 1427 74.0 7.29 0 13
1037 1035 1427 74.0 4.43 0 13
1038 73 1036 2.4 30.0 0 14
1039 73 1037 7.21 30.0 0 14
1040 73 1038 12.02 30.0 0 14
1041 73 1039 16.83 30.0 0 14
1042 1040 1428 21.63 30.0 0 14
1043 1041 1428 26.44 30.0 0 14
1044 1042 1428 31.25 30.0 0 14
1045 1043 1428 36.06 30.0 0 14
1046 1044 1429 40.87 30.0 0 14
1047 1045 1429 45.67 30.0 0 14
1048 1046 1429 50.48 30.0 0 14
1049 1047 1429 55.29 30.0 0 14
1050 1048 1430 60.1 30.0 0 14
1051 1049 1430 64.9 30.0 0 14
1052 1050 1430 69.71 30.0 0 14
1053 1051 1430 74.52 30.0 0 14
1054 1052 1430 79.33 30.0 0 14
1055 1053 1430 84.13 30.0 0 14
1056 1054 1431 88.94 30.0 0 14
1057 1055 1431 93.75 30.0 0 14
1058 1056 1431 98.56 30.0 0 14
1059 1057 1431 103.37 30.0 0 14
1060 1058 1432 108.17 30.0 0 14
1061 1059 1432 112.98 30.0 0 14
1062 1060 1432 117.79 30.0 0 14
1063 1061 1432 122.6 30.0 0 14
1064 73 1062 2.4 28.0 0 14
1065 73 1063 7.21 28.0 0 14
1066 73 1064 12.02 28.0 0 14
1067 73 1065 16.83 28.0 0 14
1068 1066 1428 21.63 28.0 0 14
1069 1067 1428 26.44 28.0 0 14
1070 1068 1428 31.25 28.0 0 14
1071 1069 1428 36.06 28.0 0 14
1072 1070 1429 40.87 28.0 0 14
1073 1071 1429 45.67 28.0 0 14
1074 1072 1429 50.48 28.0 0 14
1075 1073 1429 55.29 28.0 0 14
1076 1074 1430 60.1 28.0 0 14
1077 1075 1430 64.9 28.0 0 14
1078 1076 1430 69.71 28.0 0 14
1079 1077 1430 74.52 28.0 0 14
1080 1078 1430 79.33 28.0 0 14
1081 1079 1430 84.13 28.0 0 14
1082 1080 1431 88.94 28.0 0 14
1083 1081 1431 93.75 28.0 0 14
1084 1082 1431 98.56 28.0 0 14
1085 1083 1431 103.37 28.0 0 14
1086 1084 1432 108.17 28.0 0 14
1087 1085 1432 112.98 28.0 0 14
1088 1086 1432 117.79 28.0 0 14
1089 1087 1432 122.6 28.0 0 14
1090 1088 1338 60.0 21.57 0 14
1091 1089 1338 60.0 18.71 0 14
1092 1090 1338 60.0 15.86 0 14
1093 1091 1338 60.0 13.0 0 14
1094 1092 1433 60.0 10.14 0 14
1095 1093 1433 60.0 7.29 0 14
1096 1094 1433 60.0 4.43 0 14
1097 1095 1338 62.0 21.57 0 14
1098 1096 1338 62.0 18.71 0 14
1099 1097 1338 62.0 15.86 0 14
1100 1098 1338 62.0 13.0 0 14
1101 1099 1433 62.0 10.14 0 14
1102 1100 1433 62.0 7.29 0 14
1103 1101 1433 62.0 4.43 0 14
1104 1102 1339 72.0 21.57 0 14
1105 1103 1339 72.0 18.71 0 14
1106 1104 1339 72.0 15.86 0 14
1107 1105 1339 72.0 13.0 0 14
1108 1106 1434 72.0 10.14 0 14
1109 1107 1434 72.0 7.29 0 14
1110 1108 1434 72.0 4.43 0 14
1111 1109 1339 74.0 21.57 0 14
1112 1110 1339 74.0 18.71 0 14
1113 1111 1339 74.0 15.86 0 14
1114 1112 1339 74.0 13.0 0 14
1115 1113 1434 74.0 10.14 0 14
1116 1114 1434 74.0 7.29 0 14
1117 1115 1434 74.0 4.43 0 14
1118 74 1116 2.4 30.0 0 15
1119 74 1117 7.21 30.0 0 15
1120 74 1118 12.02 30.0 0 15
1121 74 1119 16.83 30.0 0 15
1122 1120 1435 21.63 30.0 0 15
1123 1121 1435 26.44 30.0 0 15
1124 1122 1435 31.25 30.0 0 15
1125 1123 1435 36.06 30.0 0 15
1126 1124 1436 40.87 30.0 0 15
1127 1125 1436 45.67 30.0 0 15
1128 1126 1436 50.48 30.0 0 15
1129 1127 1436 55.29 30.0 0 15
1130 1128 1437 60.1 30.0 0 15
1131 1129 1437 64.9 30.0 0 15
1132 1130 1437 69.71 30.0 0 15
1133 1131 1437 74.52 30.0 0 15
1134 1132 1437 79.33 30.0 0 15
1135 1133 1437 84.13 30.0 0 15
1136 1134 1438 88.94 30.0 0 15
1137 1135 1438 93.75 30.0 0 15
1138 1136 1438 98.56 30.0 0 15
1139 1137 1438 103.37 30.0 0 15
1140 1138 1439 108.17 30.0 0 15
1141 1139 1439 112.98 30.0 0 15
1142 1140 1439 117.79 30.0 0 15
1143 1141 1439 122.6 30.0 0 15
1144 74 1142 2.4 28.0 0 15
1145 74 1143 7.21 28.0 0 15
1146 74 1144 12.02 28.0 0 15
1147 74 1145 16.83 28.0 0 15
1148 1146 1435 21.63 28.0 0 15
1149 1147 1435 26.44 28.0 0 15
1150 1148 1435 31.25 28.0 0 15
1151 1149 1435 36.06 28.0 0 15
1152 1150 1436 40.87 28.0 0 15
1153 1151 1436 45.67 28.0 0 15
1154 1152 1436 50.48 28.0 0 15
1155 1153 1436 55.29 28.0 0 15
1156 1154 1437 60.1 28.0 0 15
1157 1155 1437 64.9 28.0 0 15
1158 1156 1437 69.71 28.0 0 15
1159 1157 1437 74.52 28.0 0 15
1160 1158 1437 79.33 28.0 0 15
1161 1159 1437 84.13 28.0 0 15
1162 1160 1438 88.94 28.0 0 15
1163 1161 1438 93.75 28.0 0 15
1164 1162 1438 98.56 28.0 0 15
1165 1163 1438 103.37 28.0 0 15
1166 1164 1439 108.17 28.0 0 15
1167 1165 1439 112.98 28.0 0 15
1168 1166 1439 117.79 28.0 0 15
1169 1167 1439 122.6 28.0 0 15
1170 1168 1340 60.0 21.57 0 15
1171 1169 1340 60.0 18.71 0 15
1172 1170 1340 60.0 15.86 0 15
1173 1171 1340 60.0 13.0 0 15
1174 1172 1440 60.0 10.14 0 15
1175 1173 1440 60.0 7.29 0 15
1176 1174 1440 60.0 4.43 0 15
1177 1175 1340 62.0 21.57 0 15
1178 1176 1340 62.0 18.71 0 15
1179 1177 1340 62.0 15.86 0 15
1180 1178 1340 62.0 13.0 0 15
1181 1179 1440 62.0 10.14 0 15
1182 1180 1440 62.0 7.29 0 15
1183 1181 1440 62.0 4.43 0 15
1184 1182 1341 72.0 21.57 0 15
1185 1183 1341 72.0 18.71 0 15
1186 1184 1341 72.0 15.86 0 15
1187 1185 1341 72.0 13.0 0 15
1188 1186 1441 72.0 10.14 0 15
1189 1187 1441 72.0 7.29 0 15
1190 1188 1441 72.0 4.43 0 15
1191 1189 1341 74.0 21.57 0 15
1192 1190 1341 74.0 18.71 0 15
1193 1191 1341 74.0 15.86 0 15
1194 1192 1341 74.0 13.0 0 15
1195 1193 1441 74.0 10.14 0 15
1196 1194 1441 74.0 7.29 0 15
1197 1195 1441 74.0 4.43 0 15
1198 75 1196 2.4 30.0 0 16
1199 75 1197 7.21 30.0 0 16
1200 75 1198 12.02 30.0 0 16
1201 75 1199 16.83 30.0 0 16
1202 1200 1442 21.63 30.0 0 16
1203 1201 1442 26.44 30.0 0 16
1204 1202 1442 31.25 30.0 0 16
1205 1203 1442 36.06 30.0 0 16
1206 1204 1443 40.87 30.0 0 16
1207 1205 1443 45.67 30.0 0 16
1208 1206 1443 50.48 30.0 0 16
1209 1207 1443 55.29 30.0 0 16
1210 1208 1444 60.1 30.0 0 16
1211 1209 1444 64.9 30.0 0 16
1212 1210 1444 69.71 30.0 0 16
1213 1211 1444 74.52 30.0 0 16
1214 1212 1444 79.33 30.0 0 16
1215 1213 1444 84.13 30.0 0 16
1216 1214 1445 88.94 30.0 0 16
1217 1215 1445 93.75 30.0 0 16
1218 1216 1445 98.56 30.0 0 16
1219 1217 1445 103.37 30.0 0 16
1220 1218 1446 108.17 30.0 0 16
1221 1219 1446 112.98 30.0 0 16
1222 1220 1446 117.79 30.0 0 16
1223 1221 1446 122.6 30.0 0 16
1224 75 1222 2.4 28.0 0 16
1225 75 1223 7.21 28.0 0 16
1226 75 1224 12.02 28.0 0 16
1227 75 1225 16.83 28.0 0 16
1228 1226 1442 21.63 28.0 0 16
1229 1227 1442 26.44 28.0 0 16
1230 1228 1442 31.25 28.0 0 16
1231 1229 1442 36.06 28.0 0 16
1232 1230 1443 40.87 28.0 0 16
1233 1231 1443 45.67 28.0 0 16
1234 1232 1443 50.48 28.0 0 16
1235 1233 1443 55.29 28.0 0 16
1236 1234 1444 60.1 28.0 0 16
1237 1235 1444 64.9 28.0 0 16
1238 1236 1444 69.71 28.0 0 16
1239 1237 1444 74.52 28.0 0 16
1240 1238 1444 79.33 28.0 0 16
1241 1239 1444 84.13 28.0 0 16
1242 1240 1445 88.94 28.0 0 16
1243 1241 1445 93.75 28.0 0 16
1244 1242 1445 98.56 28.0 0 16
1245 1243 1445 103.37 28.0 0 16
1246 1244 1446 108.17 28.0 0 16
1247 1245 1446 112.98 28.0 0 16
1248 1246 1446 117.79 28.0 0 16
1249 1247 1446 122.6 28.0 0 16
1250 1248 1342 60.0 21.57 0 16
1251 1249 1342 60.0 18.71 0 16
1252 1250 1342 60.0 15.86 0 16
1253 1251 1342 60.0 13.0 0 16
1254 1252 1447 60.0 10.14 0 16
1255 1253 1447 60.0 7.29 0 16
1256 1254 1447 60.0 4.43 0 16
1257 1255 1342 62.0 21.57 0 16
1258 1256 1342 62.0 18.71 0 16
1259 1257 1342 62.0 15.86 0 16
1260 1258 1342 62.0 13.0 0 16
1261 1259 1447 62.0 10.14 0 16
1262 1260 1447 62.0 7.29 0 16
1263 1261 1447 62.0 4.43 0 16
1264 1262 1343 72.0 21.57 0 16
1265 1263 1343 72.0 18.71 0 16
1266 1264 1343 72.0 15.86 0 16
1267 1265 1343 72.0 13.0 0 16
1268 1266 1448 72.0 10.14 0 16
1269 1267 1448 72.0 7.29 0 16
1270 1268 1448 72.0 4.43 0 16
1271 1269 1343 74.0 21.57 0 16
1272 1270 1343 74.0 18.71 0 16
1273 1271 1343 74.0 15.86 0 16
1274 1272 1343 74.0 13.0 0 16
1275 1273 1448 74.0 10.14 0 16
1276 1274 1448 74.0 7.29 0 16
1277 1275 1448 74.0 4.43 0 16
1278 61 1276 1.0 29.0 0 2
1279 1348 1277 124.0 29.0 0 2
1280 62 1276 1.0 29.0 0 3
1281 1355 1277 124.0 29.0 0 3
1282 62 1278 1.0 29.0 0 3
1283 1355 1279 124.0 29.0 0 3
1284 63 1278 1.0 29.0 0 4
1285 1362 1279 124.0 29.0 0 4
1286 63 1280 1.0 29.0 0 4
1287 1362 1281 124.0 29.0 0 4
1288 64 1280 1.0 29.0 0 5
1289 1369 1281 124.0 29.0 0 5
1290 64 1282 1.0 29.0 0 5
1291 1369 1283 124.0 29.0 0 5
1292 65 1282 1.0 29.0 0 6
1293 1376 1283 124.0 29.0 0 6
1294 65 1284 1.0 29.0 0 6
1295 1376 1285 124.0 29.0 0 6
1296 66 1284 1.0 29.0 0 7
1297 1383 1285 124.0 29.0 0 7
1298 66 1286 1.0 29.0 0 7
1299 1383 1287 124.0 29.0 0 7
1300 67 1286 1.0 29.0 0 8
1301 1390 1287 124.0 29.0 0 8
1302 67 1288 1.0 29.0 0 8
1303 1390 1289 124.0 29.0 0 8
1304 68 1288 1.0 29.0 0 9
1305 1397 1289 124.0 29.0 0 9
1306 68 1290 1.0 29.0 0 9
1307 1397 1291 124.0 29.0 0 9
1308 69 1290 1.0 29.0 0 10
1309 1404 1291 124.0 29.0 0 10
1310 69 1292 1.0 29.0 0 10
1311 1404 1293 124.0 29.0 0 10
1312 70 1292 1.0 29.0 0 11
1313 1411 1293 124.0 29.0 0 11
1314 70 1294 1.0 29.0 0 11
1315 1411 1295 124.0 29.0 0 11
1316 71 1294 1.0 29.0 0 12
1317 1418 1295 124.0 29.0 0 12
1318 71 1296 1.0 29.0 0 12
1319 1418 1297 124.0 29.0 0 12
1320 72 1296 1.0 29.0 0 13
1321 1425 1297 124.0 29.0 0 13
1322 72 1298 1.0 29.0 0 13
1323 1425 1299 124.0 29.0 0 13
1324 73 1298 1.0 29.0 0 14
1325 1432 1299 124.0 29.0 0 14
1326 73 1300 1.0 29.0 0 14
1327 1432 1301 124.0 29.0 0 14
1328 74 1300 1.0 29.0 0 15
1329 1439 1301 124.0 29.0 0 15
1330 74 1302 1.0 29.0 0 15
1331 1439 1303 124.0 29.0 0 15
1332 75 1302 1.0 29.0 0 16
1333 1446 1303 124.0 29.0 0 16
1334 1 1304 1.0 29.0 0 1
1335 1305 1311 124.0 29.0 0 1
1336 61 1304 1.0 29.0 0 2
1337 1348 1305 124.0 29.0 0 2
1338 114 1314 61.0 23.0 0 2
1339 117 1315 73.0 23.0 0 2
1340 194 1316 61.0 23.0 0 3
1341 197 1317 73.0 23.0 0 3
1342 274 1318 61.0 23.0 0 4
1343 277 1319 73.0 23.0 0 4
1344 354 1320 61.0 23.0 0 5
1345 357 1321 73.0 23.0 0 5
1346 434 1322 61.0 23.0 0 6
1347 437 1323 73.0 23.0 0 6
1348 514 1324 61.0 23.0 0 7
1349 517 1325 73.0 23.0 0 7
1350 594 1326 61.0 23.0 0 8
1351 597 1327 73.0 23.0 0 8
1352 674 1328 61.0 23.0 0 9
1353 677 1329 73.0 23.0 0 9
1354 754 1330 61.0 23.0 0 10
1355 757 1331 73.0 23.0 0 10
1356 834 1332 61.0 23.0 0 11
1357 837 1333 73.0 23.0 0 11
1358 914 1334 61.0 23.0 0 12
1359 917 1335 73.0 23.0 0 12
1360 994 1336 61.0 23.0 0 13
1361 997 1337 73.0 23.0 0 13
1362 1074 1338 61.0 23.0 0 14
1363 1077 1339 73.0 23.0 0 14
1364 1154 1340 61.0 23.0 0 15
1365 1157 1341 73.0 23.0 0 15
1366 1234 1342 61.0 23.0 0 16
1367 1237 1343 73.0 23.0 0 16
1368 0 1306 65.1 13.0 0 0
1369 1 1312 1.0 18.0 0 1
1370 1307 1312 19.5 18.0 0 1
1371 1308 1312 39.5 18.0 0 1
1372 1309 1313 90.5 18.0 0 1
1373 1310 1313 105.5 18.0 0 1
1374 1311 1313 124.0 18.0 0 1
1375 61 1344 19.23 29.0 0 2
1376 1344 1345 38.46 29.0 0 2
1377 1345 1346 57.69 29.0 0 2
1378 1346 1347 86.54 29.0 0 2
1379 1347 1348 105.77 29.0 0 2
1380 1314 1349 61.0 11.57 0 2
1381 1315 1350 73.0 11.57 0 2
1382 62 1351 19.23 29.0 0 3
1383 1351 1352 38.46 29.0 0 3
1384 1352 1353 57.69 29.0 0 3
1385 1353 1354 86.54 29.0 0 3
1386 1354 1355 105.77 29.0 0 3
1387 1316 1356 61.0 11.57 0 3
1388 1317 1357 73.0 11.57 0 3
1389 63 1358 19.23 29.0 0 4
1390 1358 1359 38.46 29.0 0 4
1391 1359 1360 57.69 29.0 0 4
1392 1360 1361 86.54 29.0 0 4
1393 1361 1362 105.77 29.0 0 4
1394 1318 1363 61.0 11.57 0 4
1395 1319 1364 73.0 11.57 0 4
1396 64 1365 19.23 29.0 0 5
1397 1365 1366 38.46 29.0 0 5
1398 1366 1367 57.69 29.0 0 5
1399 1367 1368 86.54 29.0 0 5
1400 1368 1369 105.77 29.0 0 5
1401 1320 1370 61.0 11.57 0 5
1402 1321 1371 73.0 11.57 0 5
1403 65 1372 19.23 29.0 0 6
1404 1372 1373 38.46 29.0 0 6
1405 1373 1374 57.69 29.0 0 6
1406 1374 1375 86.54 29.0 0 6
1407 1375 1376 105.77 29.0 0 6
1408 1322 1377 61.0 11.57 0 6
1409 1323 1378 73.0 11.57 0 6
1410 66 1379 19.23 29.0 0 7
1411 1379 1380 38.46 29.0 0 7
1412 1380 1381 57.69 29.0 0 7
1413 1381 1382 86.54 29.0 0 7
1414 1382 1383 105.77 29.0 0 7
1415 1324 1384 61.0 11.57 0 7
1416 1325 1385 73.0 11.57 0 7
1417 67 1386 19.23 29.0 0 8
1418 1386 1387 38.46 29.0 0 8
1419 1387 1388 57.69 29.0 0 8
1420 1388 1389 86.54 29.0 0 8
1421 1389 1390 105.77 29.0 0 8
1422 1326 1391 61.0 11.57 0 8
1423 1327 1392 73.0 11.57 0 8
1424 68 1393 19.23 29.0 0 9
1425 1393 1394 38.46 29.0 0 9
1426 1394 1395 57.69 29.0 0 9
1427 1395 1396 86.54 29.0 0 9
1428 1396 1397 105.77 29.0 0 9
1429 1328 1398 61.0 11.57 0 9
1430 1329 1399 73.0 11.57 0 9
1431 69 1400 19.23 29.0 0 10
1432 1400 1401 38.46 29.0 0 10
1433 1401 1402 57.69 29.0 0 10
1434 1402 1403 86.54 29.0 0 10
1435 1403 1404 105.77 29.0 0 10
1436 1330 1405 61.0 11.57 0 10
1437 1331 1406 73.0 11.57 0 10
1438 70 1407 19.23 29.0 0 11
1439 1407 1408 38.46 29.0 0 11
1440 1408 1409 57.69 29.0 0 11
1441 1409 1410 86.54 29.0 0 11
1442 1410 1411 105.77 29.0 0 11
1443 1332 1412 61.0 11.57 0 11
1444 1333 1413 73.0 11.57 0 11
1445 71 1414 19.23 29.0 0 12
1446 1414 1415 38.46 29.0 0 12
1447 1415 1416 57.69 29.0 0 12
1448 1416 1417 86.54 29.0 0 12
1449 1417 1418 105.77 29.0 0 12
1450 1334 1419 61.0 11.57 0 12
1451 1335 1420 73.0 11.57 0 12
1452 72 1421 19.23 29.0 0 13
1453 1421 1422 38.46 29.0 0 13
1454 1422 1423 57.69 29.0 0 13
1455 1423 1424 86.54 29.0 0 13
1456 1424 1425 105.77 29.0 0 13
1457 1336 1426 61.0 11.57 0 13
1458 1337 1427 73.0 11.57 0 13
1459 73 1428 19.23 29.0 0 14
1460 1428 1429 38.46 29.0 0 14
1461 1429 1430 57.69 29.0 0 14
1462 1430 1431 86.54 29.0 0 14
1463 1431 1432 105.77 29.0 0 14
1464 1338 1433 61.0 11.57 0 14
1465 1339 1434 73.0 11.57 0 14
1466 74 1435 19.23 29.0 0 15
1467 1435 1436 38.46 29.0 0 15
1468 1436 1437 57.69 29.0 0 15
1469 1437 1438 86.54 29.0 0 15
1470 1438 1439 105.77 29.0 0 15
1471 1340 1440 61.0 11.57 0 15
1472 1341 1441 73.0 11.57 0 15
1473 75 1442 19.23 29.0 0 16
1474 1442 1443 38.46 29.0 0 16
1475 1443 1444 57.69 29.0 0 16
1476 1444 1445 86.54 29.0 0 16
1477 1445 1446 105.77 29.0 0 16
1478 1342 1447 61.0 11.57 0 16
1479 1343 1448 73.0 11.57 0 16
