0 0 2 2.6 15.0 0 0
1 0 3 7.81 15.0 0 0
2 4 5 15.63 17.0 0 0
3 0 5 18.23 15.0 0 0
4 0 6 23.44 15.0 0 0
5 0 7 28.65 15.0 0 0
6 0 8 33.85 15.0 0 0
7 9 10 41.67 17.0 0 0
8 0 10 44.27 15.0 0 0
9 0 11 49.48 15.0 0 0
10 0 12 54.69 15.0 0 0
11 0 13 59.9 15.0 0 0
12 0 14 65.1 15.0 0 0
13 0 15 70.31 15.0 0 0
14 0 16 75.52 15.0 0 0
15 0 17 80.73 15.0 0 0
16 0 18 85.94 15.0 0 0
17 0 19 91.15 15.0 0 0
18 0 20 96.35 15.0 0 0
19 0 21 101.56 15.0 0 0
20 0 22 106.77 15.0 0 0
21 0 23 111.98 15.0 0 0
22 0 24 117.19 15.0 0 0
23 0 25 122.4 15.0 0 0
24 0 26 2.6 13.0 0 0
25 0 27 7.81 13.0 0 0
26 0 28 13.02 13.0 0 0
27 0 29 18.23 13.0 0 0
28 0 30 23.44 13.0 0 0
29 31 32 31.25 11.0 0 0
30 0 32 33.85 13.0 0 0
31 0 33 39.06 13.0 0 0
32 0 34 44.27 13.0 0 0
33 0 35 49.48 13.0 0 0
34 0 36 54.69 13.0 0 0
35 0 37 59.9 13.0 0 0
36 38 1306 65.1 8.0 0 0
37 0 39 70.31 13.0 0 0
38 0 40 75.52 13.0 0 0
39 0 41 80.73 13.0 0 0
40 0 42 85.94 13.0 0 0
41 0 43 91.15 13.0 0 0
42 0 44 96.35 13.0 0 0
43 0 45 101.56 13.0 0 0
44 0 46 106.77 13.0 0 0
45 0 47 111.98 13.0 0 0
46 0 48 117.19 13.0 0 0
47 0 49 122.4 13.0 0 0
48 1 50 2.0 30.0 0 1
49 51 1307 22.0 30.0 0 1
50 52 1308 42.0 30.0 0 1
51 53 60 73.0 30.0 0 1
52 54 1309 93.0 30.0 0 1
53 55 1310 108.0 30.0 0 1
54 50 1307 17.0 30.0 0 1
55 51 1308 37.0 30.0 0 1
56 52 60 57.0 30.0 0 1
57 53 1309 88.0 30.0 0 1
58 54 1310 103.0 30.0 0 1
59 55 1311 123.0 30.0 0 1
60 2 3 5.21 17.0 0 0
61 32 38 33.0 8.0 0 0
62 35 38 50.0 8.0 0 0
63 43 44 93.75 11.0 0 0
64 0 56 1.0 14.0 0 0
65 0 57 124.0 14.0 0 0
66 38 58 62.0 4.0 0 0
67 38 59 70.0 4.0 0 0
68 1 56 1.0 31.0 0 1
69 57 1311 124.0 31.0 0 1
70 58 60 62.0 18.5 0 1
71 59 60 70.0 18.5 0 1
72 50 1312 9.0 18.0 0 1
73 51 1312 29.0 18.0 0 1
74 52 1312 49.0 18.0 0 1
75 53 1313 80.0 18.0 0 1
76 54 1313 100.0 18.0 0 1
77 55 1313 115.0 18.0 0 1
78 61 76 2.4 30.0 0 2
79 61 77 7.21 30.0 0 2
80 61 78 12.02 30.0 0 2
81 61 79 16.83 30.0 0 2
82 61 80 21.63 30.0 0 2
83 61 81 26.44 30.0 0 2
84 61 82 31.25 30.0 0 2
85 61 83 36.06 30.0 0 2
86 61 84 40.87 30.0 0 2
87 61 85 45.67 30.0 0 2
88 61 86 50.48 30.0 0 2
89 61 87 55.29 30.0 0 2
90 61 88 60.1 30.0 0 2
91 61 89 64.9 30.0 0 2
92 61 90 69.71 30.0 0 2
93 61 91 74.52 30.0 0 2
94 61 92 79.33 30.0 0 2
95 61 93 84.13 30.0 0 2
96 61 94 88.94 30.0 0 2
97 61 95 93.75 30.0 0 2
98 61 96 98.56 30.0 0 2
99 61 97 103.37 30.0 0 2
100 61 98 108.17 30.0 0 2
101 61 99 112.98 30.0 0 2
102 61 100 117.79 30.0 0 2
103 61 101 122.6 30.0 0 2
104 61 102 2.4 28.0 0 2
105 61 103 7.21 28.0 0 2
106 61 104 12.02 28.0 0 2
107 61 105 16.83 28.0 0 2
108 61 106 21.63 28.0 0 2
109 61 107 26.44 28.0 0 2
110 61 108 31.25 28.0 0 2
111 61 109 36.06 28.0 0 2
112 61 110 40.87 28.0 0 2
113 61 111 45.67 28.0 0 2
114 61 112 50.48 28.0 0 2
115 61 113 55.29 28.0 0 2
116 61 114 60.1 28.0 0 2
117 61 115 64.9 28.0 0 2
118 61 116 69.71 28.0 0 2
119 61 117 74.52 28.0 0 2
120 61 118 79.33 28.0 0 2
121 61 119 84.13 28.0 0 2
122 61 120 88.94 28.0 0 2
123 61 121 93.75 28.0 0 2
124 61 122 98.56 28.0 0 2
125 61 123 103.37 28.0 0 2
126 61 124 108.17 28.0 0 2
127 61 125 112.98 28.0 0 2
128 61 126 117.79 28.0 0 2
129 61 127 122.6 28.0 0 2
130 128 1314 60.0 21.57 0 2
131 129 1314 60.0 18.71 0 2
132 130 1314 60.0 15.86 0 2
133 131 1314 60.0 13.0 0 2
134 132 1314 60.0 10.14 0 2
135 133 1314 60.0 7.29 0 2
136 134 1314 60.0 4.43 0 2
137 135 1314 62.0 21.57 0 2
138 136 1314 62.0 18.71 0 2
139 137 1314 62.0 15.86 0 2
140 138 1314 62.0 13.0 0 2
141 139 1314 62.0 10.14 0 2
142 140 1314 62.0 7.29 0 2
143 141 1314 62.0 4.43 0 2
144 142 1315 72.0 21.57 0 2
145 143 1315 72.0 18.71 0 2
146 144 1315 72.0 15.86 0 2
147 145 1315 72.0 13.0 0 2
148 146 1315 72.0 10.14 0 2
149 147 1315 72.0 7.29 0 2
150 148 1315 72.0 4.43 0 2
151 149 1315 74.0 21.57 0 2
152 150 1315 74.0 18.71 0 2
153 151 1315 74.0 15.86 0 2
154 152 1315 74.0 13.0 0 2
155 153 1315 74.0 10.14 0 2
156 154 1315 74.0 7.29 0 2
157 155 1315 74.0 4.43 0 2
158 62 156 2.4 30.0 0 3
159 62 157 7.21 30.0 0 3
160 62 158 12.02 30.0 0 3
161 62 159 16.83 30.0 0 3
162 62 160 21.63 30.0 0 3
163 62 161 26.44 30.0 0 3
164 62 162 31.25 30.0 0 3
165 62 163 36.06 30.0 0 3
166 62 164 40.87 30.0 0 3
167 62 165 45.67 30.0 0 3
168 62 166 50.48 30.0 0 3
169 62 167 55.29 30.0 0 3
170 62 168 60.1 30.0 0 3
171 62 169 64.9 30.0 0 3
172 62 170 69.71 30.0 0 3
173 62 171 74.52 30.0 0 3
174 62 172 79.33 30.0 0 3
175 62 173 84.13 30.0 0 3
176 62 174 88.94 30.0 0 3
177 62 175 93.75 30.0 0 3
178 62 176 98.56 30.0 0 3
179 62 177 103.37 30.0 0 3
180 62 178 108.17 30.0 0 3
181 62 179 112.98 30.0 0 3
182 62 180 117.79 30.0 0 3
183 62 181 122.6 30.0 0 3
184 62 182 2.4 28.0 0 3
185 62 183 7.21 28.0 0 3
186 62 184 12.02 28.0 0 3
187 62 185 16.83 28.0 0 3
188 62 186 21.63 28.0 0 3
189 62 187 26.44 28.0 0 3
190 62 188 31.25 28.0 0 3
191 62 189 36.06 28.0 0 3
192 62 190 40.87 28.0 0 3
193 62 191 45.67 28.0 0 3
194 62 192 50.48 28.0 0 3
195 62 193 55.29 28.0 0 3
196 62 194 60.1 28.0 0 3
197 62 195 64.9 28.0 0 3
198 62 196 69.71 28.0 0 3
199 62 197 74.52 28.0 0 3
200 62 198 79.33 28.0 0 3
201 62 199 84.13 28.0 0 3
202 62 200 88.94 28.0 0 3
203 62 201 93.75 28.0 0 3
204 62 202 98.56 28.0 0 3
205 62 203 103.37 28.0 0 3
206 62 204 108.17 28.0 0 3
207 62 205 112.98 28.0 0 3
208 62 206 117.79 28.0 0 3
209 62 207 122.6 28.0 0 3
210 208 1316 60.0 21.57 0 3
211 209 1316 60.0 18.71 0 3
212 210 1316 60.0 15.86 0 3
213 211 1316 60.0 13.0 0 3
214 212 1316 60.0 10.14 0 3
215 213 1316 60.0 7.29 0 3
216 214 1316 60.0 4.43 0 3
217 215 1316 62.0 21.57 0 3
218 216 1316 62.0 18.71 0 3
219 217 1316 62.0 15.86 0 3
220 218 1316 62.0 13.0 0 3
221 219 1316 62.0 10.14 0 3
222 220 1316 62.0 7.29 0 3
223 221 1316 62.0 4.43 0 3
224 222 1317 72.0 21.57 0 3
225 223 1317 72.0 18.71 0 3
226 224 1317 72.0 15.86 0 3
227 225 1317 72.0 13.0 0 3
228 226 1317 72.0 10.14 0 3
229 227 1317 72.0 7.29 0 3
230 228 1317 72.0 4.43 0 3
231 229 1317 74.0 21.57 0 3
232 230 1317 74.0 18.71 0 3
233 231 1317 74.0 15.86 0 3
234 232 1317 74.0 13.0 0 3
235 233 1317 74.0 10.14 0 3
236 234 1317 74.0 7.29 0 3
237 235 1317 74.0 4.43 0 3
238 63 236 2.4 30.0 0 4
239 63 237 7.21 30.0 0 4
240 63 238 12.02 30.0 0 4
241 63 239 16.83 30.0 0 4
242 63 240 21.63 30.0 0 4
243 63 241 26.44 30.0 0 4
244 63 242 31.25 30.0 0 4
245 63 243 36.06 30.0 0 4
246 63 244 40.87 30.0 0 4
247 63 245 45.67 30.0 0 4
248 63 246 50.48 30.0 0 4
249 63 247 55.29 30.0 0 4
250 63 248 60.1 30.0 0 4
251 63 249 64.9 30.0 0 4
252 63 250 69.71 30.0 0 4
253 63 251 74.52 30.0 0 4
254 63 252 79.33 30.0 0 4
255 63 253 84.13 30.0 0 4
256 63 254 88.94 30.0 0 4
257 63 255 93.75 30.0 0 4
258 63 256 98.56 30.0 0 4
259 63 257 103.37 30.0 0 4
260 63 258 108.17 30.0 0 4
261 63 259 112.98 30.0 0 4
262 63 260 117.79 30.0 0 4
263 63 261 122.6 30.0 0 4
264 63 262 2.4 28.0 0 4
265 63 263 7.21 28.0 0 4
266 63 264 12.02 28.0 0 4
267 63 265 16.83 28.0 0 4
268 63 266 21.63 28.0 0 4
269 63 267 26.44 28.0 0 4
270 63 268 31.25 28.0 0 4
271 63 269 36.06 28.0 0 4
272 63 270 40.87 28.0 0 4
273 63 271 45.67 28.0 0 4
274 63 272 50.48 28.0 0 4
275 63 273 55.29 28.0 0 4
276 63 274 60.1 28.0 0 4
277 63 275 64.9 28.0 0 4
278 63 276 69.71 28.0 0 4
279 63 277 74.52 28.0 0 4
280 63 278 79.33 28.0 0 4
281 63 279 84.13 28.0 0 4
282 63 280 88.94 28.0 0 4
283 63 281 93.75 28.0 0 4
284 63 282 98.56 28.0 0 4
285 63 283 103.37 28.0 0 4
286 63 284 108.17 28.0 0 4
287 63 285 112.98 28.0 0 4
288 63 286 117.79 28.0 0 4
289 63 287 122.6 28.0 0 4
290 288 1318 60.0 21.57 0 4
291 289 1318 60.0 18.71 0 4
292 290 1318 60.0 15.86 0 4
293 291 1318 60.0 13.0 0 4
294 292 1318 60.0 10.14 0 4
295 293 1318 60.0 7.29 0 4
296 294 1318 60.0 4.43 0 4
297 295 1318 62.0 21.57 0 4
298 296 1318 62.0 18.71 0 4
299 297 1318 62.0 15.86 0 4
300 298 1318 62.0 13.0 0 4
301 299 1318 62.0 10.14 0 4
302 300 1318 62.0 7.29 0 4
303 301 1318 62.0 4.43 0 4
304 302 1319 72.0 21.57 0 4
305 303 1319 72.0 18.71 0 4
306 304 1319 72.0 15.86 0 4
307 305 1319 72.0 13.0 0 4
308 306 1319 72.0 10.14 0 4
309 307 1319 72.0 7.29 0 4
310 308 1319 72.0 4.43 0 4
311 309 1319 74.0 21.57 0 4
312 310 1319 74.0 18.71 0 4
313 311 1319 74.0 15.86 0 4
314 312 1319 74.0 13.0 0 4
315 313 1319 74.0 10.14 0 4
316 314 1319 74.0 7.29 0 4
317 315 1319 74.0 4.43 0 4
318 64 316 2.4 30.0 0 5
319 64 317 7.21 30.0 0 5
320 64 318 12.02 30.0 0 5
321 64 319 16.83 30.0 0 5
322 64 320 21.63 30.0 0 5
323 64 321 26.44 30.0 0 5
324 64 322 31.25 30.0 0 5
325 64 323 36.06 30.0 0 5
326 64 324 40.87 30.0 0 5
327 64 325 45.67 30.0 0 5
328 64 326 50.48 30.0 0 5
329 64 327 55.29 30.0 0 5
330 64 328 60.1 30.0 0 5
331 64 329 64.9 30.0 0 5
332 64 330 69.71 30.0 0 5
333 64 331 74.52 30.0 0 5
334 64 332 79.33 30.0 0 5
335 64 333 84.13 30.0 0 5
336 64 334 88.94 30.0 0 5
337 64 335 93.75 30.0 0 5
338 64 336 98.56 30.0 0 5
339 64 337 103.37 30.0 0 5
340 64 338 108.17 30.0 0 5
341 64 339 112.98 30.0 0 5
342 64 340 117.79 30.0 0 5
343 64 341 122.6 30.0 0 5
344 64 342 2.4 28.0 0 5
345 64 343 7.21 28.0 0 5
346 64 344 12.02 28.0 0 5
347 64 345 16.83 28.0 0 5
348 64 346 21.63 28.0 0 5
349 64 347 26.44 28.0 0 5
350 64 348 31.25 28.0 0 5
351 64 349 36.06 28.0 0 5
352 64 350 40.87 28.0 0 5
353 64 351 45.67 28.0 0 5
354 64 352 50.48 28.0 0 5
355 64 353 55.29 28.0 0 5
356 64 354 60.1 28.0 0 5
357 64 355 64.9 28.0 0 5
358 64 356 69.71 28.0 0 5
359 64 357 74.52 28.0 0 5
360 64 358 79.33 28.0 0 5
361 64 359 84.13 28.0 0 5
362 64 360 88.94 28.0 0 5
363 64 361 93.75 28.0 0 5
364 64 362 98.56 28.0 0 5
365 64 363 103.37 28.0 0 5
366 64 364 108.17 28.0 0 5
367 64 365 112.98 28.0 0 5
368 64 366 117.79 28.0 0 5
369 64 367 122.6 28.0 0 5
370 368 1320 60.0 21.57 0 5
371 369 1320 60.0 18.71 0 5
372 370 1320 60.0 15.86 0 5
373 371 1320 60.0 13.0 0 5
374 372 1320 60.0 10.14 0 5
375 373 1320 60.0 7.29 0 5
376 374 1320 60.0 4.43 0 5
377 375 1320 62.0 21.57 0 5
378 376 1320 62.0 18.71 0 5
379 377 1320 62.0 15.86 0 5
380 378 1320 62.0 13.0 0 5
381 379 1320 62.0 10.14 0 5
382 380 1320 62.0 7.29 0 5
383 381 1320 62.0 4.43 0 5
384 382 1321 72.0 21.57 0 5
385 383 1321 72.0 18.71 0 5
386 384 1321 72.0 15.86 0 5
387 385 1321 72.0 13.0 0 5
388 386 1321 72.0 10.14 0 5
389 387 1321 72.0 7.29 0 5
390 388 1321 72.0 4.43 0 5
391 389 1321 74.0 21.57 0 5
392 390 1321 74.0 18.71 0 5
393 391 1321 74.0 15.86 0 5
394 392 1321 74.0 13.0 0 5
395 393 1321 74.0 10.14 0 5
396 394 1321 74.0 7.29 0 5
397 395 1321 74.0 4.43 0 5
398 65 396 2.4 30.0 0 6
399 65 397 7.21 30.0 0 6
400 65 398 12.02 30.0 0 6
401 65 399 16.83 30.0 0 6
402 65 400 21.63 30.0 0 6
403 65 401 26.44 30.0 0 6
404 65 402 31.25 30.0 0 6
405 65 403 36.06 30.0 0 6
406 65 404 40.87 30.0 0 6
407 65 405 45.67 30.0 0 6
408 65 406 50.48 30.0 0 6
409 65 407 55.29 30.0 0 6
410 65 408 60.1 30.0 0 6
411 65 409 64.9 30.0 0 6
412 65 410 69.71 30.0 0 6
413 65 411 74.52 30.0 0 6
414 65 412 79.33 30.0 0 6
415 65 413 84.13 30.0 0 6
416 65 414 88.94 30.0 0 6
417 65 415 93.75 30.0 0 6
418 65 416 98.56 30.0 0 6
419 65 417 103.37 30.0 0 6
420 65 418 108.17 30.0 0 6
421 65 419 112.98 30.0 0 6
422 65 420 117.79 30.0 0 6
423 65 421 122.6 30.0 0 6
424 65 422 2.4 28.0 0 6
425 65 423 7.21 28.0 0 6
426 65 424 12.02 28.0 0 6
427 65 425 16.83 28.0 0 6
428 65 426 21.63 28.0 0 6
429 65 427 26.44 28.0 0 6
430 65 428 31.25 28.0 0 6
431 65 429 36.06 28.0 0 6
432 65 430 40.87 28.0 0 6
433 65 431 45.67 28.0 0 6
434 65 432 50.48 28.0 0 6
435 65 433 55.29 28.0 0 6
436 65 434 60.1 28.0 0 6
437 65 435 64.9 28.0 0 6
438 65 436 69.71 28.0 0 6
439 65 437 74.52 28.0 0 6
440 65 438 79.33 28.0 0 6
441 65 439 84.13 28.0 0 6
442 65 440 88.94 28.0 0 6
443 65 441 93.75 28.0 0 6
444 65 442 98.56 28.0 0 6
445 65 443 103.37 28.0 0 6
446 65 444 108.17 28.0 0 6
447 65 445 112.98 28.0 0 6
448 65 446 117.79 28.0 0 6
449 65 447 122.6 28.0 0 6
450 448 1322 60.0 21.57 0 6
451 449 1322 60.0 18.71 0 6
452 450 1322 60.0 15.86 0 6
453 451 1322 60.0 13.0 0 6
454 452 1322 60.0 10.14 0 6
455 453 1322 60.0 7.29 0 6
456 454 1322 60.0 4.43 0 6
457 455 1322 62.0 21.57 0 6
458 456 1322 62.0 18.71 0 6
459 457 1322 62.0 15.86 0 6
460 458 1322 62.0 13.0 0 6
461 459 1322 62.0 10.14 0 6
462 460 1322 62.0 7.29 0 6
463 461 1322 62.0 4.43 0 6
464 462 1323 72.0 21.57 0 6
465 463 1323 72.0 18.71 0 6
466 464 1323 72.0 15.86 0 6
467 465 1323 72.0 13.0 0 6
468 466 1323 72.0 10.14 0 6
469 467 1323 72.0 7.29 0 6
470 468 1323 72.0 4.43 0 6
471 469 1323 74.0 21.57 0 6
472 470 1323 74.0 18.71 0 6
473 471 1323 74.0 15.86 0 6
474 472 1323 74.0 13.0 0 6
475 473 1323 74.0 10.14 0 6
476 474 1323 74.0 7.29 0 6
477 475 1323 74.0 4.43 0 6
478 66 476 2.4 30.0 0 7
479 66 477 7.21 30.0 0 7
480 66 478 12.02 30.0 0 7
481 66 479 16.83 30.0 0 7
482 66 480 21.63 30.0 0 7
483 66 481 26.44 30.0 0 7
484 66 482 31.25 30.0 0 7
485 66 483 36.06 30.0 0 7
486 66 484 40.87 30.0 0 7
487 66 485 45.67 30.0 0 7
488 66 486 50.48 30.0 0 7
489 66 487 55.29 30.0 0 7
490 66 488 60.1 30.0 0 7
491 66 489 64.9 30.0 0 7
492 66 490 69.71 30.0 0 7
493 66 491 74.52 30.0 0 7
494 66 492 79.33 30.0 0 7
495 66 493 84.13 30.0 0 7
496 66 494 88.94 30.0 0 7
497 66 495 93.75 30.0 0 7
498 66 496 98.56 30.0 0 7
499 66 497 103.37 30.0 0 7
500 66 498 108.17 30.0 0 7
501 66 499 112.98 30.0 0 7
502 66 500 117.79 30.0 0 7
503 66 501 122.6 30.0 0 7
504 66 502 2.4 28.0 0 7
505 66 503 7.21 28.0 0 7
506 66 504 12.02 28.0 0 7
507 66 505 16.83 28.0 0 7
508 66 506 21.63 28.0 0 7
509 66 507 26.44 28.0 0 7
510 66 508 31.25 28.0 0 7
511 66 509 36.06 28.0 0 7
512 66 510 40.87 28.0 0 7
513 66 511 45.67 28.0 0 7
514 66 512 50.48 28.0 0 7
515 66 513 55.29 28.0 0 7
516 66 514 60.1 28.0 0 7
517 66 515 64.9 28.0 0 7
518 66 516 69.71 28.0 0 7
519 66 517 74.52 28.0 0 7
520 66 518 79.33 28.0 0 7
521 66 519 84.13 28.0 0 7
522 66 520 88.94 28.0 0 7
523 66 521 93.75 28.0 0 7
524 66 522 98.56 28.0 0 7
525 66 523 103.37 28.0 0 7
526 66 524 108.17 28.0 0 7
527 66 525 112.98 28.0 0 7
528 66 526 117.79 28.0 0 7
529 66 527 122.6 28.0 0 7
530 528 1324 60.0 21.57 0 7
531 529 1324 60.0 18.71 0 7
532 530 1324 60.0 15.86 0 7
533 531 1324 60.0 13.0 0 7
534 532 1324 60.0 10.14 0 7
535 533 1324 60.0 7.29 0 7
536 534 1324 60.0 4.43 0 7
537 535 1324 62.0 21.57 0 7
538 536 1324 62.0 18.71 0 7
539 537 1324 62.0 15.86 0 7
540 538 1324 62.0 13.0 0 7
541 539 1324 62.0 10.14 0 7
542 540 1324 62.0 7.29 0 7
543 541 1324 62.0 4.43 0 7
544 542 1325 72.0 21.57 0 7
545 543 1325 72.0 18.71 0 7
546 544 1325 72.0 15.86 0 7
547 545 1325 72.0 13.0 0 7
548 546 1325 72.0 10.14 0 7
549 547 1325 72.0 7.29 0 7
550 548 1325 72.0 4.43 0 7
551 549 1325 74.0 21.57 0 7
552 550 1325 74.0 18.71 0 7
553 551 1325 74.0 15.86 0 7
554 552 1325 74.0 13.0 0 7
555 553 1325 74.0 10.14 0 7
556 554 1325 74.0 7.29 0 7
557 555 1325 74.0 4.43 0 7
558 67 556 2.4 30.0 0 8
559 67 557 7.21 30.0 0 8
560 67 558 12.02 30.0 0 8
561 67 559 16.83 30.0 0 8
562 67 560 21.63 30.0 0 8
563 67 561 26.44 30.0 0 8
564 67 562 31.25 30.0 0 8
565 67 563 36.06 30.0 0 8
566 67 564 40.87 30.0 0 8
567 67 565 45.67 30.0 0 8
568 67 566 50.48 30.0 0 8
569 67 567 55.29 30.0 0 8
570 67 568 60.1 30.0 0 8
571 67 569 64.9 30.0 0 8
572 67 570 69.71 30.0 0 8
573 67 571 74.52 30.0 0 8
574 67 572 79.33 30.0 0 8
575 67 573 84.13 30.0 0 8
576 67 574 88.94 30.0 0 8
577 67 575 93.75 30.0 0 8
578 67 576 98.56 30.0 0 8
579 67 577 103.37 30.0 0 8
580 67 578 108.17 30.0 0 8
581 67 579 112.98 30.0 0 8
582 67 580 117.79 30.0 0 8
583 67 581 122.6 30.0 0 8
584 67 582 2.4 28.0 0 8
585 67 583 7.21 28.0 0 8
586 67 584 12.02 28.0 0 8
587 67 585 16.83 28.0 0 8
588 67 586 21.63 28.0 0 8
589 67 587 26.44 28.0 0 8
590 67 588 31.25 28.0 0 8
591 67 589 36.06 28.0 0 8
592 67 590 40.87 28.0 0 8
593 67 591 45.67 28.0 0 8
594 67 592 50.48 28.0 0 8
595 67 593 55.29 28.0 0 8
596 67 594 60.1 28.0 0 8
597 67 595 64.9 28.0 0 8
598 67 596 69.71 28.0 0 8
599 67 597 74.52 28.0 0 8
600 67 598 79.33 28.0 0 8
601 67 599 84.13 28.0 0 8
602 67 600 88.94 28.0 0 8
603 67 601 93.75 28.0 0 8
604 67 602 98.56 28.0 0 8
605 67 603 103.37 28.0 0 8
606 67 604 108.17 28.0 0 8
607 67 605 112.98 28.0 0 8
608 67 606 117.79 28.0 0 8
609 67 607 122.6 28.0 0 8
610 608 1326 60.0 21.57 0 8
611 609 1326 60.0 18.71 0 8
612 610 1326 60.0 15.86 0 8
613 611 1326 60.0 13.0 0 8
614 612 1326 60.0 10.14 0 8
615 613 1326 60.0 7.29 0 8
616 614 1326 60.0 4.43 0 8
617 615 1326 62.0 21.57 0 8
618 616 1326 62.0 18.71 0 8
619 617 1326 62.0 15.86 0 8
620 618 1326 62.0 13.0 0 8
621 619 1326 62.0 10.14 0 8
622 620 1326 62.0 7.29 0 8
623 621 1326 62.0 4.43 0 8
624 622 1327 72.0 21.57 0 8
625 623 1327 72.0 18.71 0 8
626 624 1327 72.0 15.86 0 8
627 625 1327 72.0 13.0 0 8
628 626 1327 72.0 10.14 0 8
629 627 1327 72.0 7.29 0 8
630 628 1327 72.0 4.43 0 8
631 629 1327 74.0 21.57 0 8
632 630 1327 74.0 18.71 0 8
633 631 1327 74.0 15.86 0 8
634 632 1327 74.0 13.0 0 8
635 633 1327 74.0 10.14 0 8
636 634 1327 74.0 7.29 0 8
637 635 1327 74.0 4.43 0 8
638 68 636 2.4 30.0 0 9
639 68 637 7.21 30.0 0 9
640 68 638 12.02 30.0 0 9
641 68 639 16.83 30.0 0 9
642 68 640 21.63 30.0 0 9
643 68 641 26.44 30.0 0 9
644 68 642 31.25 30.0 0 9
645 68 643 36.06 30.0 0 9
646 68 644 40.87 30.0 0 9
647 68 645 45.67 30.0 0 9
648 68 646 50.48 30.0 0 9
649 68 647 55.29 30.0 0 9
650 68 648 60.1 30.0 0 9
651 68 649 64.9 30.0 0 9
652 68 650 69.71 30.0 0 9
653 68 651 74.52 30.0 0 9
654 68 652 79.33 30.0 0 9
655 68 653 84.13 30.0 0 9
656 68 654 88.94 30.0 0 9
657 68 655 93.75 30.0 0 9
658 68 656 98.56 30.0 0 9
659 68 657 103.37 30.0 0 9
660 68 658 108.17 30.0 0 9
661 68 659 112.98 30.0 0 9
662 68 660 117.79 30.0 0 9
663 68 661 122.6 30.0 0 9
664 68 662 2.4 28.0 0 9
665 68 663 7.21 28.0 0 9
666 68 664 12.02 28.0 0 9
667 68 665 16.83 28.0 0 9
668 68 666 21.63 28.0 0 9
669 68 667 26.44 28.0 0 9
670 68 668 31.25 28.0 0 9
671 68 669 36.06 28.0 0 9
672 68 670 40.87 28.0 0 9
673 68 671 45.67 28.0 0 9
674 68 672 50.48 28.0 0 9
675 68 673 55.29 28.0 0 9
676 68 674 60.1 28.0 0 9
677 68 675 64.9 28.0 0 9
678 68 676 69.71 28.0 0 9
679 68 677 74.52 28.0 0 9
680 68 678 79.33 28.0 0 9
681 68 679 84.13 28.0 0 9
682 68 680 88.94 28.0 0 9
683 68 681 93.75 28.0 0 9
684 68 682 98.56 28.0 0 9
685 68 683 103.37 28.0 0 9
686 68 684 108.17 28.0 0 9
687 68 685 112.98 28.0 0 9
688 68 686 117.79 28.0 0 9
689 68 687 122.6 28.0 0 9
690 688 1328 60.0 21.57 0 9
691 689 1328 60.0 18.71 0 9
692 690 1328 60.0 15.86 0 9
693 691 1328 60.0 13.0 0 9
694 692 1328 60.0 10.14 0 9
695 693 1328 60.0 7.29 0 9
696 694 1328 60.0 4.43 0 9
697 695 1328 62.0 21.57 0 9
698 696 1328 62.0 18.71 0 9
699 697 1328 62.0 15.86 0 9
700 698 1328 62.0 13.0 0 9
701 699 1328 62.0 10.14 0 9
702 700 1328 62.0 7.29 0 9
703 701 1328 62.0 4.43 0 9
704 702 1329 72.0 21.57 0 9
705 703 1329 72.0 18.71 0 9
706 704 1329 72.0 15.86 0 9
707 705 1329 72.0 13.0 0 9
708 706 1329 72.0 10.14 0 9
709 707 1329 72.0 7.29 0 9
710 708 1329 72.0 4.43 0 9
711 709 1329 74.0 21.57 0 9
712 710 1329 74.0 18.71 0 9
713 711 1329 74.0 15.86 0 9
714 712 1329 74.0 13.0 0 9
715 713 1329 74.0 10.14 0 9
716 714 1329 74.0 7.29 0 9
717 715 1329 74.0 4.43 0 9
718 69 716 2.4 30.0 0 10
719 69 717 7.21 30.0 0 10
720 69 718 12.02 30.0 0 10
721 69 719 16.83 30.0 0 10
722 69 720 21.63 30.0 0 10
723 69 721 26.44 30.0 0 10
724 69 722 31.25 30.0 0 10
725 69 723 36.06 30.0 0 10
726 69 724 40.87 30.0 0 10
727 69 725 45.67 30.0 0 10
728 69 726 50.48 30.0 0 10
729 69 727 55.29 30.0 0 10
730 69 728 60.1 30.0 0 10
731 69 729 64.9 30.0 0 10
732 69 730 69.71 30.0 0 10
733 69 731 74.52 30.0 0 10
734 69 732 79.33 30.0 0 10
735 69 733 84.13 30.0 0 10
736 69 734 88.94 30.0 0 10
737 69 735 93.75 30.0 0 10
738 69 736 98.56 30.0 0 10
739 69 737 103.37 30.0 0 10
740 69 738 108.17 30.0 0 10
741 69 739 112.98 30.0 0 10
742 69 740 117.79 30.0 0 10
743 69 741 122.6 30.0 0 10
744 69 742 2.4 28.0 0 10
745 69 743 7.21 28.0 0 10
746 69 744 12.02 28.0 0 10
747 69 745 16.83 28.0 0 10
748 69 746 21.63 28.0 0 10
749 69 747 26.44 28.0 0 10
750 69 748 31.25 28.0 0 10
751 69 749 36.06 28.0 0 10
752 69 750 40.87 28.0 0 10
753 69 751 45.67 28.0 0 10
754 69 752 50.48 28.0 0 10
755 69 753 55.29 28.0 0 10
756 69 754 60.1 28.0 0 10
757 69 755 64.9 28.0 0 10
758 69 756 69.71 28.0 0 10
759 69 757 74.52 28.0 0 10
760 69 758 79.33 28.0 0 10
761 69 759 84.13 28.0 0 10
762 69 760 88.94 28.0 0 10
763 69 761 93.75 28.0 0 10
764 69 762 98.56 28.0 0 10
765 69 763 103.37 28.0 0 10
766 69 764 108.17 28.0 0 10
767 69 765 112.98 28.0 0 10
768 69 766 117.79 28.0 0 10
769 69 767 122.6 28.0 0 10
770 768 1330 60.0 21.57 0 10
771 769 1330 60.0 18.71 0 10
772 770 1330 60.0 15.86 0 10
773 771 1330 60.0 13.0 0 10
774 772 1330 60.0 10.14 0 10
775 773 1330 60.0 7.29 0 10
776 774 1330 60.0 4.43 0 10
777 775 1330 62.0 21.57 0 10
778 776 1330 62.0 18.71 0 10
779 777 1330 62.0 15.86 0 10
780 778 1330 62.0 13.0 0 10
781 779 1330 62.0 10.14 0 10
782 780 1330 62.0 7.29 0 10
783 781 1330 62.0 4.43 0 10
784 782 1331 72.0 21.57 0 10
785 783 1331 72.0 18.71 0 10
786 784 1331 72.0 15.86 0 10
787 785 1331 72.0 13.0 0 10
788 786 1331 72.0 10.14 0 10
789 787 1331 72.0 7.29 0 10
790 788 1331 72.0 4.43 0 10
791 789 1331 74.0 21.57 0 10
792 790 1331 74.0 18.71 0 10
793 791 1331 74.0 15.86 0 10
794 792 1331 74.0 13.0 0 10
795 793 1331 74.0 10.14 0 10
796 794 1331 74.0 7.29 0 10
797 795 1331 74.0 4.43 0 10
798 70 796 2.4 30.0 0 11
799 70 797 7.21 30.0 0 11
800 70 798 12.02 30.0 0 11
801 70 799 16.83 30.0 0 11
802 70 800 21.63 30.0 0 11
803 70 801 26.44 30.0 0 11
804 70 802 31.25 30.0 0 11
805 70 803 36.06 30.0 0 11
806 70 804 40.87 30.0 0 11
807 70 805 45.67 30.0 0 11
808 70 806 50.48 30.0 0 11
809 70 807 55.29 30.0 0 11
810 70 808 60.1 30.0 0 11
811 70 809 64.9 30.0 0 11
812 70 810 69.71 30.0 0 11
813 70 811 74.52 30.0 0 11
814 70 812 79.33 30.0 0 11
815 70 813 84.13 30.0 0 11
816 70 814 88.94 30.0 0 11
817 70 815 93.75 30.0 0 11
818 70 816 98.56 30.0 0 11
819 70 817 103.37 30.0 0 11
820 70 818 108.17 30.0 0 11
821 70 819 112.98 30.0 0 11
822 70 820 117.79 30.0 0 11
823 70 821 122.6 30.0 0 11
824 70 822 2.4 28.0 0 11
825 70 823 7.21 28.0 0 11
826 70 824 12.02 28.0 0 11
827 70 825 16.83 28.0 0 11
828 70 826 21.63 28.0 0 11
829 70 827 26.44 28.0 0 11
830 70 828 31.25 28.0 0 11
831 70 829 36.06 28.0 0 11
832 70 830 40.87 28.0 0 11
833 70 831 45.67 28.0 0 11
834 70 832 50.48 28.0 0 11
835 70 833 55.29 28.0 0 11
836 70 834 60.1 28.0 0 11
837 70 835 64.9 28.0 0 11
838 70 836 69.71 28.0 0 11
839 70 837 74.52 28.0 0 11
840 70 838 79.33 28.0 0 11
841 70 839 84.13 28.0 0 11
842 70 840 88.94 28.0 0 11
843 70 841 93.75 28.0 0 11
844 70 842 98.56 28.0 0 11
845 70 843 103.37 28.0 0 11
846 70 844 108.17 28.0 0 11
847 70 845 112.98 28.0 0 11
848 70 846 117.79 28.0 0 11
849 70 847 122.6 28.0 0 11
850 848 1332 60.0 21.57 0 11
851 849 1332 60.0 18.71 0 11
852 850 1332 60.0 15.86 0 11
853 851 1332 60.0 13.0 0 11
854 852 1332 60.0 10.14 0 11
855 853 1332 60.0 7.29 0 11
856 854 1332 60.0 4.43 0 11
857 855 1332 62.0 21.57 0 11
858 856 1332 62.0 18.71 0 11
859 857 1332 62.0 15.86 0 11
860 858 1332 62.0 13.0 0 11
861 859 1332 62.0 10.14 0 11
862 860 1332 62.0 7.29 0 11
863 861 1332 62.0 4.43 0 11
864 862 1333 72.0 21.57 0 11
865 863 1333 72.0 18.71 0 11
866 864 1333 72.0 15.86 0 11
867 865 1333 72.0 13.0 0 11
868 866 1333 72.0 10.14 0 11
869 867 1333 72.0 7.29 0 11
870 868 1333 72.0 4.43 0 11
871 869 1333 74.0 21.57 0 11
872 870 1333 74.0 18.71 0 11
873 871 1333 74.0 15.86 0 11
874 872 1333 74.0 13.0 0 11
875 873 1333 74.0 10.14 0 11
876 874 1333 74.0 7.29 0 11
877 875 1333 74.0 4.43 0 11
878 71 876 2.4 30.0 0 12
879 71 877 7.21 30.0 0 12
880 71 878 12.02 30.0 0 12
881 71 879 16.83 30.0 0 12
882 71 880 21.63 30.0 0 12
883 71 881 26.44 30.0 0 12
884 71 882 31.25 30.0 0 12
885 71 883 36.06 30.0 0 12
886 71 884 40.87 30.0 0 12
887 71 885 45.67 30.0 0 12
888 71 886 50.48 30.0 0 12
889 71 887 55.29 30.0 0 12
890 71 888 60.1 30.0 0 12
891 71 889 64.9 30.0 0 12
892 71 890 69.71 30.0 0 12
893 71 891 74.52 30.0 0 12
894 71 892 79.33 30.0 0 12
895 71 893 84.13 30.0 0 12
896 71 894 88.94 30.0 0 12
897 71 895 93.75 30.0 0 12
898 71 896 98.56 30.0 0 12
899 71 897 103.37 30.0 0 12
900 71 898 108.17 30.0 0 12
901 71 899 112.98 30.0 0 12
902 71 900 117.79 30.0 0 12
903 71 901 122.6 30.0 0 12
904 71 902 2.4 28.0 0 12
905 71 903 7.21 28.0 0 12
906 71 904 12.02 28.0 0 12
907 71 905 16.83 28.0 0 12
908 71 906 21.63 28.0 0 12
909 71 907 26.44 28.0 0 12
910 71 908 31.25 28.0 0 12
911 71 909 36.06 28.0 0 12
912 71 910 40.87 28.0 0 12
913 71 911 45.67 28.0 0 12
914 71 912 50.48 28.0 0 12
915 71 913 55.29 28.0 0 12
916 71 914 60.1 28.0 0 12
917 71 915 64.9 28.0 0 12
918 71 916 69.71 28.0 0 12
919 71 917 74.52 28.0 0 12
920 71 918 79.33 28.0 0 12
921 71 919 84.13 28.0 0 12
922 71 920 88.94 28.0 0 12
923 71 921 93.75 28.0 0 12
924 71 922 98.56 28.0 0 12
925 71 923 103.37 28.0 0 12
926 71 924 108.17 28.0 0 12
927 71 925 112.98 28.0 0 12
928 71 926 117.79 28.0 0 12
929 71 927 122.6 28.0 0 12
930 928 1334 60.0 21.57 0 12
931 929 1334 60.0 18.71 0 12
932 930 1334 60.0 15.86 0 12
933 931 1334 60.0 13.0 0 12
934 932 1334 60.0 10.14 0 12
935 933 1334 60.0 7.29 0 12
936 934 1334 60.0 4.43 0 12
937 935 1334 62.0 21.57 0 12
938 936 1334 62.0 18.71 0 12
939 937 1334 62.0 15.86 0 12
940 938 1334 62.0 13.0 0 12
941 939 1334 62.0 10.14 0 12
942 940 1334 62.0 7.29 0 12
943 941 1334 62.0 4.43 0 12
944 942 1335 72.0 21.57 0 12
945 943 1335 72.0 18.71 0 12
946 944 1335 72.0 15.86 0 12
947 945 1335 72.0 13.0 0 12
948 946 1335 72.0 10.14 0 12
949 947 1335 72.0 7.29 0 12
950 948 1335 72.0 4.43 0 12
951 949 1335 74.0 21.57 0 12
952 950 1335 74.0 18.71 0 12
953 951 1335 74.0 15.86 0 12
954 952 1335 74.0 13.0 0 12
955 953 1335 74.0 10.14 0 12
956 954 1335 74.0 7.29 0 12
957 955 1335 74.0 4.43 0 12
958 72 956 2.4 30.0 0 13
959 72 957 7.21 30.0 0 13
960 72 958 12.02 30.0 0 13
961 72 959 16.83 30.0 0 13
962 72 960 21.63 30.0 0 13
963 72 961 26.44 30.0 0 13
964 72 962 31.25 30.0 0 13
965 72 963 36.06 30.0 0 13
966 72 964 40.87 30.0 0 13
967 72 965 45.67 30.0 0 13
968 72 966 50.48 30.0 0 13
969 72 967 55.29 30.0 0 13
970 72 968 60.1 30.0 0 13
971 72 969 64.9 30.0 0 13
972 72 970 69.71 30.0 0 13
973 72 971 74.52 30.0 0 13
974 72 972 79.33 30.0 0 13
975 72 973 84.13 30.0 0 13
976 72 974 88.94 30.0 0 13
977 72 975 93.75 30.0 0 13
978 72 976 98.56 30.0 0 13
979 72 977 103.37 30.0 0 13
980 72 978 108.17 30.0 0 13
981 72 979 112.98 30.0 0 13
982 72 980 117.79 30.0 0 13
983 72 981 122.6 30.0 0 13
984 72 982 2.4 28.0 0 13
985 72 983 7.21 28.0 0 13
986 72 984 12.02 28.0 0 13
987 72 985 16.83 28.0 0 13
988 72 986 21.63 28.0 0 13
989 72 987 26.44 28.0 0 13
990 72 988 31.25 28.0 0 13
991 72 989 36.06 28.0 0 13
992 72 990 40.87 28.0 0 13
993 72 991 45.67 28.0 0 13
994 72 992 50.48 28.0 0 13
995 72 993 55.29 28.0 0 13
996 72 994 60.1 28.0 0 13
997 72 995 64.9 28.0 0 13
998 72 996 69.71 28.0 0 13
999 72 997 74.52 28.0 0 13
1000 72 998 79.33 28.0 0 13
1001 72 999 84.13 28.0 0 13
1002 72 1000 88.94 28.0 0 13
1003 72 1001 93.75 28.0 0 13
1004 72 1002 98.56 28.0 0 13
1005 72 1003 103.37 28.0 0 13
1006 72 1004 108.17 28.0 0 13
1007 72 1005 112.98 28.0 0 13
1008 72 1006 117.79 28.0 0 13
1009 72 1007 122.6 28.0 0 13
1010 1008 1336 60.0 21.57 0 13
1011 1009 1336 60.0 18.71 0 13
1012 1010 1336 60.0 15.86 0 13
1013 1011 1336 60.0 13.0 0 13
1014 1012 1336 60.0 10.14 0 13
1015 1013 1336 60.0 7.29 0 13
1016 1014 1336 60.0 4.43 0 13
1017 1015 1336 62.0 21.57 0 13
1018 1016 1336 62.0 18.71 0 13
1019 1017 1336 62.0 15.86 0 13
1020 1018 1336 62.0 13.0 0 13
1021 1019 1336 62.0 10.14 0 13
1022 1020 1336 62.0 7.29 0 13
1023 1021 1336 62.0 4.43 0 13
1024 1022 1337 72.0 21.57 0 13
1025 1023 1337 72.0 18.71 0 13
1026 1024 1337 72.0 15.86 0 13
1027 1025 1337 72.0 13.0 0 13
1028 1026 1337 72.0 10.14 0 13
1029 1027 1337 72.0 7.29 0 13
1030 1028 1337 72.0 4.43 0 13
1031 1029 1337 74.0 21.57 0 13
1032 1030 1337 74.0 18.71 0 13
1033 1031 1337 74.0 15.86 0 13
1034 1032 1337 74.0 13.0 0 13
1035 1033 1337 74.0 10.14 0 13
1036 1034 1337 74.0 7.29 0 13
1037 1035 1337 74.0 4.43 0 13
1038 73 1036 2.4 30.0 0 14
1039 73 1037 7.21 30.0 0 14
1040 73 1038 12.02 30.0 0 14
1041 73 1039 16.83 30.0 0 14
1042 73 1040 21.63 30.0 0 14
1043 73 1041 26.44 30.0 0 14
1044 73 1042 31.25 30.0 0 14
1045 73 1043 36.06 30.0 0 14
1046 73 1044 40.87 30.0 0 14
1047 73 1045 45.67 30.0 0 14
1048 73 1046 50.48 30.0 0 14
1049 73 1047 55.29 30.0 0 14
1050 73 1048 60.1 30.0 0 14
1051 73 1049 64.9 30.0 0 14
1052 73 1050 69.71 30.0 0 14
1053 73 1051 74.52 30.0 0 14
1054 73 1052 79.33 30.0 0 14
1055 73 1053 84.13 30.0 0 14
1056 73 1054 88.94 30.0 0 14
1057 73 1055 93.75 30.0 0 14
1058 73 1056 98.56 30.0 0 14
1059 73 1057 103.37 30.0 0 14
1060 73 1058 108.17 30.0 0 14
1061 73 1059 112.98 30.0 0 14
1062 73 1060 117.79 30.0 0 14
1063 73 1061 122.6 30.0 0 14
1064 73 1062 2.4 28.0 0 14
1065 73 1063 7.21 28.0 0 14
1066 73 1064 12.02 28.0 0 14
1067 73 1065 16.83 28.0 0 14
1068 73 1066 21.63 28.0 0 14
1069 73 1067 26.44 28.0 0 14
1070 73 1068 31.25 28.0 0 14
1071 73 1069 36.06 28.0 0 14
1072 73 1070 40.87 28.0 0 14
1073 73 1071 45.67 28.0 0 14
1074 73 1072 50.48 28.0 0 14
1075 73 1073 55.29 28.0 0 14
1076 73 1074 60.1 28.0 0 14
1077 73 1075 64.9 28.0 0 14
1078 73 1076 69.71 28.0 0 14
1079 73 1077 74.52 28.0 0 14
1080 73 1078 79.33 28.0 0 14
1081 73 1079 84.13 28.0 0 14
1082 73 1080 88.94 28.0 0 14
1083 73 1081 93.75 28.0 0 14
1084 73 1082 98.56 28.0 0 14
1085 73 1083 103.37 28.0 0 14
1086 73 1084 108.17 28.0 0 14
1087 73 1085 112.98 28.0 0 14
1088 73 1086 117.79 28.0 0 14
1089 73 1087 122.6 28.0 0 14
1090 1088 1338 60.0 21.57 0 14
1091 1089 1338 60.0 18.71 0 14
1092 1090 1338 60.0 15.86 0 14
1093 1091 1338 60.0 13.0 0 14
1094 1092 1338 60.0 10.14 0 14
1095 1093 1338 60.0 7.29 0 14
1096 1094 1338 60.0 4.43 0 14
1097 1095 1338 62.0 21.57 0 14
1098 1096 1338 62.0 18.71 0 14
1099 1097 1338 62.0 15.86 0 14
1100 1098 1338 62.0 13.0 0 14
1101 1099 1338 62.0 10.14 0 14
1102 1100 1338 62.0 7.29 0 14
1103 1101 1338 62.0 4.43 0 14
1104 1102 1339 72.0 21.57 0 14
1105 1103 1339 72.0 18.71 0 14
1106 1104 1339 72.0 15.86 0 14
1107 1105 1339 72.0 13.0 0 14
1108 1106 1339 72.0 10.14 0 14
1109 1107 1339 72.0 7.29 0 14
1110 1108 1339 72.0 4.43 0 14
1111 1109 1339 74.0 21.57 0 14
1112 1110 1339 74.0 18.71 0 14
1113 1111 1339 74.0 15.86 0 14
1114 1112 1339 74.0 13.0 0 14
1115 1113 1339 74.0 10.14 0 14
1116 1114 1339 74.0 7.29 0 14
1117 1115 1339 74.0 4.43 0 14
1118 74 1116 2.4 30.0 0 15
1119 74 1117 7.21 30.0 0 15
1120 74 1118 12.02 30.0 0 15
1121 74 1119 16.83 30.0 0 15
1122 74 1120 21.63 30.0 0 15
1123 74 1121 26.44 30.0 0 15
1124 74 1122 31.25 30.0 0 15
1125 74 1123 36.06 30.0 0 15
1126 74 1124 40.87 30.0 0 15
1127 74 1125 45.67 30.0 0 15
1128 74 1126 50.48 30.0 0 15
1129 74 1127 55.29 30.0 0 15
1130 74 1128 60.1 30.0 0 15
1131 74 1129 64.9 30.0 0 15
1132 74 1130 69.71 30.0 0 15
1133 74 1131 74.52 30.0 0 15
1134 74 1132 79.33 30.0 0 15
1135 74 1133 84.13 30.0 0 15
1136 74 1134 88.94 30.0 0 15
1137 74 1135 93.75 30.0 0 15
1138 74 1136 98.56 30.0 0 15
1139 74 1137 103.37 30.0 0 15
1140 74 1138 108.17 30.0 0 15
1141 74 1139 112.98 30.0 0 15
1142 74 1140 117.79 30.0 0 15
1143 74 1141 122.6 30.0 0 15
1144 74 1142 2.4 28.0 0 15
1145 74 1143 7.21 28.0 0 15
1146 74 1144 12.02 28.0 0 15
1147 74 1145 16.83 28.0 0 15
1148 74 1146 21.63 28.0 0 15
1149 74 1147 26.44 28.0 0 15
1150 74 1148 31.25 28.0 0 15
1151 74 1149 36.06 28.0 0 15
1152 74 1150 40.87 28.0 0 15
1153 74 1151 45.67 28.0 0 15
1154 74 1152 50.48 28.0 0 15
1155 74 1153 55.29 28.0 0 15
1156 74 1154 60.1 28.0 0 15
1157 74 1155 64.9 28.0 0 15
1158 74 1156 69.71 28.0 0 15
1159 74 1157 74.52 28.0 0 15
1160 74 1158 79.33 28.0 0 15
1161 74 1159 84.13 28.0 0 15
1162 74 1160 88.94 28.0 0 15
1163 74 1161 93.75 28.0 0 15
1164 74 1162 98.56 28.0 0 15
1165 74 1163 103.37 28.0 0 15
1166 74 1164 108.17 28.0 0 15
1167 74 1165 112.98 28.0 0 15
1168 74 1166 117.79 28.0 0 15
1169 74 1167 122.6 28.0 0 15
1170 1168 1340 60.0 21.57 0 15
1171 1169 1340 60.0 18.71 0 15
1172 1170 1340 60.0 15.86 0 15
1173 1171 1340 60.0 13.0 0 15
1174 1172 1340 60.0 10.14 0 15
1175 1173 1340 60.0 7.29 0 15
1176 1174 1340 60.0 4.43 0 15
1177 1175 1340 62.0 21.57 0 15
1178 1176 1340 62.0 18.71 0 15
1179 1177 1340 62.0 15.86 0 15
1180 1178 1340 62.0 13.0 0 15
1181 1179 1340 62.0 10.14 0 15
1182 1180 1340 62.0 7.29 0 15
1183 1181 1340 62.0 4.43 0 15
1184 1182 1341 72.0 21.57 0 15
1185 1183 1341 72.0 18.71 0 15
1186 1184 1341 72.0 15.86 0 15
1187 1185 1341 72.0 13.0 0 15
1188 1186 1341 72.0 10.14 0 15
1189 1187 1341 72.0 7.29 0 15
1190 1188 1341 72.0 4.43 0 15
1191 1189 1341 74.0 21.57 0 15
1192 1190 1341 74.0 18.71 0 15
1193 1191 1341 74.0 15.86 0 15
1194 1192 1341 74.0 13.0 0 15
1195 1193 1341 74.0 10.14 0 15
1196 1194 1341 74.0 7.29 0 15
1197 1195 1341 74.0 4.43 0 15
1198 75 1196 2.4 30.0 0 16
1199 75 1197 7.21 30.0 0 16
1200 75 1198 12.02 30.0 0 16
1201 75 1199 16.83 30.0 0 16
1202 75 1200 21.63 30.0 0 16
1203 75 1201 26.44 30.0 0 16
1204 75 1202 31.25 30.0 0 16
1205 75 1203 36.06 30.0 0 16
1206 75 1204 40.87 30.0 0 16
1207 75 1205 45.67 30.0 0 16
1208 75 1206 50.48 30.0 0 16
1209 75 1207 55.29 30.0 0 16
1210 75 1208 60.1 30.0 0 16
1211 75 1209 64.9 30.0 0 16
1212 75 1210 69.71 30.0 0 16
1213 75 1211 74.52 30.0 0 16
1214 75 1212 79.33 30.0 0 16
1215 75 1213 84.13 30.0 0 16
1216 75 1214 88.94 30.0 0 16
1217 75 1215 93.75 30.0 0 16
1218 75 1216 98.56 30.0 0 16
1219 75 1217 103.37 30.0 0 16
1220 75 1218 108.17 30.0 0 16
1221 75 1219 112.98 30.0 0 16
1222 75 1220 117.79 30.0 0 16
1223 75 1221 122.6 30.0 0 16
1224 75 1222 2.4 28.0 0 16
1225 75 1223 7.21 28.0 0 16
1226 75 1224 12.02 28.0 0 16
1227 75 1225 16.83 28.0 0 16
1228 75 1226 21.63 28.0 0 16
1229 75 1227 26.44 28.0 0 16
1230 75 1228 31.25 28.0 0 16
1231 75 1229 36.06 28.0 0 16
1232 75 1230 40.87 28.0 0 16
1233 75 1231 45.67 28.0 0 16
1234 75 1232 50.48 28.0 0 16
1235 75 1233 55.29 28.0 0 16
1236 75 1234 60.1 28.0 0 16
1237 75 1235 64.9 28.0 0 16
1238 75 1236 69.71 28.0 0 16
1239 75 1237 74.52 28.0 0 16
1240 75 1238 79.33 28.0 0 16
1241 75 1239 84.13 28.0 0 16
1242 75 1240 88.94 28.0 0 16
1243 75 1241 93.75 28.0 0 16
1244 75 1242 98.56 28.0 0 16
1245 75 1243 103.37 28.0 0 16
1246 75 1244 108.17 28.0 0 16
1247 75 1245 112.98 28.0 0 16
1248 75 1246 117.79 28.0 0 16
1249 75 1247 122.6 28.0 0 16
1250 1248 1342 60.0 21.57 0 16
1251 1249 1342 60.0 18.71 0 16
1252 1250 1342 60.0 15.86 0 16
1253 1251 1342 60.0 13.0 0 16
1254 1252 1342 60.0 10.14 0 16
1255 1253 1342 60.0 7.29 0 16
1256 1254 1342 60.0 4.43 0 16
1257 1255 1342 62.0 21.57 0 16
1258 1256 1342 62.0 18.71 0 16
1259 1257 1342 62.0 15.86 0 16
1260 1258 1342 62.0 13.0 0 16
1261 1259 1342 62.0 10.14 0 16
1262 1260 1342 62.0 7.29 0 16
1263 1261 1342 62.0 4.43 0 16
1264 1262 1343 72.0 21.57 0 16
1265 1263 1343 72.0 18.71 0 16
1266 1264 1343 72.0 15.86 0 16
1267 1265 1343 72.0 13.0 0 16
1268 1266 1343 72.0 10.14 0 16
1269 1267 1343 72.0 7.29 0 16
1270 1268 1343 72.0 4.43 0 16
1271 1269 1343 74.0 21.57 0 16
1272 1270 1343 74.0 18.71 0 16
1273 1271 1343 74.0 15.86 0 16
1274 1272 1343 74.0 13.0 0 16
1275 1273 1343 74.0 10.14 0 16
1276 1274 1343 74.0 7.29 0 16
1277 1275 1343 74.0 4.43 0 16
1278 61 1276 1.0 29.0 0 2
1279 61 1277 124.0 29.0 0 2
1280 62 1276 1.0 29.0 0 3
1281 62 1277 124.0 29.0 0 3
1282 62 1278 1.0 29.0 0 3
1283 62 1279 124.0 29.0 0 3
1284 63 1278 1.0 29.0 0 4
1285 63 1279 124.0 29.0 0 4
1286 63 1280 1.0 29.0 0 4
1287 63 1281 124.0 29.0 0 4
1288 64 1280 1.0 29.0 0 5
1289 64 1281 124.0 29.0 0 5
1290 64 1282 1.0 29.0 0 5
1291 64 1283 124.0 29.0 0 5
1292 65 1282 1.0 29.0 0 6
1293 65 1283 124.0 29.0 0 6
1294 65 1284 1.0 29.0 0 6
1295 65 1285 124.0 29.0 0 6
1296 66 1284 1.0 29.0 0 7
1297 66 1285 124.0 29.0 0 7
1298 66 1286 1.0 29.0 0 7
1299 66 1287 124.0 29.0 0 7
1300 67 1286 1.0 29.0 0 8
1301 67 1287 124.0 29.0 0 8
1302 67 1288 1.0 29.0 0 8
1303 67 1289 124.0 29.0 0 8
1304 68 1288 1.0 29.0 0 9
1305 68 1289 124.0 29.0 0 9
1306 68 1290 1.0 29.0 0 9
1307 68 1291 124.0 29.0 0 9
1308 69 1290 1.0 29.0 0 10
1309 69 1291 124.0 29.0 0 10
1310 69 1292 1.0 29.0 0 10
1311 69 1293 124.0 29.0 0 10
1312 70 1292 1.0 29.0 0 11
1313 70 1293 124.0 29.0 0 11
1314 70 1294 1.0 29.0 0 11
1315 70 1295 124.0 29.0 0 11
1316 71 1294 1.0 29.0 0 12
1317 71 1295 124.0 29.0 0 12
1318 71 1296 1.0 29.0 0 12
1319 71 1297 124.0 29.0 0 12
1320 72 1296 1.0 29.0 0 13
1321 72 1297 124.0 29.0 0 13
1322 72 1298 1.0 29.0 0 13
1323 72 1299 124.0 29.0 0 13
1324 73 1298 1.0 29.0 0 14
1325 73 1299 124.0 29.0 0 14
1326 73 1300 1.0 29.0 0 14
1327 73 1301 124.0 29.0 0 14
1328 74 1300 1.0 29.0 0 15
1329 74 1301 124.0 29.0 0 15
1330 74 1302 1.0 29.0 0 15
1331 74 1303 124.0 29.0 0 15
1332 75 1302 1.0 29.0 0 16
1333 75 1303 124.0 29.0 0 16
1334 1 1304 1.0 29.0 0 1
1335 1305 1311 124.0 29.0 0 1
1336 61 1304 1.0 29.0 0 2
1337 61 1305 124.0 29.0 0 2
1338 114 1314 61.0 23.0 0 2
1339 117 1315 73.0 23.0 0 2
1340 194 1316 61.0 23.0 0 3
1341 197 1317 73.0 23.0 0 3
1342 274 1318 61.0 23.0 0 4
1343 277 1319 73.0 23.0 0 4
1344 354 1320 61.0 23.0 0 5
1345 357 1321 73.0 23.0 0 5
1346 434 1322 61.0 23.0 0 6
1347 437 1323 73.0 23.0 0 6
1348 514 1324 61.0 23.0 0 7
1349 517 1325 73.0 23.0 0 7
1350 594 1326 61.0 23.0 0 8
1351 597 1327 73.0 23.0 0 8
1352 674 1328 61.0 23.0 0 9
1353 677 1329 73.0 23.0 0 9
1354 754 1330 61.0 23.0 0 10
1355 757 1331 73.0 23.0 0 10
1356 834 1332 61.0 23.0 0 11
1357 837 1333 73.0 23.0 0 11
1358 914 1334 61.0 23.0 0 12
1359 917 1335 73.0 23.0 0 12
1360 994 1336 61.0 23.0 0 13
1361 997 1337 73.0 23.0 0 13
1362 1074 1338 61.0 23.0 0 14
1363 1077 1339 73.0 23.0 0 14
1364 1154 1340 61.0 23.0 0 15
1365 1157 1341 73.0 23.0 0 15
1366 1234 1342 61.0 23.0 0 16
1367 1237 1343 73.0 23.0 0 16
1368 0 1306 65.1 13.0 0 0
1369 1 1312 1.0 18.0 0 1
1370 1307 1312 19.5 18.0 0 1
1371 1308 1312 39.5 18.0 0 1
1372 1309 1313 90.5 18.0 0 1
1373 1310 1313 105.5 18.0 0 1
1374 1311 1313 124.0 18.0 0 1
