0 0 2 2.6 15.0 0 0
1 0 3 7.81 15.0 0 0
2 4 5 15.63 17.0 0 0
3 0 5 18.23 15.0 0 0
4 0 6 23.44 15.0 0 0
5 0 7 28.65 15.0 0 0
6 0 8 33.85 15.0 0 0
7 9 10 41.67 17.0 0 0
8 0 10 44.27 15.0 0 0
9 0 11 49.48 15.0 0 0
10 0 12 54.69 15.0 0 0
11 0 13 59.9 15.0 0 0
12 0 14 65.1 15.0 0 0
13 0 15 70.31 15.0 0 0
14 0 16 75.52 15.0 0 0
15 0 17 80.73 15.0 0 0
16 0 18 85.94 15.0 0 0
17 0 19 91.15 15.0 0 0
18 0 20 96.35 15.0 0 0
19 0 21 101.56 15.0 0 0
20 0 22 106.77 15.0 0 0
21 0 23 111.98 15.0 0 0
22 0 24 117.19 15.0 0 0
23 0 25 122.4 15.0 0 0
24 0 26 2.6 13.0 0 0
25 0 27 7.81 13.0 0 0
26 0 28 13.02 13.0 0 0
27 0 29 18.23 13.0 0 0
28 0 30 23.44 13.0 0 0
29 31 32 31.25 11.0 0 0
30 0 32 33.85 13.0 0 0
31 0 33 39.06 13.0 0 0
32 0 34 44.27 13.0 0 0
33 0 35 49.48 13.0 0 0
34 0 36 54.69 13.0 0 0
35 0 37 59.9 13.0 0 0
36 0 38 65.1 8.0 0 0
37 0 39 70.31 13.0 0 0
38 0 40 75.52 13.0 0 0
39 0 41 80.73 13.0 0 0
40 0 42 85.94 13.0 0 0
41 0 43 91.15 13.0 0 0
42 0 44 96.35 13.0 0 0
43 0 45 101.56 13.0 0 0
44 0 46 106.77 13.0 0 0
45 0 47 111.98 13.0 0 0
46 0 48 117.19 13.0 0 0
47 0 49 122.4 13.0 0 0
48 1 50 2.0 30.0 0 1
49 1 51 22.0 30.0 0 1
50 1 52 42.0 30.0 0 1
51 53 60 73.0 30.0 0 1
52 1 54 93.0 30.0 0 1
53 1 55 108.0 30.0 0 1
54 1 50 17.0 30.0 0 1
55 1 51 37.0 30.0 0 1
56 52 60 57.0 30.0 0 1
57 1 53 88.0 30.0 0 1
58 1 54 103.0 30.0 0 1
59 1 55 123.0 30.0 0 1
60 2 3 5.21 17.0 0 0
61 32 38 33.0 8.0 0 0
62 35 38 50.0 8.0 0 0
63 43 44 93.75 11.0 0 0
64 0 56 1.0 14.0 0 0
65 0 57 124.0 14.0 0 0
66 38 58 62.0 4.0 0 0
67 38 59 70.0 4.0 0 0
68 1 56 1.0 31.0 0 1
69 1 57 124.0 31.0 0 1
70 58 60 62.0 18.5 0 1
71 59 60 70.0 18.5 0 1
72 1 50 9.0 18.0 0 1
73 1 51 29.0 18.0 0 1
74 1 52 49.0 18.0 0 1
75 1 53 80.0 18.0 0 1
76 1 54 100.0 18.0 0 1
77 1 55 115.0 18.0 0 1
78 61 76 2.4 30.0 0 2
79 61 77 7.21 30.0 0 2
80 61 78 12.02 30.0 0 2
81 61 79 16.83 30.0 0 2
82 61 80 21.63 30.0 0 2
83 61 81 26.44 30.0 0 2
84 61 82 31.25 30.0 0 2
85 61 83 36.06 30.0 0 2
86 61 84 40.87 30.0 0 2
87 61 85 45.67 30.0 0 2
88 61 86 50.48 30.0 0 2
89 61 87 55.29 30.0 0 2
90 61 88 60.1 30.0 0 2
91 61 89 64.9 30.0 0 2
92 61 90 69.71 30.0 0 2
93 61 91 74.52 30.0 0 2
94 61 92 79.33 30.0 0 2
95 61 93 84.13 30.0 0 2
96 61 94 88.94 30.0 0 2
97 61 95 93.75 30.0 0 2
98 61 96 98.56 30.0 0 2
99 61 97 103.37 30.0 0 2
100 61 98 108.17 30.0 0 2
101 61 99 112.98 30.0 0 2
102 61 100 117.79 30.0 0 2
103 61 101 122.6 30.0 0 2
104 61 102 2.4 28.0 0 2
105 61 103 7.21 28.0 0 2
106 61 104 12.02 28.0 0 2
107 61 105 16.83 28.0 0 2
108 61 106 21.63 28.0 0 2
109 61 107 26.44 28.0 0 2
110 61 108 31.25 28.0 0 2
111 61 109 36.06 28.0 0 2
112 61 110 40.87 28.0 0 2
113 61 111 45.67 28.0 0 2
114 61 112 50.48 28.0 0 2
115 61 113 55.29 28.0 0 2
116 61 114 64.9 28.0 0 2
117 61 115 69.71 28.0 0 2
118 61 116 79.33 28.0 0 2
119 61 117 84.13 28.0 0 2
120 61 118 88.94 28.0 0 2
121 61 119 93.75 28.0 0 2
122 61 120 98.56 28.0 0 2
123 61 121 103.37 28.0 0 2
124 61 122 108.17 28.0 0 2
125 61 123 112.98 28.0 0 2
126 61 124 117.79 28.0 0 2
127 61 125 122.6 28.0 0 2
128 61 126 60.0 21.57 0 2
129 61 127 60.0 18.71 0 2
130 61 128 60.0 15.86 0 2
131 61 129 60.0 13.0 0 2
132 61 130 60.0 10.14 0 2
133 61 131 60.0 7.29 0 2
134 61 132 60.0 4.43 0 2
135 61 133 62.0 21.57 0 2
136 61 134 62.0 18.71 0 2
137 61 135 62.0 15.86 0 2
138 61 136 62.0 13.0 0 2
139 61 137 62.0 10.14 0 2
140 61 138 62.0 7.29 0 2
141 61 139 62.0 4.43 0 2
142 61 140 72.0 21.57 0 2
143 61 141 72.0 18.71 0 2
144 61 142 72.0 15.86 0 2
145 61 143 72.0 13.0 0 2
146 61 144 72.0 10.14 0 2
147 61 145 72.0 7.29 0 2
148 61 146 72.0 4.43 0 2
149 61 147 74.0 21.57 0 2
150 61 148 74.0 18.71 0 2
151 61 149 74.0 15.86 0 2
152 61 150 74.0 13.0 0 2
153 61 151 74.0 10.14 0 2
154 61 152 74.0 7.29 0 2
155 61 153 74.0 4.43 0 2
156 62 154 2.4 30.0 0 3
157 62 155 7.21 30.0 0 3
158 62 156 12.02 30.0 0 3
159 62 157 16.83 30.0 0 3
160 62 158 21.63 30.0 0 3
161 62 159 26.44 30.0 0 3
162 62 160 31.25 30.0 0 3
163 62 161 36.06 30.0 0 3
164 62 162 40.87 30.0 0 3
165 62 163 45.67 30.0 0 3
166 62 164 50.48 30.0 0 3
167 62 165 55.29 30.0 0 3
168 62 166 60.1 30.0 0 3
169 62 167 64.9 30.0 0 3
170 62 168 69.71 30.0 0 3
171 62 169 74.52 30.0 0 3
172 62 170 79.33 30.0 0 3
173 62 171 84.13 30.0 0 3
174 62 172 88.94 30.0 0 3
175 62 173 93.75 30.0 0 3
176 62 174 98.56 30.0 0 3
177 62 175 103.37 30.0 0 3
178 62 176 108.17 30.0 0 3
179 62 177 112.98 30.0 0 3
180 62 178 117.79 30.0 0 3
181 62 179 122.6 30.0 0 3
182 62 180 2.4 28.0 0 3
183 62 181 7.21 28.0 0 3
184 62 182 12.02 28.0 0 3
185 62 183 16.83 28.0 0 3
186 62 184 21.63 28.0 0 3
187 62 185 26.44 28.0 0 3
188 62 186 31.25 28.0 0 3
189 62 187 36.06 28.0 0 3
190 62 188 40.87 28.0 0 3
191 62 189 45.67 28.0 0 3
192 62 190 50.48 28.0 0 3
193 62 191 55.29 28.0 0 3
194 62 192 64.9 28.0 0 3
195 62 193 69.71 28.0 0 3
196 62 194 79.33 28.0 0 3
197 62 195 84.13 28.0 0 3
198 62 196 88.94 28.0 0 3
199 62 197 93.75 28.0 0 3
200 62 198 98.56 28.0 0 3
201 62 199 103.37 28.0 0 3
202 62 200 108.17 28.0 0 3
203 62 201 112.98 28.0 0 3
204 62 202 117.79 28.0 0 3
205 62 203 122.6 28.0 0 3
206 62 204 60.0 21.57 0 3
207 62 205 60.0 18.71 0 3
208 62 206 60.0 15.86 0 3
209 62 207 60.0 13.0 0 3
210 62 208 60.0 10.14 0 3
211 62 209 60.0 7.29 0 3
212 62 210 60.0 4.43 0 3
213 62 211 62.0 21.57 0 3
214 62 212 62.0 18.71 0 3
215 62 213 62.0 15.86 0 3
216 62 214 62.0 13.0 0 3
217 62 215 62.0 10.14 0 3
218 62 216 62.0 7.29 0 3
219 62 217 62.0 4.43 0 3
220 62 218 72.0 21.57 0 3
221 62 219 72.0 18.71 0 3
222 62 220 72.0 15.86 0 3
223 62 221 72.0 13.0 0 3
224 62 222 72.0 10.14 0 3
225 62 223 72.0 7.29 0 3
226 62 224 72.0 4.43 0 3
227 62 225 74.0 21.57 0 3
228 62 226 74.0 18.71 0 3
229 62 227 74.0 15.86 0 3
230 62 228 74.0 13.0 0 3
231 62 229 74.0 10.14 0 3
232 62 230 74.0 7.29 0 3
233 62 231 74.0 4.43 0 3
234 63 232 2.4 30.0 0 4
235 63 233 7.21 30.0 0 4
236 63 234 12.02 30.0 0 4
237 63 235 16.83 30.0 0 4
238 63 236 21.63 30.0 0 4
239 63 237 26.44 30.0 0 4
240 63 238 31.25 30.0 0 4
241 63 239 36.06 30.0 0 4
242 63 240 40.87 30.0 0 4
243 63 241 45.67 30.0 0 4
244 63 242 50.48 30.0 0 4
245 63 243 55.29 30.0 0 4
246 63 244 60.1 30.0 0 4
247 63 245 64.9 30.0 0 4
248 63 246 69.71 30.0 0 4
249 63 247 74.52 30.0 0 4
250 63 248 79.33 30.0 0 4
251 63 249 84.13 30.0 0 4
252 63 250 88.94 30.0 0 4
253 63 251 93.75 30.0 0 4
254 63 252 98.56 30.0 0 4
255 63 253 103.37 30.0 0 4
256 63 254 108.17 30.0 0 4
257 63 255 112.98 30.0 0 4
258 63 256 117.79 30.0 0 4
259 63 257 122.6 30.0 0 4
260 63 258 2.4 28.0 0 4
261 63 259 7.21 28.0 0 4
262 63 260 12.02 28.0 0 4
263 63 261 16.83 28.0 0 4
264 63 262 21.63 28.0 0 4
265 63 263 26.44 28.0 0 4
266 63 264 31.25 28.0 0 4
267 63 265 36.06 28.0 0 4
268 63 266 40.87 28.0 0 4
269 63 267 45.67 28.0 0 4
270 63 268 50.48 28.0 0 4
271 63 269 55.29 28.0 0 4
272 63 270 64.9 28.0 0 4
273 63 271 69.71 28.0 0 4
274 63 272 79.33 28.0 0 4
275 63 273 84.13 28.0 0 4
276 63 274 88.94 28.0 0 4
277 63 275 93.75 28.0 0 4
278 63 276 98.56 28.0 0 4
279 63 277 103.37 28.0 0 4
280 63 278 108.17 28.0 0 4
281 63 279 112.98 28.0 0 4
282 63 280 117.79 28.0 0 4
283 63 281 122.6 28.0 0 4
284 63 282 60.0 21.57 0 4
285 63 283 60.0 18.71 0 4
286 63 284 60.0 15.86 0 4
287 63 285 60.0 13.0 0 4
288 63 286 60.0 10.14 0 4
289 63 287 60.0 7.29 0 4
290 63 288 60.0 4.43 0 4
291 63 289 62.0 21.57 0 4
292 63 290 62.0 18.71 0 4
293 63 291 62.0 15.86 0 4
294 63 292 62.0 13.0 0 4
295 63 293 62.0 10.14 0 4
296 63 294 62.0 7.29 0 4
297 63 295 62.0 4.43 0 4
298 63 296 72.0 21.57 0 4
299 63 297 72.0 18.71 0 4
300 63 298 72.0 15.86 0 4
301 63 299 72.0 13.0 0 4
302 63 300 72.0 10.14 0 4
303 63 301 72.0 7.29 0 4
304 63 302 72.0 4.43 0 4
305 63 303 74.0 21.57 0 4
306 63 304 74.0 18.71 0 4
307 63 305 74.0 15.86 0 4
308 63 306 74.0 13.0 0 4
309 63 307 74.0 10.14 0 4
310 63 308 74.0 7.29 0 4
311 63 309 74.0 4.43 0 4
312 64 310 2.4 30.0 0 5
313 64 311 7.21 30.0 0 5
314 64 312 12.02 30.0 0 5
315 64 313 16.83 30.0 0 5
316 64 314 21.63 30.0 0 5
317 64 315 26.44 30.0 0 5
318 64 316 31.25 30.0 0 5
319 64 317 36.06 30.0 0 5
320 64 318 40.87 30.0 0 5
321 64 319 45.67 30.0 0 5
322 64 320 50.48 30.0 0 5
323 64 321 55.29 30.0 0 5
324 64 322 60.1 30.0 0 5
325 64 323 64.9 30.0 0 5
326 64 324 69.71 30.0 0 5
327 64 325 74.52 30.0 0 5
328 64 326 79.33 30.0 0 5
329 64 327 84.13 30.0 0 5
330 64 328 88.94 30.0 0 5
331 64 329 93.75 30.0 0 5
332 64 330 98.56 30.0 0 5
333 64 331 103.37 30.0 0 5
334 64 332 108.17 30.0 0 5
335 64 333 112.98 30.0 0 5
336 64 334 117.79 30.0 0 5
337 64 335 122.6 30.0 0 5
338 64 336 2.4 28.0 0 5
339 64 337 7.21 28.0 0 5
340 64 338 12.02 28.0 0 5
341 64 339 16.83 28.0 0 5
342 64 340 21.63 28.0 0 5
343 64 341 26.44 28.0 0 5
344 64 342 31.25 28.0 0 5
345 64 343 36.06 28.0 0 5
346 64 344 40.87 28.0 0 5
347 64 345 45.67 28.0 0 5
348 64 346 50.48 28.0 0 5
349 64 347 55.29 28.0 0 5
350 64 348 64.9 28.0 0 5
351 64 349 69.71 28.0 0 5
352 64 350 79.33 28.0 0 5
353 64 351 84.13 28.0 0 5
354 64 352 88.94 28.0 0 5
355 64 353 93.75 28.0 0 5
356 64 354 98.56 28.0 0 5
357 64 355 103.37 28.0 0 5
358 64 356 108.17 28.0 0 5
359 64 357 112.98 28.0 0 5
360 64 358 117.79 28.0 0 5
361 64 359 122.6 28.0 0 5
362 64 360 60.0 21.57 0 5
363 64 361 60.0 18.71 0 5
364 64 362 60.0 15.86 0 5
365 64 363 60.0 13.0 0 5
366 64 364 60.0 10.14 0 5
367 64 365 60.0 7.29 0 5
368 64 366 60.0 4.43 0 5
369 64 367 62.0 21.57 0 5
370 64 368 62.0 18.71 0 5
371 64 369 62.0 15.86 0 5
372 64 370 62.0 13.0 0 5
373 64 371 62.0 10.14 0 5
374 64 372 62.0 7.29 0 5
375 64 373 62.0 4.43 0 5
376 64 374 72.0 21.57 0 5
377 64 375 72.0 18.71 0 5
378 64 376 72.0 15.86 0 5
379 64 377 72.0 13.0 0 5
380 64 378 72.0 10.14 0 5
381 64 379 72.0 7.29 0 5
382 64 380 72.0 4.43 0 5
383 64 381 74.0 21.57 0 5
384 64 382 74.0 18.71 0 5
385 64 383 74.0 15.86 0 5
386 64 384 74.0 13.0 0 5
387 64 385 74.0 10.14 0 5
388 64 386 74.0 7.29 0 5
389 64 387 74.0 4.43 0 5
390 65 388 2.4 30.0 0 6
391 65 389 7.21 30.0 0 6
392 65 390 12.02 30.0 0 6
393 65 391 16.83 30.0 0 6
394 65 392 21.63 30.0 0 6
395 65 393 26.44 30.0 0 6
396 65 394 31.25 30.0 0 6
397 65 395 36.06 30.0 0 6
398 65 396 40.87 30.0 0 6
399 65 397 45.67 30.0 0 6
400 65 398 50.48 30.0 0 6
401 65 399 55.29 30.0 0 6
402 65 400 60.1 30.0 0 6
403 65 401 64.9 30.0 0 6
404 65 402 69.71 30.0 0 6
405 65 403 74.52 30.0 0 6
406 65 404 79.33 30.0 0 6
407 65 405 84.13 30.0 0 6
408 65 406 88.94 30.0 0 6
409 65 407 93.75 30.0 0 6
410 65 408 98.56 30.0 0 6
411 65 409 103.37 30.0 0 6
412 65 410 108.17 30.0 0 6
413 65 411 112.98 30.0 0 6
414 65 412 117.79 30.0 0 6
415 65 413 122.6 30.0 0 6
416 65 414 2.4 28.0 0 6
417 65 415 7.21 28.0 0 6
418 65 416 12.02 28.0 0 6
419 65 417 16.83 28.0 0 6
420 65 418 21.63 28.0 0 6
421 65 419 26.44 28.0 0 6
422 65 420 31.25 28.0 0 6
423 65 421 36.06 28.0 0 6
424 65 422 40.87 28.0 0 6
425 65 423 45.67 28.0 0 6
426 65 424 50.48 28.0 0 6
427 65 425 55.29 28.0 0 6
428 65 426 64.9 28.0 0 6
429 65 427 69.71 28.0 0 6
430 65 428 79.33 28.0 0 6
431 65 429 84.13 28.0 0 6
432 65 430 88.94 28.0 0 6
433 65 431 93.75 28.0 0 6
434 65 432 98.56 28.0 0 6
435 65 433 103.37 28.0 0 6
436 65 434 108.17 28.0 0 6
437 65 435 112.98 28.0 0 6
438 65 436 117.79 28.0 0 6
439 65 437 122.6 28.0 0 6
440 65 438 60.0 21.57 0 6
441 65 439 60.0 18.71 0 6
442 65 440 60.0 15.86 0 6
443 65 441 60.0 13.0 0 6
444 65 442 60.0 10.14 0 6
445 65 443 60.0 7.29 0 6
446 65 444 60.0 4.43 0 6
447 65 445 62.0 21.57 0 6
448 65 446 62.0 18.71 0 6
449 65 447 62.0 15.86 0 6
450 65 448 62.0 13.0 0 6
451 65 449 62.0 10.14 0 6
452 65 450 62.0 7.29 0 6
453 65 451 62.0 4.43 0 6
454 65 452 72.0 21.57 0 6
455 65 453 72.0 18.71 0 6
456 65 454 72.0 15.86 0 6
457 65 455 72.0 13.0 0 6
458 65 456 72.0 10.14 0 6
459 65 457 72.0 7.29 0 6
460 65 458 72.0 4.43 0 6
461 65 459 74.0 21.57 0 6
462 65 460 74.0 18.71 0 6
463 65 461 74.0 15.86 0 6
464 65 462 74.0 13.0 0 6
465 65 463 74.0 10.14 0 6
466 65 464 74.0 7.29 0 6
467 65 465 74.0 4.43 0 6
468 66 466 2.4 30.0 0 7
469 66 467 7.21 30.0 0 7
470 66 468 12.02 30.0 0 7
471 66 469 16.83 30.0 0 7
472 66 470 21.63 30.0 0 7
473 66 471 26.44 30.0 0 7
474 66 472 31.25 30.0 0 7
475 66 473 36.06 30.0 0 7
476 66 474 40.87 30.0 0 7
477 66 475 45.67 30.0 0 7
478 66 476 50.48 30.0 0 7
479 66 477 55.29 30.0 0 7
480 66 478 60.1 30.0 0 7
481 66 479 64.9 30.0 0 7
482 66 480 69.71 30.0 0 7
483 66 481 74.52 30.0 0 7
484 66 482 79.33 30.0 0 7
485 66 483 84.13 30.0 0 7
486 66 484 88.94 30.0 0 7
487 66 485 93.75 30.0 0 7
488 66 486 98.56 30.0 0 7
489 66 487 103.37 30.0 0 7
490 66 488 108.17 30.0 0 7
491 66 489 112.98 30.0 0 7
492 66 490 117.79 30.0 0 7
493 66 491 122.6 30.0 0 7
494 66 492 2.4 28.0 0 7
495 66 493 7.21 28.0 0 7
496 66 494 12.02 28.0 0 7
497 66 495 16.83 28.0 0 7
498 66 496 21.63 28.0 0 7
499 66 497 26.44 28.0 0 7
500 66 498 31.25 28.0 0 7
501 66 499 36.06 28.0 0 7
502 66 500 40.87 28.0 0 7
503 66 501 45.67 28.0 0 7
504 66 502 50.48 28.0 0 7
505 66 503 55.29 28.0 0 7
506 66 504 64.9 28.0 0 7
507 66 505 69.71 28.0 0 7
508 66 506 79.33 28.0 0 7
509 66 507 84.13 28.0 0 7
510 66 508 88.94 28.0 0 7
511 66 509 93.75 28.0 0 7
512 66 510 98.56 28.0 0 7
513 66 511 103.37 28.0 0 7
514 66 512 108.17 28.0 0 7
515 66 513 112.98 28.0 0 7
516 66 514 117.79 28.0 0 7
517 66 515 122.6 28.0 0 7
518 66 516 60.0 21.57 0 7
519 66 517 60.0 18.71 0 7
520 66 518 60.0 15.86 0 7
521 66 519 60.0 13.0 0 7
522 66 520 60.0 10.14 0 7
523 66 521 60.0 7.29 0 7
524 66 522 60.0 4.43 0 7
525 66 523 62.0 21.57 0 7
526 66 524 62.0 18.71 0 7
527 66 525 62.0 15.86 0 7
528 66 526 62.0 13.0 0 7
529 66 527 62.0 10.14 0 7
530 66 528 62.0 7.29 0 7
531 66 529 62.0 4.43 0 7
532 66 530 72.0 21.57 0 7
533 66 531 72.0 18.71 0 7
534 66 532 72.0 15.86 0 7
535 66 533 72.0 13.0 0 7
536 66 534 72.0 10.14 0 7
537 66 535 72.0 7.29 0 7
538 66 536 72.0 4.43 0 7
539 66 537 74.0 21.57 0 7
540 66 538 74.0 18.71 0 7
541 66 539 74.0 15.86 0 7
542 66 540 74.0 13.0 0 7
543 66 541 74.0 10.14 0 7
544 66 542 74.0 7.29 0 7
545 66 543 74.0 4.43 0 7
546 67 544 2.4 30.0 0 8
547 67 545 7.21 30.0 0 8
548 67 546 12.02 30.0 0 8
549 67 547 16.83 30.0 0 8
550 67 548 21.63 30.0 0 8
551 67 549 26.44 30.0 0 8
552 67 550 31.25 30.0 0 8
553 67 551 36.06 30.0 0 8
554 67 552 40.87 30.0 0 8
555 67 553 45.67 30.0 0 8
556 67 554 50.48 30.0 0 8
557 67 555 55.29 30.0 0 8
558 67 556 60.1 30.0 0 8
559 67 557 64.9 30.0 0 8
560 67 558 69.71 30.0 0 8
561 67 559 74.52 30.0 0 8
562 67 560 79.33 30.0 0 8
563 67 561 84.13 30.0 0 8
564 67 562 88.94 30.0 0 8
565 67 563 93.75 30.0 0 8
566 67 564 98.56 30.0 0 8
567 67 565 103.37 30.0 0 8
568 67 566 108.17 30.0 0 8
569 67 567 112.98 30.0 0 8
570 67 568 117.79 30.0 0 8
571 67 569 122.6 30.0 0 8
572 67 570 2.4 28.0 0 8
573 67 571 7.21 28.0 0 8
574 67 572 12.02 28.0 0 8
575 67 573 16.83 28.0 0 8
576 67 574 21.63 28.0 0 8
577 67 575 26.44 28.0 0 8
578 67 576 31.25 28.0 0 8
579 67 577 36.06 28.0 0 8
580 67 578 40.87 28.0 0 8
581 67 579 45.67 28.0 0 8
582 67 580 50.48 28.0 0 8
583 67 581 55.29 28.0 0 8
584 67 582 64.9 28.0 0 8
585 67 583 69.71 28.0 0 8
586 67 584 79.33 28.0 0 8
587 67 585 84.13 28.0 0 8
588 67 586 88.94 28.0 0 8
589 67 587 93.75 28.0 0 8
590 67 588 98.56 28.0 0 8
591 67 589 103.37 28.0 0 8
592 67 590 108.17 28.0 0 8
593 67 591 112.98 28.0 0 8
594 67 592 117.79 28.0 0 8
595 67 593 122.6 28.0 0 8
596 67 594 60.0 21.57 0 8
597 67 595 60.0 18.71 0 8
598 67 596 60.0 15.86 0 8
599 67 597 60.0 13.0 0 8
600 67 598 60.0 10.14 0 8
601 67 599 60.0 7.29 0 8
602 67 600 60.0 4.43 0 8
603 67 601 62.0 21.57 0 8
604 67 602 62.0 18.71 0 8
605 67 603 62.0 15.86 0 8
606 67 604 62.0 13.0 0 8
607 67 605 62.0 10.14 0 8
608 67 606 62.0 7.29 0 8
609 67 607 62.0 4.43 0 8
610 67 608 72.0 21.57 0 8
611 67 609 72.0 18.71 0 8
612 67 610 72.0 15.86 0 8
613 67 611 72.0 13.0 0 8
614 67 612 72.0 10.14 0 8
615 67 613 72.0 7.29 0 8
616 67 614 72.0 4.43 0 8
617 67 615 74.0 21.57 0 8
618 67 616 74.0 18.71 0 8
619 67 617 74.0 15.86 0 8
620 67 618 74.0 13.0 0 8
621 67 619 74.0 10.14 0 8
622 67 620 74.0 7.29 0 8
623 67 621 74.0 4.43 0 8
624 68 622 2.4 30.0 0 9
625 68 623 7.21 30.0 0 9
626 68 624 12.02 30.0 0 9
627 68 625 16.83 30.0 0 9
628 68 626 21.63 30.0 0 9
629 68 627 26.44 30.0 0 9
630 68 628 31.25 30.0 0 9
631 68 629 36.06 30.0 0 9
632 68 630 40.87 30.0 0 9
633 68 631 45.67 30.0 0 9
634 68 632 50.48 30.0 0 9
635 68 633 55.29 30.0 0 9
636 68 634 60.1 30.0 0 9
637 68 635 64.9 30.0 0 9
638 68 636 69.71 30.0 0 9
639 68 637 74.52 30.0 0 9
640 68 638 79.33 30.0 0 9
641 68 639 84.13 30.0 0 9
642 68 640 88.94 30.0 0 9
643 68 641 93.75 30.0 0 9
644 68 642 98.56 30.0 0 9
645 68 643 103.37 30.0 0 9
646 68 644 108.17 30.0 0 9
647 68 645 112.98 30.0 0 9
648 68 646 117.79 30.0 0 9
649 68 647 122.6 30.0 0 9
650 68 648 2.4 28.0 0 9
651 68 649 7.21 28.0 0 9
652 68 650 12.02 28.0 0 9
653 68 651 16.83 28.0 0 9
654 68 652 21.63 28.0 0 9
655 68 653 26.44 28.0 0 9
656 68 654 31.25 28.0 0 9
657 68 655 36.06 28.0 0 9
658 68 656 40.87 28.0 0 9
659 68 657 45.67 28.0 0 9
660 68 658 50.48 28.0 0 9
661 68 659 55.29 28.0 0 9
662 68 660 64.9 28.0 0 9
663 68 661 69.71 28.0 0 9
664 68 662 79.33 28.0 0 9
665 68 663 84.13 28.0 0 9
666 68 664 88.94 28.0 0 9
667 68 665 93.75 28.0 0 9
668 68 666 98.56 28.0 0 9
669 68 667 103.37 28.0 0 9
670 68 668 108.17 28.0 0 9
671 68 669 112.98 28.0 0 9
672 68 670 117.79 28.0 0 9
673 68 671 122.6 28.0 0 9
674 68 672 60.0 21.57 0 9
675 68 673 60.0 18.71 0 9
676 68 674 60.0 15.86 0 9
677 68 675 60.0 13.0 0 9
678 68 676 60.0 10.14 0 9
679 68 677 60.0 7.29 0 9
680 68 678 60.0 4.43 0 9
681 68 679 62.0 21.57 0 9
682 68 680 62.0 18.71 0 9
683 68 681 62.0 15.86 0 9
684 68 682 62.0 13.0 0 9
685 68 683 62.0 10.14 0 9
686 68 684 62.0 7.29 0 9
687 68 685 62.0 4.43 0 9
688 68 686 72.0 21.57 0 9
689 68 687 72.0 18.71 0 9
690 68 688 72.0 15.86 0 9
691 68 689 72.0 13.0 0 9
692 68 690 72.0 10.14 0 9
693 68 691 72.0 7.29 0 9
694 68 692 72.0 4.43 0 9
695 68 693 74.0 21.57 0 9
696 68 694 74.0 18.71 0 9
697 68 695 74.0 15.86 0 9
698 68 696 74.0 13.0 0 9
699 68 697 74.0 10.14 0 9
700 68 698 74.0 7.29 0 9
701 68 699 74.0 4.43 0 9
702 69 700 2.4 30.0 0 10
703 69 701 7.21 30.0 0 10
704 69 702 12.02 30.0 0 10
705 69 703 16.83 30.0 0 10
706 69 704 21.63 30.0 0 10
707 69 705 26.44 30.0 0 10
708 69 706 31.25 30.0 0 10
709 69 707 36.06 30.0 0 10
710 69 708 40.87 30.0 0 10
711 69 709 45.67 30.0 0 10
712 69 710 50.48 30.0 0 10
713 69 711 55.29 30.0 0 10
714 69 712 60.1 30.0 0 10
715 69 713 64.9 30.0 0 10
716 69 714 69.71 30.0 0 10
717 69 715 74.52 30.0 0 10
718 69 716 79.33 30.0 0 10
719 69 717 84.13 30.0 0 10
720 69 718 88.94 30.0 0 10
721 69 719 93.75 30.0 0 10
722 69 720 98.56 30.0 0 10
723 69 721 103.37 30.0 0 10
724 69 722 108.17 30.0 0 10
725 69 723 112.98 30.0 0 10
726 69 724 117.79 30.0 0 10
727 69 725 122.6 30.0 0 10
728 69 726 2.4 28.0 0 10
729 69 727 7.21 28.0 0 10
730 69 728 12.02 28.0 0 10
731 69 729 16.83 28.0 0 10
732 69 730 21.63 28.0 0 10
733 69 731 26.44 28.0 0 10
734 69 732 31.25 28.0 0 10
735 69 733 36.06 28.0 0 10
736 69 734 40.87 28.0 0 10
737 69 735 45.67 28.0 0 10
738 69 736 50.48 28.0 0 10
739 69 737 55.29 28.0 0 10
740 69 738 64.9 28.0 0 10
741 69 739 69.71 28.0 0 10
742 69 740 79.33 28.0 0 10
743 69 741 84.13 28.0 0 10
744 69 742 88.94 28.0 0 10
745 69 743 93.75 28.0 0 10
746 69 744 98.56 28.0 0 10
747 69 745 103.37 28.0 0 10
748 69 746 108.17 28.0 0 10
749 69 747 112.98 28.0 0 10
750 69 748 117.79 28.0 0 10
751 69 749 122.6 28.0 0 10
752 69 750 60.0 21.57 0 10
753 69 751 60.0 18.71 0 10
754 69 752 60.0 15.86 0 10
755 69 753 60.0 13.0 0 10
756 69 754 60.0 10.14 0 10
757 69 755 60.0 7.29 0 10
758 69 756 60.0 4.43 0 10
759 69 757 62.0 21.57 0 10
760 69 758 62.0 18.71 0 10
761 69 759 62.0 15.86 0 10
762 69 760 62.0 13.0 0 10
763 69 761 62.0 10.14 0 10
764 69 762 62.0 7.29 0 10
765 69 763 62.0 4.43 0 10
766 69 764 72.0 21.57 0 10
767 69 765 72.0 18.71 0 10
768 69 766 72.0 15.86 0 10
769 69 767 72.0 13.0 0 10
770 69 768 72.0 10.14 0 10
771 69 769 72.0 7.29 0 10
772 69 770 72.0 4.43 0 10
773 69 771 74.0 21.57 0 10
774 69 772 74.0 18.71 0 10
775 69 773 74.0 15.86 0 10
776 69 774 74.0 13.0 0 10
777 69 775 74.0 10.14 0 10
778 69 776 74.0 7.29 0 10
779 69 777 74.0 4.43 0 10
780 70 778 2.4 30.0 0 11
781 70 779 7.21 30.0 0 11
782 70 780 12.02 30.0 0 11
783 70 781 16.83 30.0 0 11
784 70 782 21.63 30.0 0 11
785 70 783 26.44 30.0 0 11
786 70 784 31.25 30.0 0 11
787 70 785 36.06 30.0 0 11
788 70 786 40.87 30.0 0 11
789 70 787 45.67 30.0 0 11
790 70 788 50.48 30.0 0 11
791 70 789 55.29 30.0 0 11
792 70 790 60.1 30.0 0 11
793 70 791 64.9 30.0 0 11
794 70 792 69.71 30.0 0 11
795 70 793 74.52 30.0 0 11
796 70 794 79.33 30.0 0 11
797 70 795 84.13 30.0 0 11
798 70 796 88.94 30.0 0 11
799 70 797 93.75 30.0 0 11
800 70 798 98.56 30.0 0 11
801 70 799 103.37 30.0 0 11
802 70 800 108.17 30.0 0 11
803 70 801 112.98 30.0 0 11
804 70 802 117.79 30.0 0 11
805 70 803 122.6 30.0 0 11
806 70 804 2.4 28.0 0 11
807 70 805 7.21 28.0 0 11
808 70 806 12.02 28.0 0 11
809 70 807 16.83 28.0 0 11
810 70 808 21.63 28.0 0 11
811 70 809 26.44 28.0 0 11
812 70 810 31.25 28.0 0 11
813 70 811 36.06 28.0 0 11
814 70 812 40.87 28.0 0 11
815 70 813 45.67 28.0 0 11
816 70 814 50.48 28.0 0 11
817 70 815 55.29 28.0 0 11
818 70 816 64.9 28.0 0 11
819 70 817 69.71 28.0 0 11
820 70 818 79.33 28.0 0 11
821 70 819 84.13 28.0 0 11
822 70 820 88.94 28.0 0 11
823 70 821 93.75 28.0 0 11
824 70 822 98.56 28.0 0 11
825 70 823 103.37 28.0 0 11
826 70 824 108.17 28.0 0 11
827 70 825 112.98 28.0 0 11
828 70 826 117.79 28.0 0 11
829 70 827 122.6 28.0 0 11
830 70 828 60.0 21.57 0 11
831 70 829 60.0 18.71 0 11
832 70 830 60.0 15.86 0 11
833 70 831 60.0 13.0 0 11
834 70 832 60.0 10.14 0 11
835 70 833 60.0 7.29 0 11
836 70 834 60.0 4.43 0 11
837 70 835 62.0 21.57 0 11
838 70 836 62.0 18.71 0 11
839 70 837 62.0 15.86 0 11
840 70 838 62.0 13.0 0 11
841 70 839 62.0 10.14 0 11
842 70 840 62.0 7.29 0 11
843 70 841 62.0 4.43 0 11
844 70 842 72.0 21.57 0 11
845 70 843 72.0 18.71 0 11
846 70 844 72.0 15.86 0 11
847 70 845 72.0 13.0 0 11
848 70 846 72.0 10.14 0 11
849 70 847 72.0 7.29 0 11
850 70 848 72.0 4.43 0 11
851 70 849 74.0 21.57 0 11
852 70 850 74.0 18.71 0 11
853 70 851 74.0 15.86 0 11
854 70 852 74.0 13.0 0 11
855 70 853 74.0 10.14 0 11
856 70 854 74.0 7.29 0 11
857 70 855 74.0 4.43 0 11
858 71 856 2.4 30.0 0 12
859 71 857 7.21 30.0 0 12
860 71 858 12.02 30.0 0 12
861 71 859 16.83 30.0 0 12
862 71 860 21.63 30.0 0 12
863 71 861 26.44 30.0 0 12
864 71 862 31.25 30.0 0 12
865 71 863 36.06 30.0 0 12
866 71 864 40.87 30.0 0 12
867 71 865 45.67 30.0 0 12
868 71 866 50.48 30.0 0 12
869 71 867 55.29 30.0 0 12
870 71 868 60.1 30.0 0 12
871 71 869 64.9 30.0 0 12
872 71 870 69.71 30.0 0 12
873 71 871 74.52 30.0 0 12
874 71 872 79.33 30.0 0 12
875 71 873 84.13 30.0 0 12
876 71 874 88.94 30.0 0 12
877 71 875 93.75 30.0 0 12
878 71 876 98.56 30.0 0 12
879 71 877 103.37 30.0 0 12
880 71 878 108.17 30.0 0 12
881 71 879 112.98 30.0 0 12
882 71 880 117.79 30.0 0 12
883 71 881 122.6 30.0 0 12
884 71 882 2.4 28.0 0 12
885 71 883 7.21 28.0 0 12
886 71 884 12.02 28.0 0 12
887 71 885 16.83 28.0 0 12
888 71 886 21.63 28.0 0 12
889 71 887 26.44 28.0 0 12
890 71 888 31.25 28.0 0 12
891 71 889 36.06 28.0 0 12
892 71 890 40.87 28.0 0 12
893 71 891 45.67 28.0 0 12
894 71 892 50.48 28.0 0 12
895 71 893 55.29 28.0 0 12
896 71 894 64.9 28.0 0 12
897 71 895 69.71 28.0 0 12
898 71 896 79.33 28.0 0 12
899 71 897 84.13 28.0 0 12
900 71 898 88.94 28.0 0 12
901 71 899 93.75 28.0 0 12
902 71 900 98.56 28.0 0 12
903 71 901 103.37 28.0 0 12
904 71 902 108.17 28.0 0 12
905 71 903 112.98 28.0 0 12
906 71 904 117.79 28.0 0 12
907 71 905 122.6 28.0 0 12
908 71 906 60.0 21.57 0 12
909 71 907 60.0 18.71 0 12
910 71 908 60.0 15.86 0 12
911 71 909 60.0 13.0 0 12
912 71 910 60.0 10.14 0 12
913 71 911 60.0 7.29 0 12
914 71 912 60.0 4.43 0 12
915 71 913 62.0 21.57 0 12
916 71 914 62.0 18.71 0 12
917 71 915 62.0 15.86 0 12
918 71 916 62.0 13.0 0 12
919 71 917 62.0 10.14 0 12
920 71 918 62.0 7.29 0 12
921 71 919 62.0 4.43 0 12
922 71 920 72.0 21.57 0 12
923 71 921 72.0 18.71 0 12
924 71 922 72.0 15.86 0 12
925 71 923 72.0 13.0 0 12
926 71 924 72.0 10.14 0 12
927 71 925 72.0 7.29 0 12
928 71 926 72.0 4.43 0 12
929 71 927 74.0 21.57 0 12
930 71 928 74.0 18.71 0 12
931 71 929 74.0 15.86 0 12
932 71 930 74.0 13.0 0 12
933 71 931 74.0 10.14 0 12
934 71 932 74.0 7.29 0 12
935 71 933 74.0 4.43 0 12
936 72 934 2.4 30.0 0 13
937 72 935 7.21 30.0 0 13
938 72 936 12.02 30.0 0 13
939 72 937 16.83 30.0 0 13
940 72 938 21.63 30.0 0 13
941 72 939 26.44 30.0 0 13
942 72 940 31.25 30.0 0 13
943 72 941 36.06 30.0 0 13
944 72 942 40.87 30.0 0 13
945 72 943 45.67 30.0 0 13
946 72 944 50.48 30.0 0 13
947 72 945 55.29 30.0 0 13
948 72 946 60.1 30.0 0 13
949 72 947 64.9 30.0 0 13
950 72 948 69.71 30.0 0 13
951 72 949 74.52 30.0 0 13
952 72 950 79.33 30.0 0 13
953 72 951 84.13 30.0 0 13
954 72 952 88.94 30.0 0 13
955 72 953 93.75 30.0 0 13
956 72 954 98.56 30.0 0 13
957 72 955 103.37 30.0 0 13
958 72 956 108.17 30.0 0 13
959 72 957 112.98 30.0 0 13
960 72 958 117.79 30.0 0 13
961 72 959 122.6 30.0 0 13
962 72 960 2.4 28.0 0 13
963 72 961 7.21 28.0 0 13
964 72 962 12.02 28.0 0 13
965 72 963 16.83 28.0 0 13
966 72 964 21.63 28.0 0 13
967 72 965 26.44 28.0 0 13
968 72 966 31.25 28.0 0 13
969 72 967 36.06 28.0 0 13
970 72 968 40.87 28.0 0 13
971 72 969 45.67 28.0 0 13
972 72 970 50.48 28.0 0 13
973 72 971 55.29 28.0 0 13
974 72 972 64.9 28.0 0 13
975 72 973 69.71 28.0 0 13
976 72 974 79.33 28.0 0 13
977 72 975 84.13 28.0 0 13
978 72 976 88.94 28.0 0 13
979 72 977 93.75 28.0 0 13
980 72 978 98.56 28.0 0 13
981 72 979 103.37 28.0 0 13
982 72 980 108.17 28.0 0 13
983 72 981 112.98 28.0 0 13
984 72 982 117.79 28.0 0 13
985 72 983 122.6 28.0 0 13
986 72 984 60.0 21.57 0 13
987 72 985 60.0 18.71 0 13
988 72 986 60.0 15.86 0 13
989 72 987 60.0 13.0 0 13
990 72 988 60.0 10.14 0 13
991 72 989 60.0 7.29 0 13
992 72 990 60.0 4.43 0 13
993 72 991 62.0 21.57 0 13
994 72 992 62.0 18.71 0 13
995 72 993 62.0 15.86 0 13
996 72 994 62.0 13.0 0 13
997 72 995 62.0 10.14 0 13
998 72 996 62.0 7.29 0 13
999 72 997 62.0 4.43 0 13
1000 72 998 72.0 21.57 0 13
1001 72 999 72.0 18.71 0 13
1002 72 1000 72.0 15.86 0 13
1003 72 1001 72.0 13.0 0 13
1004 72 1002 72.0 10.14 0 13
1005 72 1003 72.0 7.29 0 13
1006 72 1004 72.0 4.43 0 13
1007 72 1005 74.0 21.57 0 13
1008 72 1006 74.0 18.71 0 13
1009 72 1007 74.0 15.86 0 13
1010 72 1008 74.0 13.0 0 13
1011 72 1009 74.0 10.14 0 13
1012 72 1010 74.0 7.29 0 13
1013 72 1011 74.0 4.43 0 13
1014 73 1012 2.4 30.0 0 14
1015 73 1013 7.21 30.0 0 14
1016 73 1014 12.02 30.0 0 14
1017 73 1015 16.83 30.0 0 14
1018 73 1016 21.63 30.0 0 14
1019 73 1017 26.44 30.0 0 14
1020 73 1018 31.25 30.0 0 14
1021 73 1019 36.06 30.0 0 14
1022 73 1020 40.87 30.0 0 14
1023 73 1021 45.67 30.0 0 14
1024 73 1022 50.48 30.0 0 14
1025 73 1023 55.29 30.0 0 14
1026 73 1024 60.1 30.0 0 14
1027 73 1025 64.9 30.0 0 14
1028 73 1026 69.71 30.0 0 14
1029 73 1027 74.52 30.0 0 14
1030 73 1028 79.33 30.0 0 14
1031 73 1029 84.13 30.0 0 14
1032 73 1030 88.94 30.0 0 14
1033 73 1031 93.75 30.0 0 14
1034 73 1032 98.56 30.0 0 14
1035 73 1033 103.37 30.0 0 14
1036 73 1034 108.17 30.0 0 14
1037 73 1035 112.98 30.0 0 14
1038 73 1036 117.79 30.0 0 14
1039 73 1037 122.6 30.0 0 14
1040 73 1038 2.4 28.0 0 14
1041 73 1039 7.21 28.0 0 14
1042 73 1040 12.02 28.0 0 14
1043 73 1041 16.83 28.0 0 14
1044 73 1042 21.63 28.0 0 14
1045 73 1043 26.44 28.0 0 14
1046 73 1044 31.25 28.0 0 14
1047 73 1045 36.06 28.0 0 14
1048 73 1046 40.87 28.0 0 14
1049 73 1047 45.67 28.0 0 14
1050 73 1048 50.48 28.0 0 14
1051 73 1049 55.29 28.0 0 14
1052 73 1050 64.9 28.0 0 14
1053 73 1051 69.71 28.0 0 14
1054 73 1052 79.33 28.0 0 14
1055 73 1053 84.13 28.0 0 14
1056 73 1054 88.94 28.0 0 14
1057 73 1055 93.75 28.0 0 14
1058 73 1056 98.56 28.0 0 14
1059 73 1057 103.37 28.0 0 14
1060 73 1058 108.17 28.0 0 14
1061 73 1059 112.98 28.0 0 14
1062 73 1060 117.79 28.0 0 14
1063 73 1061 122.6 28.0 0 14
1064 73 1062 60.0 21.57 0 14
1065 73 1063 60.0 18.71 0 14
1066 73 1064 60.0 15.86 0 14
1067 73 1065 60.0 13.0 0 14
1068 73 1066 60.0 10.14 0 14
1069 73 1067 60.0 7.29 0 14
1070 73 1068 60.0 4.43 0 14
1071 73 1069 62.0 21.57 0 14
1072 73 1070 62.0 18.71 0 14
1073 73 1071 62.0 15.86 0 14
1074 73 1072 62.0 13.0 0 14
1075 73 1073 62.0 10.14 0 14
1076 73 1074 62.0 7.29 0 14
1077 73 1075 62.0 4.43 0 14
1078 73 1076 72.0 21.57 0 14
1079 73 1077 72.0 18.71 0 14
1080 73 1078 72.0 15.86 0 14
1081 73 1079 72.0 13.0 0 14
1082 73 1080 72.0 10.14 0 14
1083 73 1081 72.0 7.29 0 14
1084 73 1082 72.0 4.43 0 14
1085 73 1083 74.0 21.57 0 14
1086 73 1084 74.0 18.71 0 14
1087 73 1085 74.0 15.86 0 14
1088 73 1086 74.0 13.0 0 14
1089 73 1087 74.0 10.14 0 14
1090 73 1088 74.0 7.29 0 14
1091 73 1089 74.0 4.43 0 14
1092 74 1090 2.4 30.0 0 15
1093 74 1091 7.21 30.0 0 15
1094 74 1092 12.02 30.0 0 15
1095 74 1093 16.83 30.0 0 15
1096 74 1094 21.63 30.0 0 15
1097 74 1095 26.44 30.0 0 15
1098 74 1096 31.25 30.0 0 15
1099 74 1097 36.06 30.0 0 15
1100 74 1098 40.87 30.0 0 15
1101 74 1099 45.67 30.0 0 15
1102 74 1100 50.48 30.0 0 15
1103 74 1101 55.29 30.0 0 15
1104 74 1102 60.1 30.0 0 15
1105 74 1103 64.9 30.0 0 15
1106 74 1104 69.71 30.0 0 15
1107 74 1105 74.52 30.0 0 15
1108 74 1106 79.33 30.0 0 15
1109 74 1107 84.13 30.0 0 15
1110 74 1108 88.94 30.0 0 15
1111 74 1109 93.75 30.0 0 15
1112 74 1110 98.56 30.0 0 15
1113 74 1111 103.37 30.0 0 15
1114 74 1112 108.17 30.0 0 15
1115 74 1113 112.98 30.0 0 15
1116 74 1114 117.79 30.0 0 15
1117 74 1115 122.6 30.0 0 15
1118 74 1116 2.4 28.0 0 15
1119 74 1117 7.21 28.0 0 15
1120 74 1118 12.02 28.0 0 15
1121 74 1119 16.83 28.0 0 15
1122 74 1120 21.63 28.0 0 15
1123 74 1121 26.44 28.0 0 15
1124 74 1122 31.25 28.0 0 15
1125 74 1123 36.06 28.0 0 15
1126 74 1124 40.87 28.0 0 15
1127 74 1125 45.67 28.0 0 15
1128 74 1126 50.48 28.0 0 15
1129 74 1127 55.29 28.0 0 15
1130 74 1128 64.9 28.0 0 15
1131 74 1129 69.71 28.0 0 15
1132 74 1130 79.33 28.0 0 15
1133 74 1131 84.13 28.0 0 15
1134 74 1132 88.94 28.0 0 15
1135 74 1133 93.75 28.0 0 15
1136 74 1134 98.56 28.0 0 15
1137 74 1135 103.37 28.0 0 15
1138 74 1136 108.17 28.0 0 15
1139 74 1137 112.98 28.0 0 15
1140 74 1138 117.79 28.0 0 15
1141 74 1139 122.6 28.0 0 15
1142 74 1140 60.0 21.57 0 15
1143 74 1141 60.0 18.71 0 15
1144 74 1142 60.0 15.86 0 15
1145 74 1143 60.0 13.0 0 15
1146 74 1144 60.0 10.14 0 15
1147 74 1145 60.0 7.29 0 15
1148 74 1146 60.0 4.43 0 15
1149 74 1147 62.0 21.57 0 15
1150 74 1148 62.0 18.71 0 15
1151 74 1149 62.0 15.86 0 15
1152 74 1150 62.0 13.0 0 15
1153 74 1151 62.0 10.14 0 15
1154 74 1152 62.0 7.29 0 15
1155 74 1153 62.0 4.43 0 15
1156 74 1154 72.0 21.57 0 15
1157 74 1155 72.0 18.71 0 15
1158 74 1156 72.0 15.86 0 15
1159 74 1157 72.0 13.0 0 15
1160 74 1158 72.0 10.14 0 15
1161 74 1159 72.0 7.29 0 15
1162 74 1160 72.0 4.43 0 15
1163 74 1161 74.0 21.57 0 15
1164 74 1162 74.0 18.71 0 15
1165 74 1163 74.0 15.86 0 15
1166 74 1164 74.0 13.0 0 15
1167 74 1165 74.0 10.14 0 15
1168 74 1166 74.0 7.29 0 15
1169 74 1167 74.0 4.43 0 15
1170 75 1168 2.4 30.0 0 16
1171 75 1169 7.21 30.0 0 16
1172 75 1170 12.02 30.0 0 16
1173 75 1171 16.83 30.0 0 16
1174 75 1172 21.63 30.0 0 16
1175 75 1173 26.44 30.0 0 16
1176 75 1174 31.25 30.0 0 16
1177 75 1175 36.06 30.0 0 16
1178 75 1176 40.87 30.0 0 16
1179 75 1177 45.67 30.0 0 16
1180 75 1178 50.48 30.0 0 16
1181 75 1179 55.29 30.0 0 16
1182 75 1180 60.1 30.0 0 16
1183 75 1181 64.9 30.0 0 16
1184 75 1182 69.71 30.0 0 16
1185 75 1183 74.52 30.0 0 16
1186 75 1184 79.33 30.0 0 16
1187 75 1185 84.13 30.0 0 16
1188 75 1186 88.94 30.0 0 16
1189 75 1187 93.75 30.0 0 16
1190 75 1188 98.56 30.0 0 16
1191 75 1189 103.37 30.0 0 16
1192 75 1190 108.17 30.0 0 16
1193 75 1191 112.98 30.0 0 16
1194 75 1192 117.79 30.0 0 16
1195 75 1193 122.6 30.0 0 16
1196 75 1194 2.4 28.0 0 16
1197 75 1195 7.21 28.0 0 16
1198 75 1196 12.02 28.0 0 16
1199 75 1197 16.83 28.0 0 16
1200 75 1198 21.63 28.0 0 16
1201 75 1199 26.44 28.0 0 16
1202 75 1200 31.25 28.0 0 16
1203 75 1201 36.06 28.0 0 16
1204 75 1202 40.87 28.0 0 16
1205 75 1203 45.67 28.0 0 16
1206 75 1204 50.48 28.0 0 16
1207 75 1205 55.29 28.0 0 16
1208 75 1206 64.9 28.0 0 16
1209 75 1207 69.71 28.0 0 16
1210 75 1208 79.33 28.0 0 16
1211 75 1209 84.13 28.0 0 16
1212 75 1210 88.94 28.0 0 16
1213 75 1211 93.75 28.0 0 16
1214 75 1212 98.56 28.0 0 16
1215 75 1213 103.37 28.0 0 16
1216 75 1214 108.17 28.0 0 16
1217 75 1215 112.98 28.0 0 16
1218 75 1216 117.79 28.0 0 16
1219 75 1217 122.6 28.0 0 16
1220 75 1218 60.0 21.57 0 16
1221 75 1219 60.0 18.71 0 16
1222 75 1220 60.0 15.86 0 16
1223 75 1221 60.0 13.0 0 16
1224 75 1222 60.0 10.14 0 16
1225 75 1223 60.0 7.29 0 16
1226 75 1224 60.0 4.43 0 16
1227 75 1225 62.0 21.57 0 16
1228 75 1226 62.0 18.71 0 16
1229 75 1227 62.0 15.86 0 16
1230 75 1228 62.0 13.0 0 16
1231 75 1229 62.0 10.14 0 16
1232 75 1230 62.0 7.29 0 16
1233 75 1231 62.0 4.43 0 16
1234 75 1232 72.0 21.57 0 16
1235 75 1233 72.0 18.71 0 16
1236 75 1234 72.0 15.86 0 16
1237 75 1235 72.0 13.0 0 16
1238 75 1236 72.0 10.14 0 16
1239 75 1237 72.0 7.29 0 16
1240 75 1238 72.0 4.43 0 16
1241 75 1239 74.0 21.57 0 16
1242 75 1240 74.0 18.71 0 16
1243 75 1241 74.0 15.86 0 16
1244 75 1242 74.0 13.0 0 16
1245 75 1243 74.0 10.14 0 16
1246 75 1244 74.0 7.29 0 16
1247 75 1245 74.0 4.43 0 16
1248 61 1246 1.0 29.0 0 2
1249 61 1247 124.0 29.0 0 2
1250 62 1246 1.0 29.0 0 3
1251 62 1247 124.0 29.0 0 3
1252 62 1248 1.0 29.0 0 3
1253 62 1249 124.0 29.0 0 3
1254 63 1248 1.0 29.0 0 4
1255 63 1249 124.0 29.0 0 4
1256 63 1250 1.0 29.0 0 4
1257 63 1251 124.0 29.0 0 4
1258 64 1250 1.0 29.0 0 5
1259 64 1251 124.0 29.0 0 5
1260 64 1252 1.0 29.0 0 5
1261 64 1253 124.0 29.0 0 5
1262 65 1252 1.0 29.0 0 6
1263 65 1253 124.0 29.0 0 6
1264 65 1254 1.0 29.0 0 6
1265 65 1255 124.0 29.0 0 6
1266 66 1254 1.0 29.0 0 7
1267 66 1255 124.0 29.0 0 7
1268 66 1256 1.0 29.0 0 7
1269 66 1257 124.0 29.0 0 7
1270 67 1256 1.0 29.0 0 8
1271 67 1257 124.0 29.0 0 8
1272 67 1258 1.0 29.0 0 8
1273 67 1259 124.0 29.0 0 8
1274 68 1258 1.0 29.0 0 9
1275 68 1259 124.0 29.0 0 9
1276 68 1260 1.0 29.0 0 9
1277 68 1261 124.0 29.0 0 9
1278 69 1260 1.0 29.0 0 10
1279 69 1261 124.0 29.0 0 10
1280 69 1262 1.0 29.0 0 10
1281 69 1263 124.0 29.0 0 10
1282 70 1262 1.0 29.0 0 11
1283 70 1263 124.0 29.0 0 11
1284 70 1264 1.0 29.0 0 11
1285 70 1265 124.0 29.0 0 11
1286 71 1264 1.0 29.0 0 12
1287 71 1265 124.0 29.0 0 12
1288 71 1266 1.0 29.0 0 12
1289 71 1267 124.0 29.0 0 12
1290 72 1266 1.0 29.0 0 13
1291 72 1267 124.0 29.0 0 13
1292 72 1268 1.0 29.0 0 13
1293 72 1269 124.0 29.0 0 13
1294 73 1268 1.0 29.0 0 14
1295 73 1269 124.0 29.0 0 14
1296 73 1270 1.0 29.0 0 14
1297 73 1271 124.0 29.0 0 14
1298 74 1270 1.0 29.0 0 15
1299 74 1271 124.0 29.0 0 15
1300 74 1272 1.0 29.0 0 15
1301 74 1273 124.0 29.0 0 15
1302 75 1272 1.0 29.0 0 16
1303 75 1273 124.0 29.0 0 16
1304 1 1274 1.0 29.0 0 1
1305 1 1275 124.0 29.0 0 1
1306 61 1274 1.0 29.0 0 2
1307 61 1275 124.0 29.0 0 2
