0 1 0.0 13.0 125.0 15.0 0 0,1,3,4,5,6,8,9,10,11,12,13,14,15,16,17,18,19,20,21,22,23,24,25,26,27,28,30,31,32,33,34,35,37,38,39,40,41,42,43,44,45,46,47,1368,64,65,
1 1 0.0 18.0 2.0 33.0 1 48,1369,68,1334,
2 0 0.0 15.0 5.0 20.0 0 0,60,
3 0 5.0 15.0 10.0 20.0 0 1,60,
4 0 10.0 15.0 16.0 20.0 0 2,
5 0 16.0 15.0 21.0 20.0 0 2,3,
6 0 21.0 15.0 26.0 20.0 0 4,
7 0 26.0 15.0 31.0 20.0 0 5,
8 0 31.0 15.0 36.0 20.0 0 6,
9 0 36.0 15.0 42.0 20.0 0 7,
10 0 42.0 15.0 47.0 20.0 0 7,8,
11 0 47.0 15.0 52.0 20.0 0 9,
12 0 52.0 15.0 57.0 20.0 0 10,
13 0 57.0 15.0 63.0 20.0 0 11,
14 0 63.0 15.0 68.0 20.0 0 12,
15 0 68.0 15.0 73.0 20.0 0 13,
16 0 73.0 15.0 78.0 20.0 0 14,
17 0 78.0 15.0 83.0 20.0 0 15,
18 0 83.0 15.0 89.0 20.0 0 16,
19 0 89.0 15.0 94.0 20.0 0 17,
20 0 94.0 15.0 99.0 20.0 0 18,
21 0 99.0 15.0 104.0 20.0 0 19,
22 0 104.0 15.0 109.0 20.0 0 20,
23 0 109.0 15.0 115.0 20.0 0 21,
24 0 115.0 15.0 120.0 20.0 0 22,
25 0 120.0 15.0 125.0 20.0 0 23,
26 0 0.0 8.0 5.0 13.0 0 24,
27 0 5.0 8.0 10.0 13.0 0 25,
28 0 10.0 8.0 16.0 13.0 0 26,
29 0 16.0 8.0 21.0 13.0 0 27,
30 0 21.0 8.0 26.0 13.0 0 28,
31 0 26.0 8.0 31.0 13.0 0 29,
32 0 31.0 8.0 36.0 13.0 0 29,30,61,
33 0 36.0 8.0 42.0 13.0 0 31,
34 0 42.0 8.0 47.0 13.0 0 32,
35 0 47.0 8.0 52.0 13.0 0 33,62,
36 0 52.0 8.0 57.0 13.0 0 34,
37 0 57.0 8.0 63.0 13.0 0 35,
38 0 30.0 0.0 90.0 8.0 0 36,61,62,66,67,
39 0 68.0 8.0 73.0 13.0 0 37,
40 0 73.0 8.0 78.0 13.0 0 38,
41 0 78.0 8.0 83.0 13.0 0 39,
42 0 83.0 8.0 89.0 13.0 0 40,
43 0 89.0 8.0 94.0 13.0 0 41,63,
44 0 94.0 8.0 99.0 13.0 0 42,63,
45 0 99.0 8.0 104.0 13.0 0 43,
46 0 104.0 8.0 109.0 13.0 0 44,
47 0 109.0 8.0 115.0 13.0 0 45,
48 0 115.0 8.0 120.0 13.0 0 46,
49 0 120.0 8.0 125.0 13.0 0 47,
50 0 2.0 18.0 17.0 33.0 1 48,54,72,
51 0 22.0 18.0 37.0 33.0 1 49,55,73,
52 0 42.0 18.0 57.0 33.0 1 50,56,74,
53 0 73.0 18.0 88.0 33.0 1 51,57,75,
54 0 93.0 18.0 103.0 33.0 1 52,58,76,
55 0 108.0 18.0 123.0 33.0 1 53,59,77,
56 2 1.0 1.0 1.0 1.0 0 64,68,
57 2 1.0 1.0 1.0 1.0 0 65,69,
58 2 1.0 1.0 1.0 1.0 0 66,70,
59 2 1.0 1.0 1.0 1.0 0 67,71,
60 0 57.0 2.0 73.0 33.0 1 51,56,70,71,
61 1 0.0 28.0 19.23 30.0 2 78,79,80,81,104,105,106,107,1375,1278,1336,
62 1 0.0 28.0 19.23 30.0 3 158,159,160,161,184,185,186,187,1382,1280,1282,
63 1 0.0 28.0 19.23 30.0 4 238,239,240,241,264,265,266,267,1389,1284,1286,
64 1 0.0 28.0 19.23 30.0 5 318,319,320,321,344,345,346,347,1396,1288,1290,
65 1 0.0 28.0 19.23 30.0 6 398,399,400,401,424,425,426,427,1403,1292,1294,
66 1 0.0 28.0 19.23 30.0 7 478,479,480,481,504,505,506,507,1410,1296,1298,
67 1 0.0 28.0 19.23 30.0 8 558,559,560,561,584,585,586,587,1417,1300,1302,
68 1 0.0 28.0 19.23 30.0 9 638,639,640,641,664,665,666,667,1424,1304,1306,
69 1 0.0 28.0 19.23 30.0 10 718,719,720,721,744,745,746,747,1431,1308,1310,
70 1 0.0 28.0 19.23 30.0 11 798,799,800,801,824,825,826,827,1438,1312,1314,
71 1 0.0 28.0 19.23 30.0 12 878,879,880,881,904,905,906,907,1445,1316,1318,
72 1 0.0 28.0 19.23 30.0 13 958,959,960,961,984,985,986,987,1452,1320,1322,
73 1 0.0 28.0 19.23 30.0 14 1038,1039,1040,1041,1064,1065,1066,1067,1459,1324,1326,
74 1 0.0 28.0 19.23 30.0 15 1118,1119,1120,1121,1144,1145,1146,1147,1466,1328,1330,
75 1 0.0 28.0 19.23 30.0 16 1198,1199,1200,1201,1224,1225,1226,1227,1473,1332,
76 0 0.0 30.0 4.81 35.0 2 78,
77 0 4.81 30.0 9.62 35.0 2 79,
78 0 9.62 30.0 14.42 35.0 2 80,
79 0 14.42 30.0 19.23 35.0 2 81,
80 0 19.23 30.0 24.04 35.0 2 82,
81 0 24.04 30.0 28.85 35.0 2 83,
82 0 28.85 30.0 33.65 35.0 2 84,
83 0 33.65 30.0 38.46 35.0 2 85,
84 0 38.46 30.0 43.27 35.0 2 86,
85 0 43.27 30.0 48.08 35.0 2 87,
86 0 48.08 30.0 52.88 35.0 2 88,
87 0 52.88 30.0 57.69 35.0 2 89,
88 0 57.69 30.0 62.5 35.0 2 90,
89 0 62.5 30.0 67.31 35.0 2 91,
90 0 67.31 30.0 72.12 35.0 2 92,
91 0 72.12 30.0 76.92 35.0 2 93,
92 0 76.92 30.0 81.73 35.0 2 94,
93 0 81.73 30.0 86.54 35.0 2 95,
94 0 86.54 30.0 91.35 35.0 2 96,
95 0 91.35 30.0 96.15 35.0 2 97,
96 0 96.15 30.0 100.96 35.0 2 98,
97 0 100.96 30.0 105.77 35.0 2 99,
98 0 105.77 30.0 110.58 35.0 2 100,
99 0 110.58 30.0 115.38 35.0 2 101,
100 0 115.38 30.0 120.19 35.0 2 102,
101 0 120.19 30.0 125.0 35.0 2 103,
102 0 0.0 23.0 4.81 28.0 2 104,
103 0 4.81 23.0 9.62 28.0 2 105,
104 0 9.62 23.0 14.42 28.0 2 106,
105 0 14.42 23.0 19.23 28.0 2 107,
106 0 19.23 23.0 24.04 28.0 2 108,
107 0 24.04 23.0 28.85 28.0 2 109,
108 0 28.85 23.0 33.65 28.0 2 110,
109 0 33.65 23.0 38.46 28.0 2 111,
110 0 38.46 23.0 43.27 28.0 2 112,
111 0 43.27 23.0 48.08 28.0 2 113,
112 0 48.08 23.0 52.88 28.0 2 114,
113 0 52.88 23.0 57.69 28.0 2 115,
114 1 57.69 23.0 62.5 28.0 2 116,1338,
115 0 62.5 23.0 67.31 28.0 2 117,
116 0 67.31 23.0 72.12 28.0 2 118,
117 1 72.12 23.0 76.92 28.0 2 119,1339,
118 0 76.92 23.0 81.73 28.0 2 120,
119 0 81.73 23.0 86.54 28.0 2 121,
120 0 86.54 23.0 91.35 28.0 2 122,
121 0 91.35 23.0 96.15 28.0 2 123,
122 0 96.15 23.0 100.96 28.0 2 124,
123 0 100.96 23.0 105.77 28.0 2 125,
124 0 105.77 23.0 110.58 28.0 2 126,
125 0 110.58 23.0 115.38 28.0 2 127,
126 0 115.38 23.0 120.19 28.0 2 128,
127 0 120.19 23.0 125.0 28.0 2 129,
128 0 55.0 20.14 60.0 23.0 2 130,
129 0 55.0 17.29 60.0 20.14 2 131,
130 0 55.0 14.43 60.0 17.29 2 132,
131 0 55.0 11.57 60.0 14.43 2 133,
132 0 55.0 8.71 60.0 11.57 2 134,
133 0 55.0 5.86 60.0 8.71 2 135,
134 0 55.0 3.0 60.0 5.86 2 136,
135 0 62.0 20.14 67.0 23.0 2 137,
136 0 62.0 17.29 67.0 20.14 2 138,
137 0 62.0 14.43 67.0 17.29 2 139,
138 0 62.0 11.57 67.0 14.43 2 140,
139 0 62.0 8.71 67.0 11.57 2 141,
140 0 62.0 5.86 67.0 8.71 2 142,
141 0 62.0 3.0 67.0 5.86 2 143,
142 0 67.0 20.14 72.0 23.0 2 144,
143 0 67.0 17.29 72.0 20.14 2 145,
144 0 67.0 14.43 72.0 17.29 2 146,
145 0 67.0 11.57 72.0 14.43 2 147,
146 0 67.0 8.71 72.0 11.57 2 148,
147 0 67.0 5.86 72.0 8.71 2 149,
148 0 67.0 3.0 72.0 5.86 2 150,
149 0 74.0 20.14 79.0 23.0 2 151,
150 0 74.0 17.29 79.0 20.14 2 152,
151 0 74.0 14.43 79.0 17.29 2 153,
152 0 74.0 11.57 79.0 14.43 2 154,
153 0 74.0 8.71 79.0 11.57 2 155,
154 0 74.0 5.86 79.0 8.71 2 156,
155 0 74.0 3.0 79.0 5.86 2 157,
156 0 0.0 30.0 4.81 35.0 3 158,
157 0 4.81 30.0 9.62 35.0 3 159,
158 0 9.62 30.0 14.42 35.0 3 160,
159 0 14.42 30.0 19.23 35.0 3 161,
160 0 19.23 30.0 24.04 35.0 3 162,
161 0 24.04 30.0 28.85 35.0 3 163,
162 0 28.85 30.0 33.65 35.0 3 164,
163 0 33.65 30.0 38.46 35.0 3 165,
164 0 38.46 30.0 43.27 35.0 3 166,
165 0 43.27 30.0 48.08 35.0 3 167,
166 0 48.08 30.0 52.88 35.0 3 168,
167 0 52.88 30.0 57.69 35.0 3 169,
168 0 57.69 30.0 62.5 35.0 3 170,
169 0 62.5 30.0 67.31 35.0 3 171,
170 0 67.31 30.0 72.12 35.0 3 172,
171 0 72.12 30.0 76.92 35.0 3 173,
172 0 76.92 30.0 81.73 35.0 3 174,
173 0 81.73 30.0 86.54 35.0 3 175,
174 0 86.54 30.0 91.35 35.0 3 176,
175 0 91.35 30.0 96.15 35.0 3 177,
176 0 96.15 30.0 100.96 35.0 3 178,
177 0 100.96 30.0 105.77 35.0 3 179,
178 0 105.77 30.0 110.58 35.0 3 180,
179 0 110.58 30.0 115.38 35.0 3 181,
180 0 115.38 30.0 120.19 35.0 3 182,
181 0 120.19 30.0 125.0 35.0 3 183,
182 0 0.0 23.0 4.81 28.0 3 184,
183 0 4.81 23.0 9.62 28.0 3 185,
184 0 9.62 23.0 14.42 28.0 3 186,
185 0 14.42 23.0 19.23 28.0 3 187,
186 0 19.23 23.0 24.04 28.0 3 188,
187 0 24.04 23.0 28.85 28.0 3 189,
188 0 28.85 23.0 33.65 28.0 3 190,
189 0 33.65 23.0 38.46 28.0 3 191,
190 0 38.46 23.0 43.27 28.0 3 192,
191 0 43.27 23.0 48.08 28.0 3 193,
192 0 48.08 23.0 52.88 28.0 3 194,
193 0 52.88 23.0 57.69 28.0 3 195,
194 1 57.69 23.0 62.5 28.0 3 196,1340,
195 0 62.5 23.0 67.31 28.0 3 197,
196 0 67.31 23.0 72.12 28.0 3 198,
197 1 72.12 23.0 76.92 28.0 3 199,1341,
198 0 76.92 23.0 81.73 28.0 3 200,
199 0 81.73 23.0 86.54 28.0 3 201,
200 0 86.54 23.0 91.35 28.0 3 202,
201 0 91.35 23.0 96.15 28.0 3 203,
202 0 96.15 23.0 100.96 28.0 3 204,
203 0 100.96 23.0 105.77 28.0 3 205,
204 0 105.77 23.0 110.58 28.0 3 206,
205 0 110.58 23.0 115.38 28.0 3 207,
206 0 115.38 23.0 120.19 28.0 3 208,
207 0 120.19 23.0 125.0 28.0 3 209,
208 0 55.0 20.14 60.0 23.0 3 210,
209 0 55.0 17.29 60.0 20.14 3 211,
210 0 55.0 14.43 60.0 17.29 3 212,
211 0 55.0 11.57 60.0 14.43 3 213,
212 0 55.0 8.71 60.0 11.57 3 214,
213 0 55.0 5.86 60.0 8.71 3 215,
214 0 55.0 3.0 60.0 5.86 3 216,
215 0 62.0 20.14 67.0 23.0 3 217,
216 0 62.0 17.29 67.0 20.14 3 218,
217 0 62.0 14.43 67.0 17.29 3 219,
218 0 62.0 11.57 67.0 14.43 3 220,
219 0 62.0 8.71 67.0 11.57 3 221,
220 0 62.0 5.86 67.0 8.71 3 222,
221 0 62.0 3.0 67.0 5.86 3 223,
222 0 67.0 20.14 72.0 23.0 3 224,
223 0 67.0 17.29 72.0 20.14 3 225,
224 0 67.0 14.43 72.0 17.29 3 226,
225 0 67.0 11.57 72.0 14.43 3 227,
226 0 67.0 8.71 72.0 11.57 3 228,
227 0 67.0 5.86 72.0 8.71 3 229,
228 0 67.0 3.0 72.0 5.86 3 230,
229 0 74.0 20.14 79.0 23.0 3 231,
230 0 74.0 17.29 79.0 20.14 3 232,
231 0 74.0 14.43 79.0 17.29 3 233,
232 0 74.0 11.57 79.0 14.43 3 234,
233 0 74.0 8.71 79.0 11.57 3 235,
234 0 74.0 5.86 79.0 8.71 3 236,
235 0 74.0 3.0 79.0 5.86 3 237,
236 0 0.0 30.0 4.81 35.0 4 238,
237 0 4.81 30.0 9.62 35.0 4 239,
238 0 9.62 30.0 14.42 35.0 4 240,
239 0 14.42 30.0 19.23 35.0 4 241,
240 0 19.23 30.0 24.04 35.0 4 242,
241 0 24.04 30.0 28.85 35.0 4 243,
242 0 28.85 30.0 33.65 35.0 4 244,
243 0 33.65 30.0 38.46 35.0 4 245,
244 0 38.46 30.0 43.27 35.0 4 246,
245 0 43.27 30.0 48.08 35.0 4 247,
246 0 48.08 30.0 52.88 35.0 4 248,
247 0 52.88 30.0 57.69 35.0 4 249,
248 0 57.69 30.0 62.5 35.0 4 250,
249 0 62.5 30.0 67.31 35.0 4 251,
250 0 67.31 30.0 72.12 35.0 4 252,
251 0 72.12 30.0 76.92 35.0 4 253,
252 0 76.92 30.0 81.73 35.0 4 254,
253 0 81.73 30.0 86.54 35.0 4 255,
254 0 86.54 30.0 91.35 35.0 4 256,
255 0 91.35 30.0 96.15 35.0 4 257,
256 0 96.15 30.0 100.96 35.0 4 258,
257 0 100.96 30.0 105.77 35.0 4 259,
258 0 105.77 30.0 110.58 35.0 4 260,
259 0 110.58 30.0 115.38 35.0 4 261,
260 0 115.38 30.0 120.19 35.0 4 262,
261 0 120.19 30.0 125.0 35.0 4 263,
262 0 0.0 23.0 4.81 28.0 4 264,
263 0 4.81 23.0 9.62 28.0 4 265,
264 0 9.62 23.0 14.42 28.0 4 266,
265 0 14.42 23.0 19.23 28.0 4 267,
266 0 19.23 23.0 24.04 28.0 4 268,
267 0 24.04 23.0 28.85 28.0 4 269,
268 0 28.85 23.0 33.65 28.0 4 270,
269 0 33.65 23.0 38.46 28.0 4 271,
270 0 38.46 23.0 43.27 28.0 4 272,
271 0 43.27 23.0 48.08 28.0 4 273,
272 0 48.08 23.0 52.88 28.0 4 274,
273 0 52.88 23.0 57.69 28.0 4 275,
274 1 57.69 23.0 62.5 28.0 4 276,1342,
275 0 62.5 23.0 67.31 28.0 4 277,
276 0 67.31 23.0 72.12 28.0 4 278,
277 1 72.12 23.0 76.92 28.0 4 279,1343,
278 0 76.92 23.0 81.73 28.0 4 280,
279 0 81.73 23.0 86.54 28.0 4 281,
280 0 86.54 23.0 91.35 28.0 4 282,
281 0 91.35 23.0 96.15 28.0 4 283,
282 0 96.15 23.0 100.96 28.0 4 284,
283 0 100.96 23.0 105.77 28.0 4 285,
284 0 105.77 23.0 110.58 28.0 4 286,
285 0 110.58 23.0 115.38 28.0 4 287,
286 0 115.38 23.0 120.19 28.0 4 288,
287 0 120.19 23.0 125.0 28.0 4 289,
288 0 55.0 20.14 60.0 23.0 4 290,
289 0 55.0 17.29 60.0 20.14 4 291,
290 0 55.0 14.43 60.0 17.29 4 292,
291 0 55.0 11.57 60.0 14.43 4 293,
292 0 55.0 8.71 60.0 11.57 4 294,
293 0 55.0 5.86 60.0 8.71 4 295,
294 0 55.0 3.0 60.0 5.86 4 296,
295 0 62.0 20.14 67.0 23.0 4 297,
296 0 62.0 17.29 67.0 20.14 4 298,
297 0 62.0 14.43 67.0 17.29 4 299,
298 0 62.0 11.57 67.0 14.43 4 300,
299 0 62.0 8.71 67.0 11.57 4 301,
300 0 62.0 5.86 67.0 8.71 4 302,
301 0 62.0 3.0 67.0 5.86 4 303,
302 0 67.0 20.14 72.0 23.0 4 304,
303 0 67.0 17.29 72.0 20.14 4 305,
304 0 67.0 14.43 72.0 17.29 4 306,
305 0 67.0 11.57 72.0 14.43 4 307,
306 0 67.0 8.71 72.0 11.57 4 308,
307 0 67.0 5.86 72.0 8.71 4 309,
308 0 67.0 3.0 72.0 5.86 4 310,
309 0 74.0 20.14 79.0 23.0 4 311,
310 0 74.0 17.29 79.0 20.14 4 312,
311 0 74.0 14.43 79.0 17.29 4 313,
312 0 74.0 11.57 79.0 14.43 4 314,
313 0 74.0 8.71 79.0 11.57 4 315,
314 0 74.0 5.86 79.0 8.71 4 316,
315 0 74.0 3.0 79.0 5.86 4 317,
316 0 0.0 30.0 4.81 35.0 5 318,
317 0 4.81 30.0 9.62 35.0 5 319,
318 0 9.62 30.0 14.42 35.0 5 320,
319 0 14.42 30.0 19.23 35.0 5 321,
320 0 19.23 30.0 24.04 35.0 5 322,
321 0 24.04 30.0 28.85 35.0 5 323,
322 0 28.85 30.0 33.65 35.0 5 324,
323 0 33.65 30.0 38.46 35.0 5 325,
324 0 38.46 30.0 43.27 35.0 5 326,
325 0 43.27 30.0 48.08 35.0 5 327,
326 0 48.08 30.0 52.88 35.0 5 328,
327 0 52.88 30.0 57.69 35.0 5 329,
328 0 57.69 30.0 62.5 35.0 5 330,
329 0 62.5 30.0 67.31 35.0 5 331,
330 0 67.31 30.0 72.12 35.0 5 332,
331 0 72.12 30.0 76.92 35.0 5 333,
332 0 76.92 30.0 81.73 35.0 5 334,
333 0 81.73 30.0 86.54 35.0 5 335,
334 0 86.54 30.0 91.35 35.0 5 336,
335 0 91.35 30.0 96.15 35.0 5 337,
336 0 96.15 30.0 100.96 35.0 5 338,
337 0 100.96 30.0 105.77 35.0 5 339,
338 0 105.77 30.0 110.58 35.0 5 340,
339 0 110.58 30.0 115.38 35.0 5 341,
340 0 115.38 30.0 120.19 35.0 5 342,
341 0 120.19 30.0 125.0 35.0 5 343,
342 0 0.0 23.0 4.81 28.0 5 344,
343 0 4.81 23.0 9.62 28.0 5 345,
344 0 9.62 23.0 14.42 28.0 5 346,
345 0 14.42 23.0 19.23 28.0 5 347,
346 0 19.23 23.0 24.04 28.0 5 348,
347 0 24.04 23.0 28.85 28.0 5 349,
348 0 28.85 23.0 33.65 28.0 5 350,
349 0 33.65 23.0 38.46 28.0 5 351,
350 0 38.46 23.0 43.27 28.0 5 352,
351 0 43.27 23.0 48.08 28.0 5 353,
352 0 48.08 23.0 52.88 28.0 5 354,
353 0 52.88 23.0 57.69 28.0 5 355,
354 1 57.69 23.0 62.5 28.0 5 356,1344,
355 0 62.5 23.0 67.31 28.0 5 357,
356 0 67.31 23.0 72.12 28.0 5 358,
357 1 72.12 23.0 76.92 28.0 5 359,1345,
358 0 76.92 23.0 81.73 28.0 5 360,
359 0 81.73 23.0 86.54 28.0 5 361,
360 0 86.54 23.0 91.35 28.0 5 362,
361 0 91.35 23.0 96.15 28.0 5 363,
362 0 96.15 23.0 100.96 28.0 5 364,
363 0 100.96 23.0 105.77 28.0 5 365,
364 0 105.77 23.0 110.58 28.0 5 366,
365 0 110.58 23.0 115.38 28.0 5 367,
366 0 115.38 23.0 120.19 28.0 5 368,
367 0 120.19 23.0 125.0 28.0 5 369,
368 0 55.0 20.14 60.0 23.0 5 370,
369 0 55.0 17.29 60.0 20.14 5 371,
370 0 55.0 14.43 60.0 17.29 5 372,
371 0 55.0 11.57 60.0 14.43 5 373,
372 0 55.0 8.71 60.0 11.57 5 374,
373 0 55.0 5.86 60.0 8.71 5 375,
374 0 55.0 3.0 60.0 5.86 5 376,
375 0 62.0 20.14 67.0 23.0 5 377,
376 0 62.0 17.29 67.0 20.14 5 378,
377 0 62.0 14.43 67.0 17.29 5 379,
378 0 62.0 11.57 67.0 14.43 5 380,
379 0 62.0 8.71 67.0 11.57 5 381,
380 0 62.0 5.86 67.0 8.71 5 382,
381 0 62.0 3.0 67.0 5.86 5 383,
382 0 67.0 20.14 72.0 23.0 5 384,
383 0 67.0 17.29 72.0 20.14 5 385,
384 0 67.0 14.43 72.0 17.29 5 386,
385 0 67.0 11.57 72.0 14.43 5 387,
386 0 67.0 8.71 72.0 11.57 5 388,
387 0 67.0 5.86 72.0 8.71 5 389,
388 0 67.0 3.0 72.0 5.86 5 390,
389 0 74.0 20.14 79.0 23.0 5 391,
390 0 74.0 17.29 79.0 20.14 5 392,
391 0 74.0 14.43 79.0 17.29 5 393,
392 0 74.0 11.57 79.0 14.43 5 394,
393 0 74.0 8.71 79.0 11.57 5 395,
394 0 74.0 5.86 79.0 8.71 5 396,
395 0 74.0 3.0 79.0 5.86 5 397,
396 0 0.0 30.0 4.81 35.0 6 398,
397 0 4.81 30.0 9.62 35.0 6 399,
398 0 9.62 30.0 14.42 35.0 6 400,
399 0 14.42 30.0 19.23 35.0 6 401,
400 0 19.23 30.0 24.04 35.0 6 402,
401 0 24.04 30.0 28.85 35.0 6 403,
402 0 28.85 30.0 33.65 35.0 6 404,
403 0 33.65 30.0 38.46 35.0 6 405,
404 0 38.46 30.0 43.27 35.0 6 406,
405 0 43.27 30.0 48.08 35.0 6 407,
406 0 48.08 30.0 52.88 35.0 6 408,
407 0 52.88 30.0 57.69 35.0 6 409,
408 0 57.69 30.0 62.5 35.0 6 410,
409 0 62.5 30.0 67.31 35.0 6 411,
410 0 67.31 30.0 72.12 35.0 6 412,
411 0 72.12 30.0 76.92 35.0 6 413,
412 0 76.92 30.0 81.73 35.0 6 414,
413 0 81.73 30.0 86.54 35.0 6 415,
414 0 86.54 30.0 91.35 35.0 6 416,
415 0 91.35 30.0 96.15 35.0 6 417,
416 0 96.15 30.0 100.96 35.0 6 418,
417 0 100.96 30.0 105.77 35.0 6 419,
418 0 105.77 30.0 110.58 35.0 6 420,
419 0 110.58 30.0 115.38 35.0 6 421,
420 0 115.38 30.0 120.19 35.0 6 422,
421 0 120.19 30.0 125.0 35.0 6 423,
422 0 0.0 23.0 4.81 28.0 6 424,
423 0 4.81 23.0 9.62 28.0 6 425,
424 0 9.62 23.0 14.42 28.0 6 426,
425 0 14.42 23.0 19.23 28.0 6 427,
426 0 19.23 23.0 24.04 28.0 6 428,
427 0 24.04 23.0 28.85 28.0 6 429,
428 0 28.85 23.0 33.65 28.0 6 430,
429 0 33.65 23.0 38.46 28.0 6 431,
430 0 38.46 23.0 43.27 28.0 6 432,
431 0 43.27 23.0 48.08 28.0 6 433,
432 0 48.08 23.0 52.88 28.0 6 434,
433 0 52.88 23.0 57.69 28.0 6 435,
434 1 57.69 23.0 62.5 28.0 6 436,1346,
435 0 62.5 23.0 67.31 28.0 6 437,
436 0 67.31 23.0 72.12 28.0 6 438,
437 1 72.12 23.0 76.92 28.0 6 439,1347,
438 0 76.92 23.0 81.73 28.0 6 440,
439 0 81.73 23.0 86.54 28.0 6 441,
440 0 86.54 23.0 91.35 28.0 6 442,
441 0 91.35 23.0 96.15 28.0 6 443,
442 0 96.15 23.0 100.96 28.0 6 444,
443 0 100.96 23.0 105.77 28.0 6 445,
444 0 105.77 23.0 110.58 28.0 6 446,
445 0 110.58 23.0 115.38 28.0 6 447,
446 0 115.38 23.0 120.19 28.0 6 448,
447 0 120.19 23.0 125.0 28.0 6 449,
448 0 55.0 20.14 60.0 23.0 6 450,
449 0 55.0 17.29 60.0 20.14 6 451,
450 0 55.0 14.43 60.0 17.29 6 452,
451 0 55.0 11.57 60.0 14.43 6 453,
452 0 55.0 8.71 60.0 11.57 6 454,
453 0 55.0 5.86 60.0 8.71 6 455,
454 0 55.0 3.0 60.0 5.86 6 456,
455 0 62.0 20.14 67.0 23.0 6 457,
456 0 62.0 17.29 67.0 20.14 6 458,
457 0 62.0 14.43 67.0 17.29 6 459,
458 0 62.0 11.57 67.0 14.43 6 460,
459 0 62.0 8.71 67.0 11.57 6 461,
460 0 62.0 5.86 67.0 8.71 6 462,
461 0 62.0 3.0 67.0 5.86 6 463,
462 0 67.0 20.14 72.0 23.0 6 464,
463 0 67.0 17.29 72.0 20.14 6 465,
464 0 67.0 14.43 72.0 17.29 6 466,
465 0 67.0 11.57 72.0 14.43 6 467,
466 0 67.0 8.71 72.0 11.57 6 468,
467 0 67.0 5.86 72.0 8.71 6 469,
468 0 67.0 3.0 72.0 5.86 6 470,
469 0 74.0 20.14 79.0 23.0 6 471,
470 0 74.0 17.29 79.0 20.14 6 472,
471 0 74.0 14.43 79.0 17.29 6 473,
472 0 74.0 11.57 79.0 14.43 6 474,
473 0 74.0 8.71 79.0 11.57 6 475,
474 0 74.0 5.86 79.0 8.71 6 476,
475 0 74.0 3.0 79.0 5.86 6 477,
476 0 0.0 30.0 4.81 35.0 7 478,
477 0 4.81 30.0 9.62 35.0 7 479,
478 0 9.62 30.0 14.42 35.0 7 480,
479 0 14.42 30.0 19.23 35.0 7 481,
480 0 19.23 30.0 24.04 35.0 7 482,
481 0 24.04 30.0 28.85 35.0 7 483,
482 0 28.85 30.0 33.65 35.0 7 484,
483 0 33.65 30.0 38.46 35.0 7 485,
484 0 38.46 30.0 43.27 35.0 7 486,
485 0 43.27 30.0 48.08 35.0 7 487,
486 0 48.08 30.0 52.88 35.0 7 488,
487 0 52.88 30.0 57.69 35.0 7 489,
488 0 57.69 30.0 62.5 35.0 7 490,
489 0 62.5 30.0 67.31 35.0 7 491,
490 0 67.31 30.0 72.12 35.0 7 492,
491 0 72.12 30.0 76.92 35.0 7 493,
492 0 76.92 30.0 81.73 35.0 7 494,
493 0 81.73 30.0 86.54 35.0 7 495,
494 0 86.54 30.0 91.35 35.0 7 496,
495 0 91.35 30.0 96.15 35.0 7 497,
496 0 96.15 30.0 100.96 35.0 7 498,
497 0 100.96 30.0 105.77 35.0 7 499,
498 0 105.77 30.0 110.58 35.0 7 500,
499 0 110.58 30.0 115.38 35.0 7 501,
500 0 115.38 30.0 120.19 35.0 7 502,
501 0 120.19 30.0 125.0 35.0 7 503,
502 0 0.0 23.0 4.81 28.0 7 504,
503 0 4.81 23.0 9.62 28.0 7 505,
504 0 9.62 23.0 14.42 28.0 7 506,
505 0 14.42 23.0 19.23 28.0 7 507,
506 0 19.23 23.0 24.04 28.0 7 508,
507 0 24.04 23.0 28.85 28.0 7 509,
508 0 28.85 23.0 33.65 28.0 7 510,
509 0 33.65 23.0 38.46 28.0 7 511,
510 0 38.46 23.0 43.27 28.0 7 512,
511 0 43.27 23.0 48.08 28.0 7 513,
512 0 48.08 23.0 52.88 28.0 7 514,
513 0 52.88 23.0 57.69 28.0 7 515,
514 1 57.69 23.0 62.5 28.0 7 516,1348,
515 0 62.5 23.0 67.31 28.0 7 517,
516 0 67.31 23.0 72.12 28.0 7 518,
517 1 72.12 23.0 76.92 28.0 7 519,1349,
518 0 76.92 23.0 81.73 28.0 7 520,
519 0 81.73 23.0 86.54 28.0 7 521,
520 0 86.54 23.0 91.35 28.0 7 522,
521 0 91.35 23.0 96.15 28.0 7 523,
522 0 96.15 23.0 100.96 28.0 7 524,
523 0 100.96 23.0 105.77 28.0 7 525,
524 0 105.77 23.0 110.58 28.0 7 526,
525 0 110.58 23.0 115.38 28.0 7 527,
526 0 115.38 23.0 120.19 28.0 7 528,
527 0 120.19 23.0 125.0 28.0 7 529,
528 0 55.0 20.14 60.0 23.0 7 530,
529 0 55.0 17.29 60.0 20.14 7 531,
530 0 55.0 14.43 60.0 17.29 7 532,
531 0 55.0 11.57 60.0 14.43 7 533,
532 0 55.0 8.71 60.0 11.57 7 534,
533 0 55.0 5.86 60.0 8.71 7 535,
534 0 55.0 3.0 60.0 5.86 7 536,
535 0 62.0 20.14 67.0 23.0 7 537,
536 0 62.0 17.29 67.0 20.14 7 538,
537 0 62.0 14.43 67.0 17.29 7 539,
538 0 62.0 11.57 67.0 14.43 7 540,
539 0 62.0 8.71 67.0 11.57 7 541,
540 0 62.0 5.86 67.0 8.71 7 542,
541 0 62.0 3.0 67.0 5.86 7 543,
542 0 67.0 20.14 72.0 23.0 7 544,
543 0 67.0 17.29 72.0 20.14 7 545,
544 0 67.0 14.43 72.0 17.29 7 546,
545 0 67.0 11.57 72.0 14.43 7 547,
546 0 67.0 8.71 72.0 11.57 7 548,
547 0 67.0 5.86 72.0 8.71 7 549,
548 0 67.0 3.0 72.0 5.86 7 550,
549 0 74.0 20.14 79.0 23.0 7 551,
550 0 74.0 17.29 79.0 20.14 7 552,
551 0 74.0 14.43 79.0 17.29 7 553,
552 0 74.0 11.57 79.0 14.43 7 554,
553 0 74.0 8.71 79.0 11.57 7 555,
554 0 74.0 5.86 79.0 8.71 7 556,
555 0 74.0 3.0 79.0 5.86 7 557,
556 0 0.0 30.0 4.81 35.0 8 558,
557 0 4.81 30.0 9.62 35.0 8 559,
558 0 9.62 30.0 14.42 35.0 8 560,
559 0 14.42 30.0 19.23 35.0 8 561,
560 0 19.23 30.0 24.04 35.0 8 562,
561 0 24.04 30.0 28.85 35.0 8 563,
562 0 28.85 30.0 33.65 35.0 8 564,
563 0 33.65 30.0 38.46 35.0 8 565,
564 0 38.46 30.0 43.27 35.0 8 566,
565 0 43.27 30.0 48.08 35.0 8 567,
566 0 48.08 30.0 52.88 35.0 8 568,
567 0 52.88 30.0 57.69 35.0 8 569,
568 0 57.69 30.0 62.5 35.0 8 570,
569 0 62.5 30.0 67.31 35.0 8 571,
570 0 67.31 30.0 72.12 35.0 8 572,
571 0 72.12 30.0 76.92 35.0 8 573,
572 0 76.92 30.0 81.73 35.0 8 574,
573 0 81.73 30.0 86.54 35.0 8 575,
574 0 86.54 30.0 91.35 35.0 8 576,
575 0 91.35 30.0 96.15 35.0 8 577,
576 0 96.15 30.0 100.96 35.0 8 578,
577 0 100.96 30.0 105.77 35.0 8 579,
578 0 105.77 30.0 110.58 35.0 8 580,
579 0 110.58 30.0 115.38 35.0 8 581,
580 0 115.38 30.0 120.19 35.0 8 582,
581 0 120.19 30.0 125.0 35.0 8 583,
582 0 0.0 23.0 4.81 28.0 8 584,
583 0 4.81 23.0 9.62 28.0 8 585,
584 0 9.62 23.0 14.42 28.0 8 586,
585 0 14.42 23.0 19.23 28.0 8 587,
586 0 19.23 23.0 24.04 28.0 8 588,
587 0 24.04 23.0 28.85 28.0 8 589,
588 0 28.85 23.0 33.65 28.0 8 590,
589 0 33.65 23.0 38.46 28.0 8 591,
590 0 38.46 23.0 43.27 28.0 8 592,
591 0 43.27 23.0 48.08 28.0 8 593,
592 0 48.08 23.0 52.88 28.0 8 594,
593 0 52.88 23.0 57.69 28.0 8 595,
594 1 57.69 23.0 62.5 28.0 8 596,1350,
595 0 62.5 23.0 67.31 28.0 8 597,
596 0 67.31 23.0 72.12 28.0 8 598,
597 1 72.12 23.0 76.92 28.0 8 599,1351,
598 0 76.92 23.0 81.73 28.0 8 600,
599 0 81.73 23.0 86.54 28.0 8 601,
600 0 86.54 23.0 91.35 28.0 8 602,
601 0 91.35 23.0 96.15 28.0 8 603,
602 0 96.15 23.0 100.96 28.0 8 604,
603 0 100.96 23.0 105.77 28.0 8 605,
604 0 105.77 23.0 110.58 28.0 8 606,
605 0 110.58 23.0 115.38 28.0 8 607,
606 0 115.38 23.0 120.19 28.0 8 608,
607 0 120.19 23.0 125.0 28.0 8 609,
608 0 55.0 20.14 60.0 23.0 8 610,
609 0 55.0 17.29 60.0 20.14 8 611,
610 0 55.0 14.43 60.0 17.29 8 612,
611 0 55.0 11.57 60.0 14.43 8 613,
612 0 55.0 8.71 60.0 11.57 8 614,
613 0 55.0 5.86 60.0 8.71 8 615,
614 0 55.0 3.0 60.0 5.86 8 616,
615 0 62.0 20.14 67.0 23.0 8 617,
616 0 62.0 17.29 67.0 20.14 8 618,
617 0 62.0 14.43 67.0 17.29 8 619,
618 0 62.0 11.57 67.0 14.43 8 620,
619 0 62.0 8.71 67.0 11.57 8 621,
620 0 62.0 5.86 67.0 8.71 8 622,
621 0 62.0 3.0 67.0 5.86 8 623,
622 0 67.0 20.14 72.0 23.0 8 624,
623 0 67.0 17.29 72.0 20.14 8 625,
624 0 67.0 14.43 72.0 17.29 8 626,
625 0 67.0 11.57 72.0 14.43 8 627,
626 0 67.0 8.71 72.0 11.57 8 628,
627 0 67.0 5.86 72.0 8.71 8 629,
628 0 67.0 3.0 72.0 5.86 8 630,
629 0 74.0 20.14 79.0 23.0 8 631,
630 0 74.0 17.29 79.0 20.14 8 632,
631 0 74.0 14.43 79.0 17.29 8 633,
632 0 74.0 11.57 79.0 14.43 8 634,
633 0 74.0 8.71 79.0 11.57 8 635,
634 0 74.0 5.86 79.0 8.71 8 636,
635 0 74.0 3.0 79.0 5.86 8 637,
636 0 0.0 30.0 4.81 35.0 9 638,
637 0 4.81 30.0 9.62 35.0 9 639,
638 0 9.62 30.0 14.42 35.0 9 640,
639 0 14.42 30.0 19.23 35.0 9 641,
640 0 19.23 30.0 24.04 35.0 9 642,
641 0 24.04 30.0 28.85 35.0 9 643,
642 0 28.85 30.0 33.65 35.0 9 644,
643 0 33.65 30.0 38.46 35.0 9 645,
644 0 38.46 30.0 43.27 35.0 9 646,
645 0 43.27 30.0 48.08 35.0 9 647,
646 0 48.08 30.0 52.88 35.0 9 648,
647 0 52.88 30.0 57.69 35.0 9 649,
648 0 57.69 30.0 62.5 35.0 9 650,
649 0 62.5 30.0 67.31 35.0 9 651,
650 0 67.31 30.0 72.12 35.0 9 652,
651 0 72.12 30.0 76.92 35.0 9 653,
652 0 76.92 30.0 81.73 35.0 9 654,
653 0 81.73 30.0 86.54 35.0 9 655,
654 0 86.54 30.0 91.35 35.0 9 656,
655 0 91.35 30.0 96.15 35.0 9 657,
656 0 96.15 30.0 100.96 35.0 9 658,
657 0 100.96 30.0 105.77 35.0 9 659,
658 0 105.77 30.0 110.58 35.0 9 660,
659 0 110.58 30.0 115.38 35.0 9 661,
660 0 115.38 30.0 120.19 35.0 9 662,
661 0 120.19 30.0 125.0 35.0 9 663,
662 0 0.0 23.0 4.81 28.0 9 664,
663 0 4.81 23.0 9.62 28.0 9 665,
664 0 9.62 23.0 14.42 28.0 9 666,
665 0 14.42 23.0 19.23 28.0 9 667,
666 0 19.23 23.0 24.04 28.0 9 668,
667 0 24.04 23.0 28.85 28.0 9 669,
668 0 28.85 23.0 33.65 28.0 9 670,
669 0 33.65 23.0 38.46 28.0 9 671,
670 0 38.46 23.0 43.27 28.0 9 672,
671 0 43.27 23.0 48.08 28.0 9 673,
672 0 48.08 23.0 52.88 28.0 9 674,
673 0 52.88 23.0 57.69 28.0 9 675,
674 1 57.69 23.0 62.5 28.0 9 676,1352,
675 0 62.5 23.0 67.31 28.0 9 677,
676 0 67.31 23.0 72.12 28.0 9 678,
677 1 72.12 23.0 76.92 28.0 9 679,1353,
678 0 76.92 23.0 81.73 28.0 9 680,
679 0 81.73 23.0 86.54 28.0 9 681,
680 0 86.54 23.0 91.35 28.0 9 682,
681 0 91.35 23.0 96.15 28.0 9 683,
682 0 96.15 23.0 100.96 28.0 9 684,
683 0 100.96 23.0 105.77 28.0 9 685,
684 0 105.77 23.0 110.58 28.0 9 686,
685 0 110.58 23.0 115.38 28.0 9 687,
686 0 115.38 23.0 120.19 28.0 9 688,
687 0 120.19 23.0 125.0 28.0 9 689,
688 0 55.0 20.14 60.0 23.0 9 690,
689 0 55.0 17.29 60.0 20.14 9 691,
690 0 55.0 14.43 60.0 17.29 9 692,
691 0 55.0 11.57 60.0 14.43 9 693,
692 0 55.0 8.71 60.0 11.57 9 694,
693 0 55.0 5.86 60.0 8.71 9 695,
694 0 55.0 3.0 60.0 5.86 9 696,
695 0 62.0 20.14 67.0 23.0 9 697,
696 0 62.0 17.29 67.0 20.14 9 698,
697 0 62.0 14.43 67.0 17.29 9 699,
698 0 62.0 11.57 67.0 14.43 9 700,
699 0 62.0 8.71 67.0 11.57 9 701,
700 0 62.0 5.86 67.0 8.71 9 702,
701 0 62.0 3.0 67.0 5.86 9 703,
702 0 67.0 20.14 72.0 23.0 9 704,
703 0 67.0 17.29 72.0 20.14 9 705,
704 0 67.0 14.43 72.0 17.29 9 706,
705 0 67.0 11.57 72.0 14.43 9 707,
706 0 67.0 8.71 72.0 11.57 9 708,
707 0 67.0 5.86 72.0 8.71 9 709,
708 0 67.0 3.0 72.0 5.86 9 710,
709 0 74.0 20.14 79.0 23.0 9 711,
710 0 74.0 17.29 79.0 20.14 9 712,
711 0 74.0 14.43 79.0 17.29 9 713,
712 0 74.0 11.57 79.0 14.43 9 714,
713 0 74.0 8.71 79.0 11.57 9 715,
714 0 74.0 5.86 79.0 8.71 9 716,
715 0 74.0 3.0 79.0 5.86 9 717,
716 0 0.0 30.0 4.81 35.0 10 718,
717 0 4.81 30.0 9.62 35.0 10 719,
718 0 9.62 30.0 14.42 35.0 10 720,
719 0 14.42 30.0 19.23 35.0 10 721,
720 0 19.23 30.0 24.04 35.0 10 722,
721 0 24.04 30.0 28.85 35.0 10 723,
722 0 28.85 30.0 33.65 35.0 10 724,
723 0 33.65 30.0 38.46 35.0 10 725,
724 0 38.46 30.0 43.27 35.0 10 726,
725 0 43.27 30.0 48.08 35.0 10 727,
726 0 48.08 30.0 52.88 35.0 10 728,
727 0 52.88 30.0 57.69 35.0 10 729,
728 0 57.69 30.0 62.5 35.0 10 730,
729 0 62.5 30.0 67.31 35.0 10 731,
730 0 67.31 30.0 72.12 35.0 10 732,
731 0 72.12 30.0 76.92 35.0 10 733,
732 0 76.92 30.0 81.73 35.0 10 734,
733 0 81.73 30.0 86.54 35.0 10 735,
734 0 86.54 30.0 91.35 35.0 10 736,
735 0 91.35 30.0 96.15 35.0 10 737,
736 0 96.15 30.0 100.96 35.0 10 738,
737 0 100.96 30.0 105.77 35.0 10 739,
738 0 105.77 30.0 110.58 35.0 10 740,
739 0 110.58 30.0 115.38 35.0 10 741,
740 0 115.38 30.0 120.19 35.0 10 742,
741 0 120.19 30.0 125.0 35.0 10 743,
742 0 0.0 23.0 4.81 28.0 10 744,
743 0 4.81 23.0 9.62 28.0 10 745,
744 0 9.62 23.0 14.42 28.0 10 746,
745 0 14.42 23.0 19.23 28.0 10 747,
746 0 19.23 23.0 24.04 28.0 10 748,
747 0 24.04 23.0 28.85 28.0 10 749,
748 0 28.85 23.0 33.65 28.0 10 750,
749 0 33.65 23.0 38.46 28.0 10 751,
750 0 38.46 23.0 43.27 28.0 10 752,
751 0 43.27 23.0 48.08 28.0 10 753,
752 0 48.08 23.0 52.88 28.0 10 754,
753 0 52.88 23.0 57.69 28.0 10 755,
754 1 57.69 23.0 62.5 28.0 10 756,1354,
755 0 62.5 23.0 67.31 28.0 10 757,
756 0 67.31 23.0 72.12 28.0 10 758,
757 1 72.12 23.0 76.92 28.0 10 759,1355,
758 0 76.92 23.0 81.73 28.0 10 760,
759 0 81.73 23.0 86.54 28.0 10 761,
760 0 86.54 23.0 91.35 28.0 10 762,
761 0 91.35 23.0 96.15 28.0 10 763,
762 0 96.15 23.0 100.96 28.0 10 764,
763 0 100.96 23.0 105.77 28.0 10 765,
764 0 105.77 23.0 110.58 28.0 10 766,
765 0 110.58 23.0 115.38 28.0 10 767,
766 0 115.38 23.0 120.19 28.0 10 768,
767 0 120.19 23.0 125.0 28.0 10 769,
768 0 55.0 20.14 60.0 23.0 10 770,
769 0 55.0 17.29 60.0 20.14 10 771,
770 0 55.0 14.43 60.0 17.29 10 772,
771 0 55.0 11.57 60.0 14.43 10 773,
772 0 55.0 8.71 60.0 11.57 10 774,
773 0 55.0 5.86 60.0 8.71 10 775,
774 0 55.0 3.0 60.0 5.86 10 776,
775 0 62.0 20.14 67.0 23.0 10 777,
776 0 62.0 17.29 67.0 20.14 10 778,
777 0 62.0 14.43 67.0 17.29 10 779,
778 0 62.0 11.57 67.0 14.43 10 780,
779 0 62.0 8.71 67.0 11.57 10 781,
780 0 62.0 5.86 67.0 8.71 10 782,
781 0 62.0 3.0 67.0 5.86 10 783,
782 0 67.0 20.14 72.0 23.0 10 784,
783 0 67.0 17.29 72.0 20.14 10 785,
784 0 67.0 14.43 72.0 17.29 10 786,
785 0 67.0 11.57 72.0 14.43 10 787,
786 0 67.0 8.71 72.0 11.57 10 788,
787 0 67.0 5.86 72.0 8.71 10 789,
788 0 67.0 3.0 72.0 5.86 10 790,
789 0 74.0 20.14 79.0 23.0 10 791,
790 0 74.0 17.29 79.0 20.14 10 792,
791 0 74.0 14.43 79.0 17.29 10 793,
792 0 74.0 11.57 79.0 14.43 10 794,
793 0 74.0 8.71 79.0 11.57 10 795,
794 0 74.0 5.86 79.0 8.71 10 796,
795 0 74.0 3.0 79.0 5.86 10 797,
796 0 0.0 30.0 4.81 35.0 11 798,
797 0 4.81 30.0 9.62 35.0 11 799,
798 0 9.62 30.0 14.42 35.0 11 800,
799 0 14.42 30.0 19.23 35.0 11 801,
800 0 19.23 30.0 24.04 35.0 11 802,
801 0 24.04 30.0 28.85 35.0 11 803,
802 0 28.85 30.0 33.65 35.0 11 804,
803 0 33.65 30.0 38.46 35.0 11 805,
804 0 38.46 30.0 43.27 35.0 11 806,
805 0 43.27 30.0 48.08 35.0 11 807,
806 0 48.08 30.0 52.88 35.0 11 808,
807 0 52.88 30.0 57.69 35.0 11 809,
808 0 57.69 30.0 62.5 35.0 11 810,
809 0 62.5 30.0 67.31 35.0 11 811,
810 0 67.31 30.0 72.12 35.0 11 812,
811 0 72.12 30.0 76.92 35.0 11 813,
812 0 76.92 30.0 81.73 35.0 11 814,
813 0 81.73 30.0 86.54 35.0 11 815,
814 0 86.54 30.0 91.35 35.0 11 816,
815 0 91.35 30.0 96.15 35.0 11 817,
816 0 96.15 30.0 100.96 35.0 11 818,
817 0 100.96 30.0 105.77 35.0 11 819,
818 0 105.77 30.0 110.58 35.0 11 820,
819 0 110.58 30.0 115.38 35.0 11 821,
820 0 115.38 30.0 120.19 35.0 11 822,
821 0 120.19 30.0 125.0 35.0 11 823,
822 0 0.0 23.0 4.81 28.0 11 824,
823 0 4.81 23.0 9.62 28.0 11 825,
824 0 9.62 23.0 14.42 28.0 11 826,
825 0 14.42 23.0 19.23 28.0 11 827,
826 0 19.23 23.0 24.04 28.0 11 828,
827 0 24.04 23.0 28.85 28.0 11 829,
828 0 28.85 23.0 33.65 28.0 11 830,
829 0 33.65 23.0 38.46 28.0 11 831,
830 0 38.46 23.0 43.27 28.0 11 832,
831 0 43.27 23.0 48.08 28.0 11 833,
832 0 48.08 23.0 52.88 28.0 11 834,
833 0 52.88 23.0 57.69 28.0 11 835,
834 1 57.69 23.0 62.5 28.0 11 836,1356,
835 0 62.5 23.0 67.31 28.0 11 837,
836 0 67.31 23.0 72.12 28.0 11 838,
837 1 72.12 23.0 76.92 28.0 11 839,1357,
838 0 76.92 23.0 81.73 28.0 11 840,
839 0 81.73 23.0 86.54 28.0 11 841,
840 0 86.54 23.0 91.35 28.0 11 842,
841 0 91.35 23.0 96.15 28.0 11 843,
842 0 96.15 23.0 100.96 28.0 11 844,
843 0 100.96 23.0 105.77 28.0 11 845,
844 0 105.77 23.0 110.58 28.0 11 846,
845 0 110.58 23.0 115.38 28.0 11 847,
846 0 115.38 23.0 120.19 28.0 11 848,
847 0 120.19 23.0 125.0 28.0 11 849,
848 0 55.0 20.14 60.0 23.0 11 850,
849 0 55.0 17.29 60.0 20.14 11 851,
850 0 55.0 14.43 60.0 17.29 11 852,
851 0 55.0 11.57 60.0 14.43 11 853,
852 0 55.0 8.71 60.0 11.57 11 854,
853 0 55.0 5.86 60.0 8.71 11 855,
854 0 55.0 3.0 60.0 5.86 11 856,
855 0 62.0 20.14 67.0 23.0 11 857,
856 0 62.0 17.29 67.0 20.14 11 858,
857 0 62.0 14.43 67.0 17.29 11 859,
858 0 62.0 11.57 67.0 14.43 11 860,
859 0 62.0 8.71 67.0 11.57 11 861,
860 0 62.0 5.86 67.0 8.71 11 862,
861 0 62.0 3.0 67.0 5.86 11 863,
862 0 67.0 20.14 72.0 23.0 11 864,
863 0 67.0 17.29 72.0 20.14 11 865,
864 0 67.0 14.43 72.0 17.29 11 866,
865 0 67.0 11.57 72.0 14.43 11 867,
866 0 67.0 8.71 72.0 11.57 11 868,
867 0 67.0 5.86 72.0 8.71 11 869,
868 0 67.0 3.0 72.0 5.86 11 870,
869 0 74.0 20.14 79.0 23.0 11 871,
870 0 74.0 17.29 79.0 20.14 11 872,
871 0 74.0 14.43 79.0 17.29 11 873,
872 0 74.0 11.57 79.0 14.43 11 874,
873 0 74.0 8.71 79.0 11.57 11 875,
874 0 74.0 5.86 79.0 8.71 11 876,
875 0 74.0 3.0 79.0 5.86 11 877,
876 0 0.0 30.0 4.81 35.0 12 878,
877 0 4.81 30.0 9.62 35.0 12 879,
878 0 9.62 30.0 14.42 35.0 12 880,
879 0 14.42 30.0 19.23 35.0 12 881,
880 0 19.23 30.0 24.04 35.0 12 882,
881 0 24.04 30.0 28.85 35.0 12 883,
882 0 28.85 30.0 33.65 35.0 12 884,
883 0 33.65 30.0 38.46 35.0 12 885,
884 0 38.46 30.0 43.27 35.0 12 886,
885 0 43.27 30.0 48.08 35.0 12 887,
886 0 48.08 30.0 52.88 35.0 12 888,
887 0 52.88 30.0 57.69 35.0 12 889,
888 0 57.69 30.0 62.5 35.0 12 890,
889 0 62.5 30.0 67.31 35.0 12 891,
890 0 67.31 30.0 72.12 35.0 12 892,
891 0 72.12 30.0 76.92 35.0 12 893,
892 0 76.92 30.0 81.73 35.0 12 894,
893 0 81.73 30.0 86.54 35.0 12 895,
894 0 86.54 30.0 91.35 35.0 12 896,
895 0 91.35 30.0 96.15 35.0 12 897,
896 0 96.15 30.0 100.96 35.0 12 898,
897 0 100.96 30.0 105.77 35.0 12 899,
898 0 105.77 30.0 110.58 35.0 12 900,
899 0 110.58 30.0 115.38 35.0 12 901,
900 0 115.38 30.0 120.19 35.0 12 902,
901 0 120.19 30.0 125.0 35.0 12 903,
902 0 0.0 23.0 4.81 28.0 12 904,
903 0 4.81 23.0 9.62 28.0 12 905,
904 0 9.62 23.0 14.42 28.0 12 906,
905 0 14.42 23.0 19.23 28.0 12 907,
906 0 19.23 23.0 24.04 28.0 12 908,
907 0 24.04 23.0 28.85 28.0 12 909,
908 0 28.85 23.0 33.65 28.0 12 910,
909 0 33.65 23.0 38.46 28.0 12 911,
910 0 38.46 23.0 43.27 28.0 12 912,
911 0 43.27 23.0 48.08 28.0 12 913,
912 0 48.08 23.0 52.88 28.0 12 914,
913 0 52.88 23.0 57.69 28.0 12 915,
914 1 57.69 23.0 62.5 28.0 12 916,1358,
915 0 62.5 23.0 67.31 28.0 12 917,
916 0 67.31 23.0 72.12 28.0 12 918,
917 1 72.12 23.0 76.92 28.0 12 919,1359,
918 0 76.92 23.0 81.73 28.0 12 920,
919 0 81.73 23.0 86.54 28.0 12 921,
920 0 86.54 23.0 91.35 28.0 12 922,
921 0 91.35 23.0 96.15 28.0 12 923,
922 0 96.15 23.0 100.96 28.0 12 924,
923 0 100.96 23.0 105.77 28.0 12 925,
924 0 105.77 23.0 110.58 28.0 12 926,
925 0 110.58 23.0 115.38 28.0 12 927,
926 0 115.38 23.0 120.19 28.0 12 928,
927 0 120.19 23.0 125.0 28.0 12 929,
928 0 55.0 20.14 60.0 23.0 12 930,
929 0 55.0 17.29 60.0 20.14 12 931,
930 0 55.0 14.43 60.0 17.29 12 932,
931 0 55.0 11.57 60.0 14.43 12 933,
932 0 55.0 8.71 60.0 11.57 12 934,
933 0 55.0 5.86 60.0 8.71 12 935,
934 0 55.0 3.0 60.0 5.86 12 936,
935 0 62.0 20.14 67.0 23.0 12 937,
936 0 62.0 17.29 67.0 20.14 12 938,
937 0 62.0 14.43 67.0 17.29 12 939,
938 0 62.0 11.57 67.0 14.43 12 940,
939 0 62.0 8.71 67.0 11.57 12 941,
940 0 62.0 5.86 67.0 8.71 12 942,
941 0 62.0 3.0 67.0 5.86 12 943,
942 0 67.0 20.14 72.0 23.0 12 944,
943 0 67.0 17.29 72.0 20.14 12 945,
944 0 67.0 14.43 72.0 17.29 12 946,
945 0 67.0 11.57 72.0 14.43 12 947,
946 0 67.0 8.71 72.0 11.57 12 948,
947 0 67.0 5.86 72.0 8.71 12 949,
948 0 67.0 3.0 72.0 5.86 12 950,
949 0 74.0 20.14 79.0 23.0 12 951,
950 0 74.0 17.29 79.0 20.14 12 952,
951 0 74.0 14.43 79.0 17.29 12 953,
952 0 74.0 11.57 79.0 14.43 12 954,
953 0 74.0 8.71 79.0 11.57 12 955,
954 0 74.0 5.86 79.0 8.71 12 956,
955 0 74.0 3.0 79.0 5.86 12 957,
956 0 0.0 30.0 4.81 35.0 13 958,
957 0 4.81 30.0 9.62 35.0 13 959,
958 0 9.62 30.0 14.42 35.0 13 960,
959 0 14.42 30.0 19.23 35.0 13 961,
960 0 19.23 30.0 24.04 35.0 13 962,
961 0 24.04 30.0 28.85 35.0 13 963,
962 0 28.85 30.0 33.65 35.0 13 964,
963 0 33.65 30.0 38.46 35.0 13 965,
964 0 38.46 30.0 43.27 35.0 13 966,
965 0 43.27 30.0 48.08 35.0 13 967,
966 0 48.08 30.0 52.88 35.0 13 968,
967 0 52.88 30.0 57.69 35.0 13 969,
968 0 57.69 30.0 62.5 35.0 13 970,
969 0 62.5 30.0 67.31 35.0 13 971,
970 0 67.31 30.0 72.12 35.0 13 972,
971 0 72.12 30.0 76.92 35.0 13 973,
972 0 76.92 30.0 81.73 35.0 13 974,
973 0 81.73 30.0 86.54 35.0 13 975,
974 0 86.54 30.0 91.35 35.0 13 976,
975 0 91.35 30.0 96.15 35.0 13 977,
976 0 96.15 30.0 100.96 35.0 13 978,
977 0 100.96 30.0 105.77 35.0 13 979,
978 0 105.77 30.0 110.58 35.0 13 980,
979 0 110.58 30.0 115.38 35.0 13 981,
980 0 115.38 30.0 120.19 35.0 13 982,
981 0 120.19 30.0 125.0 35.0 13 983,
982 0 0.0 23.0 4.81 28.0 13 984,
983 0 4.81 23.0 9.62 28.0 13 985,
984 0 9.62 23.0 14.42 28.0 13 986,
985 0 14.42 23.0 19.23 28.0 13 987,
986 0 19.23 23.0 24.04 28.0 13 988,
987 0 24.04 23.0 28.85 28.0 13 989,
988 0 28.85 23.0 33.65 28.0 13 990,
989 0 33.65 23.0 38.46 28.0 13 991,
990 0 38.46 23.0 43.27 28.0 13 992,
991 0 43.27 23.0 48.08 28.0 13 993,
992 0 48.08 23.0 52.88 28.0 13 994,
993 0 52.88 23.0 57.69 28.0 13 995,
994 1 57.69 23.0 62.5 28.0 13 996,1360,
995 0 62.5 23.0 67.31 28.0 13 997,
996 0 67.31 23.0 72.12 28.0 13 998,
997 1 72.12 23.0 76.92 28.0 13 999,1361,
998 0 76.92 23.0 81.73 28.0 13 1000,
999 0 81.73 23.0 86.54 28.0 13 1001,
1000 0 86.54 23.0 91.35 28.0 13 1002,
1001 0 91.35 23.0 96.15 28.0 13 1003,
1002 0 96.15 23.0 100.96 28.0 13 1004,
1003 0 100.96 23.0 105.77 28.0 13 1005,
1004 0 105.77 23.0 110.58 28.0 13 1006,
1005 0 110.58 23.0 115.38 28.0 13 1007,
1006 0 115.38 23.0 120.19 28.0 13 1008,
1007 0 120.19 23.0 125.0 28.0 13 1009,
1008 0 55.0 20.14 60.0 23.0 13 1010,
1009 0 55.0 17.29 60.0 20.14 13 1011,
1010 0 55.0 14.43 60.0 17.29 13 1012,
1011 0 55.0 11.57 60.0 14.43 13 1013,
1012 0 55.0 8.71 60.0 11.57 13 1014,
1013 0 55.0 5.86 60.0 8.71 13 1015,
1014 0 55.0 3.0 60.0 5.86 13 1016,
1015 0 62.0 20.14 67.0 23.0 13 1017,
1016 0 62.0 17.29 67.0 20.14 13 1018,
1017 0 62.0 14.43 67.0 17.29 13 1019,
1018 0 62.0 11.57 67.0 14.43 13 1020,
1019 0 62.0 8.71 67.0 11.57 13 1021,
1020 0 62.0 5.86 67.0 8.71 13 1022,
1021 0 62.0 3.0 67.0 5.86 13 1023,
1022 0 67.0 20.14 72.0 23.0 13 1024,
1023 0 67.0 17.29 72.0 20.14 13 1025,
1024 0 67.0 14.43 72.0 17.29 13 1026,
1025 0 67.0 11.57 72.0 14.43 13 1027,
1026 0 67.0 8.71 72.0 11.57 13 1028,
1027 0 67.0 5.86 72.0 8.71 13 1029,
1028 0 67.0 3.0 72.0 5.86 13 1030,
1029 0 74.0 20.14 79.0 23.0 13 1031,
1030 0 74.0 17.29 79.0 20.14 13 1032,
1031 0 74.0 14.43 79.0 17.29 13 1033,
1032 0 74.0 11.57 79.0 14.43 13 1034,
1033 0 74.0 8.71 79.0 11.57 13 1035,
1034 0 74.0 5.86 79.0 8.71 13 1036,
1035 0 74.0 3.0 79.0 5.86 13 1037,
1036 0 0.0 30.0 4.81 35.0 14 1038,
1037 0 4.81 30.0 9.62 35.0 14 1039,
1038 0 9.62 30.0 14.42 35.0 14 1040,
1039 0 14.42 30.0 19.23 35.0 14 1041,
1040 0 19.23 30.0 24.04 35.0 14 1042,
1041 0 24.04 30.0 28.85 35.0 14 1043,
1042 0 28.85 30.0 33.65 35.0 14 1044,
1043 0 33.65 30.0 38.46 35.0 14 1045,
1044 0 38.46 30.0 43.27 35.0 14 1046,
1045 0 43.27 30.0 48.08 35.0 14 1047,
1046 0 48.08 30.0 52.88 35.0 14 1048,
1047 0 52.88 30.0 57.69 35.0 14 1049,
1048 0 57.69 30.0 62.5 35.0 14 1050,
1049 0 62.5 30.0 67.31 35.0 14 1051,
1050 0 67.31 30.0 72.12 35.0 14 1052,
1051 0 72.12 30.0 76.92 35.0 14 1053,
1052 0 76.92 30.0 81.73 35.0 14 1054,
1053 0 81.73 30.0 86.54 35.0 14 1055,
1054 0 86.54 30.0 91.35 35.0 14 1056,
1055 0 91.35 30.0 96.15 35.0 14 1057,
1056 0 96.15 30.0 100.96 35.0 14 1058,
1057 0 100.96 30.0 105.77 35.0 14 1059,
1058 0 105.77 30.0 110.58 35.0 14 1060,
1059 0 110.58 30.0 115.38 35.0 14 1061,
1060 0 115.38 30.0 120.19 35.0 14 1062,
1061 0 120.19 30.0 125.0 35.0 14 1063,
1062 0 0.0 23.0 4.81 28.0 14 1064,
1063 0 4.81 23.0 9.62 28.0 14 1065,
1064 0 9.62 23.0 14.42 28.0 14 1066,
1065 0 14.42 23.0 19.23 28.0 14 1067,
1066 0 19.23 23.0 24.04 28.0 14 1068,
1067 0 24.04 23.0 28.85 28.0 14 1069,
1068 0 28.85 23.0 33.65 28.0 14 1070,
1069 0 33.65 23.0 38.46 28.0 14 1071,
1070 0 38.46 23.0 43.27 28.0 14 1072,
1071 0 43.27 23.0 48.08 28.0 14 1073,
1072 0 48.08 23.0 52.88 28.0 14 1074,
1073 0 52.88 23.0 57.69 28.0 14 1075,
1074 1 57.69 23.0 62.5 28.0 14 1076,1362,
1075 0 62.5 23.0 67.31 28.0 14 1077,
1076 0 67.31 23.0 72.12 28.0 14 1078,
1077 1 72.12 23.0 76.92 28.0 14 1079,1363,
1078 0 76.92 23.0 81.73 28.0 14 1080,
1079 0 81.73 23.0 86.54 28.0 14 1081,
1080 0 86.54 23.0 91.35 28.0 14 1082,
1081 0 91.35 23.0 96.15 28.0 14 1083,
1082 0 96.15 23.0 100.96 28.0 14 1084,
1083 0 100.96 23.0 105.77 28.0 14 1085,
1084 0 105.77 23.0 110.58 28.0 14 1086,
1085 0 110.58 23.0 115.38 28.0 14 1087,
1086 0 115.38 23.0 120.19 28.0 14 1088,
1087 0 120.19 23.0 125.0 28.0 14 1089,
1088 0 55.0 20.14 60.0 23.0 14 1090,
1089 0 55.0 17.29 60.0 20.14 14 1091,
1090 0 55.0 14.43 60.0 17.29 14 1092,
1091 0 55.0 11.57 60.0 14.43 14 1093,
1092 0 55.0 8.71 60.0 11.57 14 1094,
1093 0 55.0 5.86 60.0 8.71 14 1095,
1094 0 55.0 3.0 60.0 5.86 14 1096,
1095 0 62.0 20.14 67.0 23.0 14 1097,
1096 0 62.0 17.29 67.0 20.14 14 1098,
1097 0 62.0 14.43 67.0 17.29 14 1099,
1098 0 62.0 11.57 67.0 14.43 14 1100,
1099 0 62.0 8.71 67.0 11.57 14 1101,
1100 0 62.0 5.86 67.0 8.71 14 1102,
1101 0 62.0 3.0 67.0 5.86 14 1103,
1102 0 67.0 20.14 72.0 23.0 14 1104,
1103 0 67.0 17.29 72.0 20.14 14 1105,
1104 0 67.0 14.43 72.0 17.29 14 1106,
1105 0 67.0 11.57 72.0 14.43 14 1107,
1106 0 67.0 8.71 72.0 11.57 14 1108,
1107 0 67.0 5.86 72.0 8.71 14 1109,
1108 0 67.0 3.0 72.0 5.86 14 1110,
1109 0 74.0 20.14 79.0 23.0 14 1111,
1110 0 74.0 17.29 79.0 20.14 14 1112,
1111 0 74.0 14.43 79.0 17.29 14 1113,
1112 0 74.0 11.57 79.0 14.43 14 1114,
1113 0 74.0 8.71 79.0 11.57 14 1115,
1114 0 74.0 5.86 79.0 8.71 14 1116,
1115 0 74.0 3.0 79.0 5.86 14 1117,
1116 0 0.0 30.0 4.81 35.0 15 1118,
1117 0 4.81 30.0 9.62 35.0 15 1119,
1118 0 9.62 30.0 14.42 35.0 15 1120,
1119 0 14.42 30.0 19.23 35.0 15 1121,
1120 0 19.23 30.0 24.04 35.0 15 1122,
1121 0 24.04 30.0 28.85 35.0 15 1123,
1122 0 28.85 30.0 33.65 35.0 15 1124,
1123 0 33.65 30.0 38.46 35.0 15 1125,
1124 0 38.46 30.0 43.27 35.0 15 1126,
1125 0 43.27 30.0 48.08 35.0 15 1127,
1126 0 48.08 30.0 52.88 35.0 15 1128,
1127 0 52.88 30.0 57.69 35.0 15 1129,
1128 0 57.69 30.0 62.5 35.0 15 1130,
1129 0 62.5 30.0 67.31 35.0 15 1131,
1130 0 67.31 30.0 72.12 35.0 15 1132,
1131 0 72.12 30.0 76.92 35.0 15 1133,
1132 0 76.92 30.0 81.73 35.0 15 1134,
1133 0 81.73 30.0 86.54 35.0 15 1135,
1134 0 86.54 30.0 91.35 35.0 15 1136,
1135 0 91.35 30.0 96.15 35.0 15 1137,
1136 0 96.15 30.0 100.96 35.0 15 1138,
1137 0 100.96 30.0 105.77 35.0 15 1139,
1138 0 105.77 30.0 110.58 35.0 15 1140,
1139 0 110.58 30.0 115.38 35.0 15 1141,
1140 0 115.38 30.0 120.19 35.0 15 1142,
1141 0 120.19 30.0 125.0 35.0 15 1143,
1142 0 0.0 23.0 4.81 28.0 15 1144,
1143 0 4.81 23.0 9.62 28.0 15 1145,
1144 0 9.62 23.0 14.42 28.0 15 1146,
1145 0 14.42 23.0 19.23 28.0 15 1147,
1146 0 19.23 23.0 24.04 28.0 15 1148,
1147 0 24.04 23.0 28.85 28.0 15 1149,
1148 0 28.85 23.0 33.65 28.0 15 1150,
1149 0 33.65 23.0 38.46 28.0 15 1151,
1150 0 38.46 23.0 43.27 28.0 15 1152,
1151 0 43.27 23.0 48.08 28.0 15 1153,
1152 0 48.08 23.0 52.88 28.0 15 1154,
1153 0 52.88 23.0 57.69 28.0 15 1155,
1154 1 57.69 23.0 62.5 28.0 15 1156,1364,
1155 0 62.5 23.0 67.31 28.0 15 1157,
1156 0 67.31 23.0 72.12 28.0 15 1158,
1157 1 72.12 23.0 76.92 28.0 15 1159,1365,
1158 0 76.92 23.0 81.73 28.0 15 1160,
1159 0 81.73 23.0 86.54 28.0 15 1161,
1160 0 86.54 23.0 91.35 28.0 15 1162,
1161 0 91.35 23.0 96.15 28.0 15 1163,
1162 0 96.15 23.0 100.96 28.0 15 1164,
1163 0 100.96 23.0 105.77 28.0 15 1165,
1164 0 105.77 23.0 110.58 28.0 15 1166,
1165 0 110.58 23.0 115.38 28.0 15 1167,
1166 0 115.38 23.0 120.19 28.0 15 1168,
1167 0 120.19 23.0 125.0 28.0 15 1169,
1168 0 55.0 20.14 60.0 23.0 15 1170,
1169 0 55.0 17.29 60.0 20.14 15 1171,
1170 0 55.0 14.43 60.0 17.29 15 1172,
1171 0 55.0 11.57 60.0 14.43 15 1173,
1172 0 55.0 8.71 60.0 11.57 15 1174,
1173 0 55.0 5.86 60.0 8.71 15 1175,
1174 0 55.0 3.0 60.0 5.86 15 1176,
1175 0 62.0 20.14 67.0 23.0 15 1177,
1176 0 62.0 17.29 67.0 20.14 15 1178,
1177 0 62.0 14.43 67.0 17.29 15 1179,
1178 0 62.0 11.57 67.0 14.43 15 1180,
1179 0 62.0 8.71 67.0 11.57 15 1181,
1180 0 62.0 5.86 67.0 8.71 15 1182,
1181 0 62.0 3.0 67.0 5.86 15 1183,
1182 0 67.0 20.14 72.0 23.0 15 1184,
1183 0 67.0 17.29 72.0 20.14 15 1185,
1184 0 67.0 14.43 72.0 17.29 15 1186,
1185 0 67.0 11.57 72.0 14.43 15 1187,
1186 0 67.0 8.71 72.0 11.57 15 1188,
1187 0 67.0 5.86 72.0 8.71 15 1189,
1188 0 67.0 3.0 72.0 5.86 15 1190,
1189 0 74.0 20.14 79.0 23.0 15 1191,
1190 0 74.0 17.29 79.0 20.14 15 1192,
1191 0 74.0 14.43 79.0 17.29 15 1193,
1192 0 74.0 11.57 79.0 14.43 15 1194,
1193 0 74.0 8.71 79.0 11.57 15 1195,
1194 0 74.0 5.86 79.0 8.71 15 1196,
1195 0 74.0 3.0 79.0 5.86 15 1197,
1196 0 0.0 30.0 4.81 35.0 16 1198,
1197 0 4.81 30.0 9.62 35.0 16 1199,
1198 0 9.62 30.0 14.42 35.0 16 1200,
1199 0 14.42 30.0 19.23 35.0 16 1201,
1200 0 19.23 30.0 24.04 35.0 16 1202,
1201 0 24.04 30.0 28.85 35.0 16 1203,
1202 0 28.85 30.0 33.65 35.0 16 1204,
1203 0 33.65 30.0 38.46 35.0 16 1205,
1204 0 38.46 30.0 43.27 35.0 16 1206,
1205 0 43.27 30.0 48.08 35.0 16 1207,
1206 0 48.08 30.0 52.88 35.0 16 1208,
1207 0 52.88 30.0 57.69 35.0 16 1209,
1208 0 57.69 30.0 62.5 35.0 16 1210,
1209 0 62.5 30.0 67.31 35.0 16 1211,
1210 0 67.31 30.0 72.12 35.0 16 1212,
1211 0 72.12 30.0 76.92 35.0 16 1213,
1212 0 76.92 30.0 81.73 35.0 16 1214,
1213 0 81.73 30.0 86.54 35.0 16 1215,
1214 0 86.54 30.0 91.35 35.0 16 1216,
1215 0 91.35 30.0 96.15 35.0 16 1217,
1216 0 96.15 30.0 100.96 35.0 16 1218,
1217 0 100.96 30.0 105.77 35.0 16 1219,
1218 0 105.77 30.0 110.58 35.0 16 1220,
1219 0 110.58 30.0 115.38 35.0 16 1221,
1220 0 115.38 30.0 120.19 35.0 16 1222,
1221 0 120.19 30.0 125.0 35.0 16 1223,
1222 0 0.0 23.0 4.81 28.0 16 1224,
1223 0 4.81 23.0 9.62 28.0 16 1225,
1224 0 9.62 23.0 14.42 28.0 16 1226,
1225 0 14.42 23.0 19.23 28.0 16 1227,
1226 0 19.23 23.0 24.04 28.0 16 1228,
1227 0 24.04 23.0 28.85 28.0 16 1229,
1228 0 28.85 23.0 33.65 28.0 16 1230,
1229 0 33.65 23.0 38.46 28.0 16 1231,
1230 0 38.46 23.0 43.27 28.0 16 1232,
1231 0 43.27 23.0 48.08 28.0 16 1233,
1232 0 48.08 23.0 52.88 28.0 16 1234,
1233 0 52.88 23.0 57.69 28.0 16 1235,
1234 1 57.69 23.0 62.5 28.0 16 1236,1366,
1235 0 62.5 23.0 67.31 28.0 16 1237,
1236 0 67.31 23.0 72.12 28.0 16 1238,
1237 1 72.12 23.0 76.92 28.0 16 1239,1367,
1238 0 76.92 23.0 81.73 28.0 16 1240,
1239 0 81.73 23.0 86.54 28.0 16 1241,
1240 0 86.54 23.0 91.35 28.0 16 1242,
1241 0 91.35 23.0 96.15 28.0 16 1243,
1242 0 96.15 23.0 100.96 28.0 16 1244,
1243 0 100.96 23.0 105.77 28.0 16 1245,
1244 0 105.77 23.0 110.58 28.0 16 1246,
1245 0 110.58 23.0 115.38 28.0 16 1247,
1246 0 115.38 23.0 120.19 28.0 16 1248,
1247 0 120.19 23.0 125.0 28.0 16 1249,
1248 0 55.0 20.14 60.0 23.0 16 1250,
1249 0 55.0 17.29 60.0 20.14 16 1251,
1250 0 55.0 14.43 60.0 17.29 16 1252,
1251 0 55.0 11.57 60.0 14.43 16 1253,
1252 0 55.0 8.71 60.0 11.57 16 1254,
1253 0 55.0 5.86 60.0 8.71 16 1255,
1254 0 55.0 3.0 60.0 5.86 16 1256,
1255 0 62.0 20.14 67.0 23.0 16 1257,
1256 0 62.0 17.29 67.0 20.14 16 1258,
1257 0 62.0 14.43 67.0 17.29 16 1259,
1258 0 62.0 11.57 67.0 14.43 16 1260,
1259 0 62.0 8.71 67.0 11.57 16 1261,
1260 0 62.0 5.86 67.0 8.71 16 1262,
1261 0 62.0 3.0 67.0 5.86 16 1263,
1262 0 67.0 20.14 72.0 23.0 16 1264,
1263 0 67.0 17.29 72.0 20.14 16 1265,
1264 0 67.0 14.43 72.0 17.29 16 1266,
1265 0 67.0 11.57 72.0 14.43 16 1267,
1266 0 67.0 8.71 72.0 11.57 16 1268,
1267 0 67.0 5.86 72.0 8.71 16 1269,
1268 0 67.0 3.0 72.0 5.86 16 1270,
1269 0 74.0 20.14 79.0 23.0 16 1271,
1270 0 74.0 17.29 79.0 20.14 16 1272,
1271 0 74.0 14.43 79.0 17.29 16 1273,
1272 0 74.0 11.57 79.0 14.43 16 1274,
1273 0 74.0 8.71 79.0 11.57 16 1275,
1274 0 74.0 5.86 79.0 8.71 16 1276,
1275 0 74.0 3.0 79.0 5.86 16 1277,
1276 2 1.0 1.0 1.0 1.0 2 1278,1280,
1277 2 1.0 1.0 1.0 1.0 2 1279,1281,
1278 2 1.0 1.0 1.0 1.0 3 1282,1284,
1279 2 1.0 1.0 1.0 1.0 3 1283,1285,
1280 2 1.0 1.0 1.0 1.0 4 1286,1288,
1281 2 1.0 1.0 1.0 1.0 4 1287,1289,
1282 2 1.0 1.0 1.0 1.0 5 1290,1292,
1283 2 1.0 1.0 1.0 1.0 5 1291,1293,
1284 2 1.0 1.0 1.0 1.0 6 1294,1296,
1285 2 1.0 1.0 1.0 1.0 6 1295,1297,
1286 2 1.0 1.0 1.0 1.0 7 1298,1300,
1287 2 1.0 1.0 1.0 1.0 7 1299,1301,
1288 2 1.0 1.0 1.0 1.0 8 1302,1304,
1289 2 1.0 1.0 1.0 1.0 8 1303,1305,
1290 2 1.0 1.0 1.0 1.0 9 1306,1308,
1291 2 1.0 1.0 1.0 1.0 9 1307,1309,
1292 2 1.0 1.0 1.0 1.0 10 1310,1312,
1293 2 1.0 1.0 1.0 1.0 10 1311,1313,
1294 2 1.0 1.0 1.0 1.0 11 1314,1316,
1295 2 1.0 1.0 1.0 1.0 11 1315,1317,
1296 2 1.0 1.0 1.0 1.0 12 1318,1320,
1297 2 1.0 1.0 1.0 1.0 12 1319,1321,
1298 2 1.0 1.0 1.0 1.0 13 1322,1324,
1299 2 1.0 1.0 1.0 1.0 13 1323,1325,
1300 2 1.0 1.0 1.0 1.0 14 1326,1328,
1301 2 1.0 1.0 1.0 1.0 14 1327,1329,
1302 2 1.0 1.0 1.0 1.0 15 1330,1332,
1303 2 1.0 1.0 1.0 1.0 15 1331,1333,
1304 2 1.0 1.0 1.0 1.0 1 1334,1336,
1305 2 1.0 1.0 1.0 1.0 1 1335,1337,
1306 1 63.0 8.0 68.0 13.0 0 36,1368,
1307 1 17.0 18.0 22.0 33.0 1 49,54,1370,
1308 1 37.0 18.0 42.0 33.0 1 50,55,1371,
1309 1 88.0 18.0 93.0 33.0 1 52,57,1372,
1310 1 103.0 18.0 108.0 33.0 1 53,58,1373,
1311 1 123.0 18.0 125.0 33.0 1 59,1374,69,1335,
1312 1 0.0 0.0 57.0 18.0 1 72,73,74,1369,1370,1371,
1313 1 73.0 0.0 125.0 18.0 1 75,76,77,1372,1373,1374,
1314 1 60.0 11.57 62.0 23.0 2 130,131,132,133,137,138,139,140,1338,1380,
1315 1 72.0 11.57 74.0 23.0 2 144,145,146,147,151,152,153,154,1339,1381,
1316 1 60.0 11.57 62.0 23.0 3 210,211,212,213,217,218,219,220,1340,1387,
1317 1 72.0 11.57 74.0 23.0 3 224,225,226,227,231,232,233,234,1341,1388,
1318 1 60.0 11.57 62.0 23.0 4 290,291,292,293,297,298,299,300,1342,1394,
1319 1 72.0 11.57 74.0 23.0 4 304,305,306,307,311,312,313,314,1343,1395,
1320 1 60.0 11.57 62.0 23.0 5 370,371,372,373,377,378,379,380,1344,1401,
1321 1 72.0 11.57 74.0 23.0 5 384,385,386,387,391,392,393,394,1345,1402,
1322 1 60.0 11.57 62.0 23.0 6 450,451,452,453,457,458,459,460,1346,1408,
1323 1 72.0 11.57 74.0 23.0 6 464,465,466,467,471,472,473,474,1347,1409,
1324 1 60.0 11.57 62.0 23.0 7 530,531,532,533,537,538,539,540,1348,1415,
1325 1 72.0 11.57 74.0 23.0 7 544,545,546,547,551,552,553,554,1349,1416,
1326 1 60.0 11.57 62.0 23.0 8 610,611,612,613,617,618,619,620,1350,1422,
1327 1 72.0 11.57 74.0 23.0 8 624,625,626,627,631,632,633,634,1351,1423,
1328 1 60.0 11.57 62.0 23.0 9 690,691,692,693,697,698,699,700,1352,1429,
1329 1 72.0 11.57 74.0 23.0 9 704,705,706,707,711,712,713,714,1353,1430,
1330 1 60.0 11.57 62.0 23.0 10 770,771,772,773,777,778,779,780,1354,1436,
1331 1 72.0 11.57 74.0 23.0 10 784,785,786,787,791,792,793,794,1355,1437,
1332 1 60.0 11.57 62.0 23.0 11 850,851,852,853,857,858,859,860,1356,1443,
1333 1 72.0 11.57 74.0 23.0 11 864,865,866,867,871,872,873,874,1357,1444,
1334 1 60.0 11.57 62.0 23.0 12 930,931,932,933,937,938,939,940,1358,1450,
1335 1 72.0 11.57 74.0 23.0 12 944,945,946,947,951,952,953,954,1359,1451,
1336 1 60.0 11.57 62.0 23.0 13 1010,1011,1012,1013,1017,1018,1019,1020,1360,1457,
1337 1 72.0 11.57 74.0 23.0 13 1024,1025,1026,1027,1031,1032,1033,1034,1361,1458,
1338 1 60.0 11.57 62.0 23.0 14 1090,1091,1092,1093,1097,1098,1099,1100,1362,1464,
1339 1 72.0 11.57 74.0 23.0 14 1104,1105,1106,1107,1111,1112,1113,1114,1363,1465,
1340 1 60.0 11.57 62.0 23.0 15 1170,1171,1172,1173,1177,1178,1179,1180,1364,1471,
1341 1 72.0 11.57 74.0 23.0 15 1184,1185,1186,1187,1191,1192,1193,1194,1365,1472,
1342 1 60.0 11.57 62.0 23.0 16 1250,1251,1252,1253,1257,1258,1259,1260,1366,1478,
1343 1 72.0 11.57 74.0 23.0 16 1264,1265,1266,1267,1271,1272,1273,1274,1367,1479,
1344 1 19.23 28.0 38.46 30.0 2 82,83,84,85,108,109,110,111,1375,1376,
1345 1 38.46 28.0 57.69 30.0 2 86,87,88,89,112,113,114,115,1376,1377,
1346 1 57.69 28.0 86.54 30.0 2 90,91,92,93,94,95,116,117,118,119,120,121,1377,1378,
1347 1 86.54 28.0 105.77 30.0 2 96,97,98,99,122,123,124,125,1378,1379,
1348 1 105.77 28.0 125.0 30.0 2 100,101,102,103,126,127,128,129,1379,1279,1337,
1349 1 60.0 3.0 62.0 11.57 2 134,135,136,141,142,143,1380,
1350 1 72.0 3.0 74.0 11.57 2 148,149,150,155,156,157,1381,
1351 1 19.23 28.0 38.46 30.0 3 162,163,164,165,188,189,190,191,1382,1383,
1352 1 38.46 28.0 57.69 30.0 3 166,167,168,169,192,193,194,195,1383,1384,
1353 1 57.69 28.0 86.54 30.0 3 170,171,172,173,174,175,196,197,198,199,200,201,1384,1385,
1354 1 86.54 28.0 105.77 30.0 3 176,177,178,179,202,203,204,205,1385,1386,
1355 1 105.77 28.0 125.0 30.0 3 180,181,182,183,206,207,208,209,1386,1281,1283,
1356 1 60.0 3.0 62.0 11.57 3 214,215,216,221,222,223,1387,
1357 1 72.0 3.0 74.0 11.57 3 228,229,230,235,236,237,1388,
1358 1 19.23 28.0 38.46 30.0 4 242,243,244,245,268,269,270,271,1389,1390,
1359 1 38.46 28.0 57.69 30.0 4 246,247,248,249,272,273,274,275,1390,1391,
1360 1 57.69 28.0 86.54 30.0 4 250,251,252,253,254,255,276,277,278,279,280,281,1391,1392,
1361 1 86.54 28.0 105.77 30.0 4 256,257,258,259,282,283,284,285,1392,1393,
1362 1 105.77 28.0 125.0 30.0 4 260,261,262,263,286,287,288,289,1393,1285,1287,
1363 1 60.0 3.0 62.0 11.57 4 294,295,296,301,302,303,1394,
1364 1 72.0 3.0 74.0 11.57 4 308,309,310,315,316,317,1395,
1365 1 19.23 28.0 38.46 30.0 5 322,323,324,325,348,349,350,351,1396,1397,
1366 1 38.46 28.0 57.69 30.0 5 326,327,328,329,352,353,354,355,1397,1398,
1367 1 57.69 28.0 86.54 30.0 5 330,331,332,333,334,335,356,357,358,359,360,361,1398,1399,
1368 1 86.54 28.0 105.77 30.0 5 336,337,338,339,362,363,364,365,1399,1400,
1369 1 105.77 28.0 125.0 30.0 5 340,341,342,343,366,367,368,369,1400,1289,1291,
1370 1 60.0 3.0 62.0 11.57 5 374,375,376,381,382,383,1401,
1371 1 72.0 3.0 74.0 11.57 5 388,389,390,395,396,397,1402,
1372 1 19.23 28.0 38.46 30.0 6 402,403,404,405,428,429,430,431,1403,1404,
1373 1 38.46 28.0 57.69 30.0 6 406,407,408,409,432,433,434,435,1404,1405,
1374 1 57.69 28.0 86.54 30.0 6 410,411,412,413,414,415,436,437,438,439,440,441,1405,1406,
1375 1 86.54 28.0 105.77 30.0 6 416,417,418,419,442,443,444,445,1406,1407,
1376 1 105.77 28.0 125.0 30.0 6 420,421,422,423,446,447,448,449,1407,1293,1295,
1377 1 60.0 3.0 62.0 11.57 6 454,455,456,461,462,463,1408,
1378 1 72.0 3.0 74.0 11.57 6 468,469,470,475,476,477,1409,
1379 1 19.23 28.0 38.46 30.0 7 482,483,484,485,508,509,510,511,1410,1411,
1380 1 38.46 28.0 57.69 30.0 7 486,487,488,489,512,513,514,515,1411,1412,
1381 1 57.69 28.0 86.54 30.0 7 490,491,492,493,494,495,516,517,518,519,520,521,1412,1413,
1382 1 86.54 28.0 105.77 30.0 7 496,497,498,499,522,523,524,525,1413,1414,
1383 1 105.77 28.0 125.0 30.0 7 500,501,502,503,526,527,528,529,1414,1297,1299,
1384 1 60.0 3.0 62.0 11.57 7 534,535,536,541,542,543,1415,
1385 1 72.0 3.0 74.0 11.57 7 548,549,550,555,556,557,1416,
1386 1 19.23 28.0 38.46 30.0 8 562,563,564,565,588,589,590,591,1417,1418,
1387 1 38.46 28.0 57.69 30.0 8 566,567,568,569,592,593,594,595,1418,1419,
1388 1 57.69 28.0 86.54 30.0 8 570,571,572,573,574,575,596,597,598,599,600,601,1419,1420,
1389 1 86.54 28.0 105.77 30.0 8 576,577,578,579,602,603,604,605,1420,1421,
1390 1 105.77 28.0 125.0 30.0 8 580,581,582,583,606,607,608,609,1421,1301,1303,
1391 1 60.0 3.0 62.0 11.57 8 614,615,616,621,622,623,1422,
1392 1 72.0 3.0 74.0 11.57 8 628,629,630,635,636,637,1423,
1393 1 19.23 28.0 38.46 30.0 9 642,643,644,645,668,669,670,671,1424,1425,
1394 1 38.46 28.0 57.69 30.0 9 646,647,648,649,672,673,674,675,1425,1426,
1395 1 57.69 28.0 86.54 30.0 9 650,651,652,653,654,655,676,677,678,679,680,681,1426,1427,
1396 1 86.54 28.0 105.77 30.0 9 656,657,658,659,682,683,684,685,1427,1428,
1397 1 105.77 28.0 125.0 30.0 9 660,661,662,663,686,687,688,689,1428,1305,1307,
1398 1 60.0 3.0 62.0 11.57 9 694,695,696,701,702,703,1429,
1399 1 72.0 3.0 74.0 11.57 9 708,709,710,715,716,717,1430,
1400 1 19.23 28.0 38.46 30.0 10 722,723,724,725,748,749,750,751,1431,1432,
1401 1 38.46 28.0 57.69 30.0 10 726,727,728,729,752,753,754,755,1432,1433,
1402 1 57.69 28.0 86.54 30.0 10 730,731,732,733,734,735,756,757,758,759,760,761,1433,1434,
1403 1 86.54 28.0 105.77 30.0 10 736,737,738,739,762,763,764,765,1434,1435,
1404 1 105.77 28.0 125.0 30.0 10 740,741,742,743,766,767,768,769,1435,1309,1311,
1405 1 60.0 3.0 62.0 11.57 10 774,775,776,781,782,783,1436,
1406 1 72.0 3.0 74.0 11.57 10 788,789,790,795,796,797,1437,
1407 1 19.23 28.0 38.46 30.0 11 802,803,804,805,828,829,830,831,1438,1439,
1408 1 38.46 28.0 57.69 30.0 11 806,807,808,809,832,833,834,835,1439,1440,
1409 1 57.69 28.0 86.54 30.0 11 810,811,812,813,814,815,836,837,838,839,840,841,1440,1441,
1410 1 86.54 28.0 105.77 30.0 11 816,817,818,819,842,843,844,845,1441,1442,
1411 1 105.77 28.0 125.0 30.0 11 820,821,822,823,846,847,848,849,1442,1313,1315,
1412 1 60.0 3.0 62.0 11.57 11 854,855,856,861,862,863,1443,
1413 1 72.0 3.0 74.0 11.57 11 868,869,870,875,876,877,1444,
1414 1 19.23 28.0 38.46 30.0 12 882,883,884,885,908,909,910,911,1445,1446,
1415 1 38.46 28.0 57.69 30.0 12 886,887,888,889,912,913,914,915,1446,1447,
1416 1 57.69 28.0 86.54 30.0 12 890,891,892,893,894,895,916,917,918,919,920,921,1447,1448,
1417 1 86.54 28.0 105.77 30.0 12 896,897,898,899,922,923,924,925,1448,1449,
1418 1 105.77 28.0 125.0 30.0 12 900,901,902,903,926,927,928,929,1449,1317,1319,
1419 1 60.0 3.0 62.0 11.57 12 934,935,936,941,942,943,1450,
1420 1 72.0 3.0 74.0 11.57 12 948,949,950,955,956,957,1451,
1421 1 19.23 28.0 38.46 30.0 13 962,963,964,965,988,989,990,991,1452,1453,
1422 1 38.46 28.0 57.69 30.0 13 966,967,968,969,992,993,994,995,1453,1454,
1423 1 57.69 28.0 86.54 30.0 13 970,971,972,973,974,975,996,997,998,999,1000,1001,1454,1455,
1424 1 86.54 28.0 105.77 30.0 13 976,977,978,979,1002,1003,1004,1005,1455,1456,
1425 1 105.77 28.0 125.0 30.0 13 980,981,982,983,1006,1007,1008,1009,1456,1321,1323,
1426 1 60.0 3.0 62.0 11.57 13 1014,1015,1016,1021,1022,1023,1457,
1427 1 72.0 3.0 74.0 11.57 13 1028,1029,1030,1035,1036,1037,1458,
1428 1 19.23 28.0 38.46 30.0 14 1042,1043,1044,1045,1068,1069,1070,1071,1459,1460,
1429 1 38.46 28.0 57.69 30.0 14 1046,1047,1048,1049,1072,1073,1074,1075,1460,1461,
1430 1 57.69 28.0 86.54 30.0 14 1050,1051,1052,1053,1054,1055,1076,1077,1078,1079,1080,1081,1461,1462,
1431 1 86.54 28.0 105.77 30.0 14 1056,1057,1058,1059,1082,1083,1084,1085,1462,1463,
1432 1 105.77 28.0 125.0 30.0 14 1060,1061,1062,1063,1086,1087,1088,1089,1463,1325,1327,
1433 1 60.0 3.0 62.0 11.57 14 1094,1095,1096,1101,1102,1103,1464,
1434 1 72.0 3.0 74.0 11.57 14 1108,1109,1110,1115,1116,1117,1465,
1435 1 19.23 28.0 38.46 30.0 15 1122,1123,1124,1125,1148,1149,1150,1151,1466,1467,
1436 1 38.46 28.0 57.69 30.0 15 1126,1127,1128,1129,1152,1153,1154,1155,1467,1468,
1437 1 57.69 28.0 86.54 30.0 15 1130,1131,1132,1133,1134,1135,1156,1157,1158,1159,1160,1161,1468,1469,
1438 1 86.54 28.0 105.77 30.0 15 1136,1137,1138,1139,1162,1163,1164,1165,1469,1470,
1439 1 105.77 28.0 125.0 30.0 15 1140,1141,1142,1143,1166,1167,1168,1169,1470,1329,1331,
1440 1 60.0 3.0 62.0 11.57 15 1174,1175,1176,1181,1182,1183,1471,
1441 1 72.0 3.0 74.0 11.57 15 1188,1189,1190,1195,1196,1197,1472,
1442 1 19.23 28.0 38.46 30.0 16 1202,1203,1204,1205,1228,1229,1230,1231,1473,1474,
1443 1 38.46 28.0 57.69 30.0 16 1206,1207,1208,1209,1232,1233,1234,1235,1474,1475,
1444 1 57.69 28.0 86.54 30.0 16 1210,1211,1212,1213,1214,1215,1236,1237,1238,1239,1240,1241,1475,1476,
1445 1 86.54 28.0 105.77 30.0 16 1216,1217,1218,1219,1242,1243,1244,1245,1476,1477,
1446 1 105.77 28.0 125.0 30.0 16 1220,1221,1222,1223,1246,1247,1248,1249,1477,1333,
1447 1 60.0 3.0 62.0 11.57 16 1254,1255,1256,1261,1262,1263,1478,
1448 1 72.0 3.0 74.0 11.57 16 1268,1269,1270,1275,1276,1277,1479,
