0 1 0.0 0.0 125.0 20.0 0 0,1,3,4,5,6,8,9,10,11,12,13,14,15,16,17,18,19,20,21,22,23,24,25,26,27,28,30,31,32,33,34,35,36,37,38,39,40,41,42,43,44,45,46,47,64,65,
1 1 0.0 0.0 125.0 35.0 1 48,49,50,52,53,54,55,57,58,59,68,69,72,73,74,75,76,77,1304,1305,
2 0 0.0 15.0 5.0 20.0 0 0,60,
3 0 5.0 15.0 10.0 20.0 0 1,60,
4 0 10.0 15.0 16.0 20.0 0 2,
5 0 16.0 15.0 21.0 20.0 0 3,2,
6 0 21.0 15.0 26.0 20.0 0 4,
7 0 26.0 15.0 31.0 20.0 0 5,
8 0 31.0 15.0 36.0 20.0 0 6,
9 0 36.0 15.0 42.0 20.0 0 7,
10 0 42.0 15.0 47.0 20.0 0 8,7,
11 0 47.0 15.0 52.0 20.0 0 9,
12 0 52.0 15.0 57.0 20.0 0 10,
13 0 57.0 15.0 63.0 20.0 0 11,
14 0 63.0 15.0 68.0 20.0 0 12,
15 0 68.0 15.0 73.0 20.0 0 13,
16 0 73.0 15.0 78.0 20.0 0 14,
17 0 78.0 15.0 83.0 20.0 0 15,
18 0 83.0 15.0 89.0 20.0 0 16,
19 0 89.0 15.0 94.0 20.0 0 17,
20 0 94.0 15.0 99.0 20.0 0 18,
21 0 99.0 15.0 104.0 20.0 0 19,
22 0 104.0 15.0 109.0 20.0 0 20,
23 0 109.0 15.0 115.0 20.0 0 21,
24 0 115.0 15.0 120.0 20.0 0 22,
25 0 120.0 15.0 125.0 20.0 0 23,
26 0 0.0 8.0 5.0 13.0 0 24,
27 0 5.0 8.0 10.0 13.0 0 25,
28 0 10.0 8.0 16.0 13.0 0 26,
29 0 16.0 8.0 21.0 13.0 0 27,
30 0 21.0 8.0 26.0 13.0 0 28,
31 0 26.0 8.0 31.0 13.0 0 29,
32 0 31.0 8.0 36.0 13.0 0 30,29,61,
33 0 36.0 8.0 42.0 13.0 0 31,
34 0 42.0 8.0 47.0 13.0 0 32,
35 0 47.0 8.0 52.0 13.0 0 33,62,
36 0 52.0 8.0 57.0 13.0 0 34,
37 0 57.0 8.0 63.0 13.0 0 35,
38 0 30.0 0.0 90.0 8.0 0 36,61,62,66,67,
39 0 68.0 8.0 73.0 13.0 0 37,
40 0 73.0 8.0 78.0 13.0 0 38,
41 0 78.0 8.0 83.0 13.0 0 39,
42 0 83.0 8.0 89.0 13.0 0 40,
43 0 89.0 8.0 94.0 13.0 0 41,63,
44 0 94.0 8.0 99.0 13.0 0 42,63,
45 0 99.0 8.0 104.0 13.0 0 43,
46 0 104.0 8.0 109.0 13.0 0 44,
47 0 109.0 8.0 115.0 13.0 0 45,
48 0 115.0 8.0 120.0 13.0 0 46,
49 0 120.0 8.0 125.0 13.0 0 47,
50 0 2.0 18.0 17.0 33.0 1 48,54,72,
51 0 22.0 18.0 37.0 33.0 1 49,55,73,
52 0 42.0 18.0 57.0 33.0 1 50,56,74,
53 0 73.0 18.0 88.0 33.0 1 51,57,75,
54 0 93.0 18.0 103.0 33.0 1 52,58,76,
55 0 108.0 18.0 123.0 33.0 1 53,59,77,
56 2 1.0 1.0 1.0 1.0 0 64,68,
57 2 1.0 1.0 1.0 1.0 0 65,69,
58 2 1.0 1.0 1.0 1.0 0 66,70,
59 2 1.0 1.0 1.0 1.0 0 67,71,
60 0 57.0 2.0 73.0 33.0 1 70,71,56,51,
61 1 0.0 0.0 125.0 35.0 2 1306,1307,1248,1249,78,79,80,81,82,83,84,85,86,87,88,89,90,91,92,93,94,95,96,97,98,99,100,101,102,103,104,105,106,107,108,109,110,111,112,113,114,115,116,117,118,119,120,121,122,123,124,125,126,127,128,129,130,131,132,133,134,135,136,137,138,139,140,141,142,143,144,145,146,147,148,149,150,151,152,153,154,155,
62 1 0.0 0.0 125.0 35.0 3 1250,1251,1252,1253,156,157,158,159,160,161,162,163,164,165,166,167,168,169,170,171,172,173,174,175,176,177,178,179,180,181,182,183,184,185,186,187,188,189,190,191,192,193,194,195,196,197,198,199,200,201,202,203,204,205,206,207,208,209,210,211,212,213,214,215,216,217,218,219,220,221,222,223,224,225,226,227,228,229,230,231,232,233,
63 1 0.0 0.0 125.0 35.0 4 1254,1255,1256,1257,234,235,236,237,238,239,240,241,242,243,244,245,246,247,248,249,250,251,252,253,254,255,256,257,258,259,260,261,262,263,264,265,266,267,268,269,270,271,272,273,274,275,276,277,278,279,280,281,282,283,284,285,286,287,288,289,290,291,292,293,294,295,296,297,298,299,300,301,302,303,304,305,306,307,308,309,310,311,
64 1 0.0 0.0 125.0 35.0 5 1258,1259,1260,1261,312,313,314,315,316,317,318,319,320,321,322,323,324,325,326,327,328,329,330,331,332,333,334,335,336,337,338,339,340,341,342,343,344,345,346,347,348,349,350,351,352,353,354,355,356,357,358,359,360,361,362,363,364,365,366,367,368,369,370,371,372,373,374,375,376,377,378,379,380,381,382,383,384,385,386,387,388,389,
65 1 0.0 0.0 125.0 35.0 6 1262,1263,1264,1265,390,391,392,393,394,395,396,397,398,399,400,401,402,403,404,405,406,407,408,409,410,411,412,413,414,415,416,417,418,419,420,421,422,423,424,425,426,427,428,429,430,431,432,433,434,435,436,437,438,439,440,441,442,443,444,445,446,447,448,449,450,451,452,453,454,455,456,457,458,459,460,461,462,463,464,465,466,467,
66 1 0.0 0.0 125.0 35.0 7 1266,1267,1268,1269,468,469,470,471,472,473,474,475,476,477,478,479,480,481,482,483,484,485,486,487,488,489,490,491,492,493,494,495,496,497,498,499,500,501,502,503,504,505,506,507,508,509,510,511,512,513,514,515,516,517,518,519,520,521,522,523,524,525,526,527,528,529,530,531,532,533,534,535,536,537,538,539,540,541,542,543,544,545,
67 1 0.0 0.0 125.0 35.0 8 1270,1271,1272,1273,546,547,548,549,550,551,552,553,554,555,556,557,558,559,560,561,562,563,564,565,566,567,568,569,570,571,572,573,574,575,576,577,578,579,580,581,582,583,584,585,586,587,588,589,590,591,592,593,594,595,596,597,598,599,600,601,602,603,604,605,606,607,608,609,610,611,612,613,614,615,616,617,618,619,620,621,622,623,
68 1 0.0 0.0 125.0 35.0 9 1274,1275,1276,1277,624,625,626,627,628,629,630,631,632,633,634,635,636,637,638,639,640,641,642,643,644,645,646,647,648,649,650,651,652,653,654,655,656,657,658,659,660,661,662,663,664,665,666,667,668,669,670,671,672,673,674,675,676,677,678,679,680,681,682,683,684,685,686,687,688,689,690,691,692,693,694,695,696,697,698,699,700,701,
69 1 0.0 0.0 125.0 35.0 10 1278,1279,1280,1281,702,703,704,705,706,707,708,709,710,711,712,713,714,715,716,717,718,719,720,721,722,723,724,725,726,727,728,729,730,731,732,733,734,735,736,737,738,739,740,741,742,743,744,745,746,747,748,749,750,751,752,753,754,755,756,757,758,759,760,761,762,763,764,765,766,767,768,769,770,771,772,773,774,775,776,777,778,779,
70 1 0.0 0.0 125.0 35.0 11 1285,1282,1283,1284,780,781,782,783,784,785,786,787,788,789,790,791,792,793,794,795,796,797,798,799,800,801,802,803,804,805,806,807,808,809,810,811,812,813,814,815,816,817,818,819,820,821,822,823,824,825,826,827,828,829,830,831,832,833,834,835,836,837,838,839,840,841,842,843,844,845,846,847,848,849,850,851,852,853,854,855,856,857,
71 1 0.0 0.0 125.0 35.0 12 1289,1286,1287,1288,858,859,860,861,862,863,864,865,866,867,868,869,870,871,872,873,874,875,876,877,878,879,880,881,882,883,884,885,886,887,888,889,890,891,892,893,894,895,896,897,898,899,900,901,902,903,904,905,906,907,908,909,910,911,912,913,914,915,916,917,918,919,920,921,922,923,924,925,926,927,928,929,930,931,932,933,934,935,
72 1 0.0 0.0 125.0 35.0 13 1293,1290,1291,1292,936,937,938,939,940,941,942,943,944,945,946,947,948,949,950,951,952,953,954,955,956,957,958,959,960,961,962,963,964,965,966,967,968,969,970,971,972,973,974,975,976,977,978,979,980,981,982,983,984,985,986,987,988,989,990,991,992,993,994,995,996,997,998,999,1000,1001,1002,1003,1004,1005,1006,1007,1008,1009,1010,1011,1012,1013,
73 1 0.0 0.0 125.0 35.0 14 1297,1294,1295,1296,1014,1015,1016,1017,1018,1019,1020,1021,1022,1023,1024,1025,1026,1027,1028,1029,1030,1031,1032,1033,1034,1035,1036,1037,1038,1039,1040,1041,1042,1043,1044,1045,1046,1047,1048,1049,1050,1051,1052,1053,1054,1055,1056,1057,1058,1059,1060,1061,1062,1063,1064,1065,1066,1067,1068,1069,1070,1071,1072,1073,1074,1075,1076,1077,1078,1079,1080,1081,1082,1083,1084,1085,1086,1087,1088,1089,1090,1091,
74 1 0.0 0.0 125.0 35.0 15 1301,1298,1299,1300,1092,1093,1094,1095,1096,1097,1098,1099,1100,1101,1102,1103,1104,1105,1106,1107,1108,1109,1110,1111,1112,1113,1114,1115,1116,1117,1118,1119,1120,1121,1122,1123,1124,1125,1126,1127,1128,1129,1130,1131,1132,1133,1134,1135,1136,1137,1138,1139,1140,1141,1142,1143,1144,1145,1146,1147,1148,1149,1150,1151,1152,1153,1154,1155,1156,1157,1158,1159,1160,1161,1162,1163,1164,1165,1166,1167,1168,1169,
75 1 0.0 0.0 125.0 35.0 16 1302,1303,1170,1171,1172,1173,1174,1175,1176,1177,1178,1179,1180,1181,1182,1183,1184,1185,1186,1187,1188,1189,1190,1191,1192,1193,1194,1195,1196,1197,1198,1199,1200,1201,1202,1203,1204,1205,1206,1207,1208,1209,1210,1211,1212,1213,1214,1215,1216,1217,1218,1219,1220,1221,1222,1223,1224,1225,1226,1227,1228,1229,1230,1231,1232,1233,1234,1235,1236,1237,1238,1239,1240,1241,1242,1243,1244,1245,1246,1247,
76 0 0.0 30.0 4.81 35.0 2 78,
77 0 4.81 30.0 9.62 35.0 2 79,
78 0 9.62 30.0 14.42 35.0 2 80,
79 0 14.42 30.0 19.23 35.0 2 81,
80 0 19.23 30.0 24.04 35.0 2 82,
81 0 24.04 30.0 28.85 35.0 2 83,
82 0 28.85 30.0 33.65 35.0 2 84,
83 0 33.65 30.0 38.46 35.0 2 85,
84 0 38.46 30.0 43.27 35.0 2 86,
85 0 43.27 30.0 48.08 35.0 2 87,
86 0 48.08 30.0 52.88 35.0 2 88,
87 0 52.88 30.0 57.69 35.0 2 89,
88 0 57.69 30.0 62.5 35.0 2 90,
89 0 62.5 30.0 67.31 35.0 2 91,
90 0 67.31 30.0 72.12 35.0 2 92,
91 0 72.12 30.0 76.92 35.0 2 93,
92 0 76.92 30.0 81.73 35.0 2 94,
93 0 81.73 30.0 86.54 35.0 2 95,
94 0 86.54 30.0 91.35 35.0 2 96,
95 0 91.35 30.0 96.15 35.0 2 97,
96 0 96.15 30.0 100.96 35.0 2 98,
97 0 100.96 30.0 105.77 35.0 2 99,
98 0 105.77 30.0 110.58 35.0 2 100,
99 0 110.58 30.0 115.38 35.0 2 101,
100 0 115.38 30.0 120.19 35.0 2 102,
101 0 120.19 30.0 125.0 35.0 2 103,
102 0 0.0 23.0 4.81 28.0 2 104,
103 0 4.81 23.0 9.62 28.0 2 105,
104 0 9.62 23.0 14.42 28.0 2 106,
105 0 14.42 23.0 19.23 28.0 2 107,
106 0 19.23 23.0 24.04 28.0 2 108,
107 0 24.04 23.0 28.85 28.0 2 109,
108 0 28.85 23.0 33.65 28.0 2 110,
109 0 33.65 23.0 38.46 28.0 2 111,
110 0 38.46 23.0 43.27 28.0 2 112,
111 0 43.27 23.0 48.08 28.0 2 113,
112 0 48.08 23.0 52.88 28.0 2 114,
113 0 52.88 23.0 57.69 28.0 2 115,
114 0 62.5 23.0 67.31 28.0 2 116,
115 0 67.31 23.0 72.12 28.0 2 117,
116 0 76.92 23.0 81.73 28.0 2 118,
117 0 81.73 23.0 86.54 28.0 2 119,
118 0 86.54 23.0 91.35 28.0 2 120,
119 0 91.35 23.0 96.15 28.0 2 121,
120 0 96.15 23.0 100.96 28.0 2 122,
121 0 100.96 23.0 105.77 28.0 2 123,
122 0 105.77 23.0 110.58 28.0 2 124,
123 0 110.58 23.0 115.38 28.0 2 125,
124 0 115.38 23.0 120.19 28.0 2 126,
125 0 120.19 23.0 125.0 28.0 2 127,
126 0 55.0 20.14 60.0 23.0 2 128,
127 0 55.0 17.29 60.0 20.14 2 129,
128 0 55.0 14.43 60.0 17.29 2 130,
129 0 55.0 11.57 60.0 14.43 2 131,
130 0 55.0 8.71 60.0 11.57 2 132,
131 0 55.0 5.86 60.0 8.71 2 133,
132 0 55.0 3.0 60.0 5.86 2 134,
133 0 62.0 20.14 67.0 23.0 2 135,
134 0 62.0 17.29 67.0 20.14 2 136,
135 0 62.0 14.43 67.0 17.29 2 137,
136 0 62.0 11.57 67.0 14.43 2 138,
137 0 62.0 8.71 67.0 11.57 2 139,
138 0 62.0 5.86 67.0 8.71 2 140,
139 0 62.0 3.0 67.0 5.86 2 141,
140 0 67.0 20.14 72.0 23.0 2 142,
141 0 67.0 17.29 72.0 20.14 2 143,
142 0 67.0 14.43 72.0 17.29 2 144,
143 0 67.0 11.57 72.0 14.43 2 145,
144 0 67.0 8.71 72.0 11.57 2 146,
145 0 67.0 5.86 72.0 8.71 2 147,
146 0 67.0 3.0 72.0 5.86 2 148,
147 0 74.0 20.14 79.0 23.0 2 149,
148 0 74.0 17.29 79.0 20.14 2 150,
149 0 74.0 14.43 79.0 17.29 2 151,
150 0 74.0 11.57 79.0 14.43 2 152,
151 0 74.0 8.71 79.0 11.57 2 153,
152 0 74.0 5.86 79.0 8.71 2 154,
153 0 74.0 3.0 79.0 5.86 2 155,
154 0 0.0 30.0 4.81 35.0 3 156,
155 0 4.81 30.0 9.62 35.0 3 157,
156 0 9.62 30.0 14.42 35.0 3 158,
157 0 14.42 30.0 19.23 35.0 3 159,
158 0 19.23 30.0 24.04 35.0 3 160,
159 0 24.04 30.0 28.85 35.0 3 161,
160 0 28.85 30.0 33.65 35.0 3 162,
161 0 33.65 30.0 38.46 35.0 3 163,
162 0 38.46 30.0 43.27 35.0 3 164,
163 0 43.27 30.0 48.08 35.0 3 165,
164 0 48.08 30.0 52.88 35.0 3 166,
165 0 52.88 30.0 57.69 35.0 3 167,
166 0 57.69 30.0 62.5 35.0 3 168,
167 0 62.5 30.0 67.31 35.0 3 169,
168 0 67.31 30.0 72.12 35.0 3 170,
169 0 72.12 30.0 76.92 35.0 3 171,
170 0 76.92 30.0 81.73 35.0 3 172,
171 0 81.73 30.0 86.54 35.0 3 173,
172 0 86.54 30.0 91.35 35.0 3 174,
173 0 91.35 30.0 96.15 35.0 3 175,
174 0 96.15 30.0 100.96 35.0 3 176,
175 0 100.96 30.0 105.77 35.0 3 177,
176 0 105.77 30.0 110.58 35.0 3 178,
177 0 110.58 30.0 115.38 35.0 3 179,
178 0 115.38 30.0 120.19 35.0 3 180,
179 0 120.19 30.0 125.0 35.0 3 181,
180 0 0.0 23.0 4.81 28.0 3 182,
181 0 4.81 23.0 9.62 28.0 3 183,
182 0 9.62 23.0 14.42 28.0 3 184,
183 0 14.42 23.0 19.23 28.0 3 185,
184 0 19.23 23.0 24.04 28.0 3 186,
185 0 24.04 23.0 28.85 28.0 3 187,
186 0 28.85 23.0 33.65 28.0 3 188,
187 0 33.65 23.0 38.46 28.0 3 189,
188 0 38.46 23.0 43.27 28.0 3 190,
189 0 43.27 23.0 48.08 28.0 3 191,
190 0 48.08 23.0 52.88 28.0 3 192,
191 0 52.88 23.0 57.69 28.0 3 193,
192 0 62.5 23.0 67.31 28.0 3 194,
193 0 67.31 23.0 72.12 28.0 3 195,
194 0 76.92 23.0 81.73 28.0 3 196,
195 0 81.73 23.0 86.54 28.0 3 197,
196 0 86.54 23.0 91.35 28.0 3 198,
197 0 91.35 23.0 96.15 28.0 3 199,
198 0 96.15 23.0 100.96 28.0 3 200,
199 0 100.96 23.0 105.77 28.0 3 201,
200 0 105.77 23.0 110.58 28.0 3 202,
201 0 110.58 23.0 115.38 28.0 3 203,
202 0 115.38 23.0 120.19 28.0 3 204,
203 0 120.19 23.0 125.0 28.0 3 205,
204 0 55.0 20.14 60.0 23.0 3 206,
205 0 55.0 17.29 60.0 20.14 3 207,
206 0 55.0 14.43 60.0 17.29 3 208,
207 0 55.0 11.57 60.0 14.43 3 209,
208 0 55.0 8.71 60.0 11.57 3 210,
209 0 55.0 5.86 60.0 8.71 3 211,
210 0 55.0 3.0 60.0 5.86 3 212,
211 0 62.0 20.14 67.0 23.0 3 213,
212 0 62.0 17.29 67.0 20.14 3 214,
213 0 62.0 14.43 67.0 17.29 3 215,
214 0 62.0 11.57 67.0 14.43 3 216,
215 0 62.0 8.71 67.0 11.57 3 217,
216 0 62.0 5.86 67.0 8.71 3 218,
217 0 62.0 3.0 67.0 5.86 3 219,
218 0 67.0 20.14 72.0 23.0 3 220,
219 0 67.0 17.29 72.0 20.14 3 221,
220 0 67.0 14.43 72.0 17.29 3 222,
221 0 67.0 11.57 72.0 14.43 3 223,
222 0 67.0 8.71 72.0 11.57 3 224,
223 0 67.0 5.86 72.0 8.71 3 225,
224 0 67.0 3.0 72.0 5.86 3 226,
225 0 74.0 20.14 79.0 23.0 3 227,
226 0 74.0 17.29 79.0 20.14 3 228,
227 0 74.0 14.43 79.0 17.29 3 229,
228 0 74.0 11.57 79.0 14.43 3 230,
229 0 74.0 8.71 79.0 11.57 3 231,
230 0 74.0 5.86 79.0 8.71 3 232,
231 0 74.0 3.0 79.0 5.86 3 233,
232 0 0.0 30.0 4.81 35.0 4 234,
233 0 4.81 30.0 9.62 35.0 4 235,
234 0 9.62 30.0 14.42 35.0 4 236,
235 0 14.42 30.0 19.23 35.0 4 237,
236 0 19.23 30.0 24.04 35.0 4 238,
237 0 24.04 30.0 28.85 35.0 4 239,
238 0 28.85 30.0 33.65 35.0 4 240,
239 0 33.65 30.0 38.46 35.0 4 241,
240 0 38.46 30.0 43.27 35.0 4 242,
241 0 43.27 30.0 48.08 35.0 4 243,
242 0 48.08 30.0 52.88 35.0 4 244,
243 0 52.88 30.0 57.69 35.0 4 245,
244 0 57.69 30.0 62.5 35.0 4 246,
245 0 62.5 30.0 67.31 35.0 4 247,
246 0 67.31 30.0 72.12 35.0 4 248,
247 0 72.12 30.0 76.92 35.0 4 249,
248 0 76.92 30.0 81.73 35.0 4 250,
249 0 81.73 30.0 86.54 35.0 4 251,
250 0 86.54 30.0 91.35 35.0 4 252,
251 0 91.35 30.0 96.15 35.0 4 253,
252 0 96.15 30.0 100.96 35.0 4 254,
253 0 100.96 30.0 105.77 35.0 4 255,
254 0 105.77 30.0 110.58 35.0 4 256,
255 0 110.58 30.0 115.38 35.0 4 257,
256 0 115.38 30.0 120.19 35.0 4 258,
257 0 120.19 30.0 125.0 35.0 4 259,
258 0 0.0 23.0 4.81 28.0 4 260,
259 0 4.81 23.0 9.62 28.0 4 261,
260 0 9.62 23.0 14.42 28.0 4 262,
261 0 14.42 23.0 19.23 28.0 4 263,
262 0 19.23 23.0 24.04 28.0 4 264,
263 0 24.04 23.0 28.85 28.0 4 265,
264 0 28.85 23.0 33.65 28.0 4 266,
265 0 33.65 23.0 38.46 28.0 4 267,
266 0 38.46 23.0 43.27 28.0 4 268,
267 0 43.27 23.0 48.08 28.0 4 269,
268 0 48.08 23.0 52.88 28.0 4 270,
269 0 52.88 23.0 57.69 28.0 4 271,
270 0 62.5 23.0 67.31 28.0 4 272,
271 0 67.31 23.0 72.12 28.0 4 273,
272 0 76.92 23.0 81.73 28.0 4 274,
273 0 81.73 23.0 86.54 28.0 4 275,
274 0 86.54 23.0 91.35 28.0 4 276,
275 0 91.35 23.0 96.15 28.0 4 277,
276 0 96.15 23.0 100.96 28.0 4 278,
277 0 100.96 23.0 105.77 28.0 4 279,
278 0 105.77 23.0 110.58 28.0 4 280,
279 0 110.58 23.0 115.38 28.0 4 281,
280 0 115.38 23.0 120.19 28.0 4 282,
281 0 120.19 23.0 125.0 28.0 4 283,
282 0 55.0 20.14 60.0 23.0 4 284,
283 0 55.0 17.29 60.0 20.14 4 285,
284 0 55.0 14.43 60.0 17.29 4 286,
285 0 55.0 11.57 60.0 14.43 4 287,
286 0 55.0 8.71 60.0 11.57 4 288,
287 0 55.0 5.86 60.0 8.71 4 289,
288 0 55.0 3.0 60.0 5.86 4 290,
289 0 62.0 20.14 67.0 23.0 4 291,
290 0 62.0 17.29 67.0 20.14 4 292,
291 0 62.0 14.43 67.0 17.29 4 293,
292 0 62.0 11.57 67.0 14.43 4 294,
293 0 62.0 8.71 67.0 11.57 4 295,
294 0 62.0 5.86 67.0 8.71 4 296,
295 0 62.0 3.0 67.0 5.86 4 297,
296 0 67.0 20.14 72.0 23.0 4 298,
297 0 67.0 17.29 72.0 20.14 4 299,
298 0 67.0 14.43 72.0 17.29 4 300,
299 0 67.0 11.57 72.0 14.43 4 301,
300 0 67.0 8.71 72.0 11.57 4 302,
301 0 67.0 5.86 72.0 8.71 4 303,
302 0 67.0 3.0 72.0 5.86 4 304,
303 0 74.0 20.14 79.0 23.0 4 305,
304 0 74.0 17.29 79.0 20.14 4 306,
305 0 74.0 14.43 79.0 17.29 4 307,
306 0 74.0 11.57 79.0 14.43 4 308,
307 0 74.0 8.71 79.0 11.57 4 309,
308 0 74.0 5.86 79.0 8.71 4 310,
309 0 74.0 3.0 79.0 5.86 4 311,
310 0 0.0 30.0 4.81 35.0 5 312,
311 0 4.81 30.0 9.62 35.0 5 313,
312 0 9.62 30.0 14.42 35.0 5 314,
313 0 14.42 30.0 19.23 35.0 5 315,
314 0 19.23 30.0 24.04 35.0 5 316,
315 0 24.04 30.0 28.85 35.0 5 317,
316 0 28.85 30.0 33.65 35.0 5 318,
317 0 33.65 30.0 38.46 35.0 5 319,
318 0 38.46 30.0 43.27 35.0 5 320,
319 0 43.27 30.0 48.08 35.0 5 321,
320 0 48.08 30.0 52.88 35.0 5 322,
321 0 52.88 30.0 57.69 35.0 5 323,
322 0 57.69 30.0 62.5 35.0 5 324,
323 0 62.5 30.0 67.31 35.0 5 325,
324 0 67.31 30.0 72.12 35.0 5 326,
325 0 72.12 30.0 76.92 35.0 5 327,
326 0 76.92 30.0 81.73 35.0 5 328,
327 0 81.73 30.0 86.54 35.0 5 329,
328 0 86.54 30.0 91.35 35.0 5 330,
329 0 91.35 30.0 96.15 35.0 5 331,
330 0 96.15 30.0 100.96 35.0 5 332,
331 0 100.96 30.0 105.77 35.0 5 333,
332 0 105.77 30.0 110.58 35.0 5 334,
333 0 110.58 30.0 115.38 35.0 5 335,
334 0 115.38 30.0 120.19 35.0 5 336,
335 0 120.19 30.0 125.0 35.0 5 337,
336 0 0.0 23.0 4.81 28.0 5 338,
337 0 4.81 23.0 9.62 28.0 5 339,
338 0 9.62 23.0 14.42 28.0 5 340,
339 0 14.42 23.0 19.23 28.0 5 341,
340 0 19.23 23.0 24.04 28.0 5 342,
341 0 24.04 23.0 28.85 28.0 5 343,
342 0 28.85 23.0 33.65 28.0 5 344,
343 0 33.65 23.0 38.46 28.0 5 345,
344 0 38.46 23.0 43.27 28.0 5 346,
345 0 43.27 23.0 48.08 28.0 5 347,
346 0 48.08 23.0 52.88 28.0 5 348,
347 0 52.88 23.0 57.69 28.0 5 349,
348 0 62.5 23.0 67.31 28.0 5 350,
349 0 67.31 23.0 72.12 28.0 5 351,
350 0 76.92 23.0 81.73 28.0 5 352,
351 0 81.73 23.0 86.54 28.0 5 353,
352 0 86.54 23.0 91.35 28.0 5 354,
353 0 91.35 23.0 96.15 28.0 5 355,
354 0 96.15 23.0 100.96 28.0 5 356,
355 0 100.96 23.0 105.77 28.0 5 357,
356 0 105.77 23.0 110.58 28.0 5 358,
357 0 110.58 23.0 115.38 28.0 5 359,
358 0 115.38 23.0 120.19 28.0 5 360,
359 0 120.19 23.0 125.0 28.0 5 361,
360 0 55.0 20.14 60.0 23.0 5 362,
361 0 55.0 17.29 60.0 20.14 5 363,
362 0 55.0 14.43 60.0 17.29 5 364,
363 0 55.0 11.57 60.0 14.43 5 365,
364 0 55.0 8.71 60.0 11.57 5 366,
365 0 55.0 5.86 60.0 8.71 5 367,
366 0 55.0 3.0 60.0 5.86 5 368,
367 0 62.0 20.14 67.0 23.0 5 369,
368 0 62.0 17.29 67.0 20.14 5 370,
369 0 62.0 14.43 67.0 17.29 5 371,
370 0 62.0 11.57 67.0 14.43 5 372,
371 0 62.0 8.71 67.0 11.57 5 373,
372 0 62.0 5.86 67.0 8.71 5 374,
373 0 62.0 3.0 67.0 5.86 5 375,
374 0 67.0 20.14 72.0 23.0 5 376,
375 0 67.0 17.29 72.0 20.14 5 377,
376 0 67.0 14.43 72.0 17.29 5 378,
377 0 67.0 11.57 72.0 14.43 5 379,
378 0 67.0 8.71 72.0 11.57 5 380,
379 0 67.0 5.86 72.0 8.71 5 381,
380 0 67.0 3.0 72.0 5.86 5 382,
381 0 74.0 20.14 79.0 23.0 5 383,
382 0 74.0 17.29 79.0 20.14 5 384,
383 0 74.0 14.43 79.0 17.29 5 385,
384 0 74.0 11.57 79.0 14.43 5 386,
385 0 74.0 8.71 79.0 11.57 5 387,
386 0 74.0 5.86 79.0 8.71 5 388,
387 0 74.0 3.0 79.0 5.86 5 389,
388 0 0.0 30.0 4.81 35.0 6 390,
389 0 4.81 30.0 9.62 35.0 6 391,
390 0 9.62 30.0 14.42 35.0 6 392,
391 0 14.42 30.0 19.23 35.0 6 393,
392 0 19.23 30.0 24.04 35.0 6 394,
393 0 24.04 30.0 28.85 35.0 6 395,
394 0 28.85 30.0 33.65 35.0 6 396,
395 0 33.65 30.0 38.46 35.0 6 397,
396 0 38.46 30.0 43.27 35.0 6 398,
397 0 43.27 30.0 48.08 35.0 6 399,
398 0 48.08 30.0 52.88 35.0 6 400,
399 0 52.88 30.0 57.69 35.0 6 401,
400 0 57.69 30.0 62.5 35.0 6 402,
401 0 62.5 30.0 67.31 35.0 6 403,
402 0 67.31 30.0 72.12 35.0 6 404,
403 0 72.12 30.0 76.92 35.0 6 405,
404 0 76.92 30.0 81.73 35.0 6 406,
405 0 81.73 30.0 86.54 35.0 6 407,
406 0 86.54 30.0 91.35 35.0 6 408,
407 0 91.35 30.0 96.15 35.0 6 409,
408 0 96.15 30.0 100.96 35.0 6 410,
409 0 100.96 30.0 105.77 35.0 6 411,
410 0 105.77 30.0 110.58 35.0 6 412,
411 0 110.58 30.0 115.38 35.0 6 413,
412 0 115.38 30.0 120.19 35.0 6 414,
413 0 120.19 30.0 125.0 35.0 6 415,
414 0 0.0 23.0 4.81 28.0 6 416,
415 0 4.81 23.0 9.62 28.0 6 417,
416 0 9.62 23.0 14.42 28.0 6 418,
417 0 14.42 23.0 19.23 28.0 6 419,
418 0 19.23 23.0 24.04 28.0 6 420,
419 0 24.04 23.0 28.85 28.0 6 421,
420 0 28.85 23.0 33.65 28.0 6 422,
421 0 33.65 23.0 38.46 28.0 6 423,
422 0 38.46 23.0 43.27 28.0 6 424,
423 0 43.27 23.0 48.08 28.0 6 425,
424 0 48.08 23.0 52.88 28.0 6 426,
425 0 52.88 23.0 57.69 28.0 6 427,
426 0 62.5 23.0 67.31 28.0 6 428,
427 0 67.31 23.0 72.12 28.0 6 429,
428 0 76.92 23.0 81.73 28.0 6 430,
429 0 81.73 23.0 86.54 28.0 6 431,
430 0 86.54 23.0 91.35 28.0 6 432,
431 0 91.35 23.0 96.15 28.0 6 433,
432 0 96.15 23.0 100.96 28.0 6 434,
433 0 100.96 23.0 105.77 28.0 6 435,
434 0 105.77 23.0 110.58 28.0 6 436,
435 0 110.58 23.0 115.38 28.0 6 437,
436 0 115.38 23.0 120.19 28.0 6 438,
437 0 120.19 23.0 125.0 28.0 6 439,
438 0 55.0 20.14 60.0 23.0 6 440,
439 0 55.0 17.29 60.0 20.14 6 441,
440 0 55.0 14.43 60.0 17.29 6 442,
441 0 55.0 11.57 60.0 14.43 6 443,
442 0 55.0 8.71 60.0 11.57 6 444,
443 0 55.0 5.86 60.0 8.71 6 445,
444 0 55.0 3.0 60.0 5.86 6 446,
445 0 62.0 20.14 67.0 23.0 6 447,
446 0 62.0 17.29 67.0 20.14 6 448,
447 0 62.0 14.43 67.0 17.29 6 449,
448 0 62.0 11.57 67.0 14.43 6 450,
449 0 62.0 8.71 67.0 11.57 6 451,
450 0 62.0 5.86 67.0 8.71 6 452,
451 0 62.0 3.0 67.0 5.86 6 453,
452 0 67.0 20.14 72.0 23.0 6 454,
453 0 67.0 17.29 72.0 20.14 6 455,
454 0 67.0 14.43 72.0 17.29 6 456,
455 0 67.0 11.57 72.0 14.43 6 457,
456 0 67.0 8.71 72.0 11.57 6 458,
457 0 67.0 5.86 72.0 8.71 6 459,
458 0 67.0 3.0 72.0 5.86 6 460,
459 0 74.0 20.14 79.0 23.0 6 461,
460 0 74.0 17.29 79.0 20.14 6 462,
461 0 74.0 14.43 79.0 17.29 6 463,
462 0 74.0 11.57 79.0 14.43 6 464,
463 0 74.0 8.71 79.0 11.57 6 465,
464 0 74.0 5.86 79.0 8.71 6 466,
465 0 74.0 3.0 79.0 5.86 6 467,
466 0 0.0 30.0 4.81 35.0 7 468,
467 0 4.81 30.0 9.62 35.0 7 469,
468 0 9.62 30.0 14.42 35.0 7 470,
469 0 14.42 30.0 19.23 35.0 7 471,
470 0 19.23 30.0 24.04 35.0 7 472,
471 0 24.04 30.0 28.85 35.0 7 473,
472 0 28.85 30.0 33.65 35.0 7 474,
473 0 33.65 30.0 38.46 35.0 7 475,
474 0 38.46 30.0 43.27 35.0 7 476,
475 0 43.27 30.0 48.08 35.0 7 477,
476 0 48.08 30.0 52.88 35.0 7 478,
477 0 52.88 30.0 57.69 35.0 7 479,
478 0 57.69 30.0 62.5 35.0 7 480,
479 0 62.5 30.0 67.31 35.0 7 481,
480 0 67.31 30.0 72.12 35.0 7 482,
481 0 72.12 30.0 76.92 35.0 7 483,
482 0 76.92 30.0 81.73 35.0 7 484,
483 0 81.73 30.0 86.54 35.0 7 485,
484 0 86.54 30.0 91.35 35.0 7 486,
485 0 91.35 30.0 96.15 35.0 7 487,
486 0 96.15 30.0 100.96 35.0 7 488,
487 0 100.96 30.0 105.77 35.0 7 489,
488 0 105.77 30.0 110.58 35.0 7 490,
489 0 110.58 30.0 115.38 35.0 7 491,
490 0 115.38 30.0 120.19 35.0 7 492,
491 0 120.19 30.0 125.0 35.0 7 493,
492 0 0.0 23.0 4.81 28.0 7 494,
493 0 4.81 23.0 9.62 28.0 7 495,
494 0 9.62 23.0 14.42 28.0 7 496,
495 0 14.42 23.0 19.23 28.0 7 497,
496 0 19.23 23.0 24.04 28.0 7 498,
497 0 24.04 23.0 28.85 28.0 7 499,
498 0 28.85 23.0 33.65 28.0 7 500,
499 0 33.65 23.0 38.46 28.0 7 501,
500 0 38.46 23.0 43.27 28.0 7 502,
501 0 43.27 23.0 48.08 28.0 7 503,
502 0 48.08 23.0 52.88 28.0 7 504,
503 0 52.88 23.0 57.69 28.0 7 505,
504 0 62.5 23.0 67.31 28.0 7 506,
505 0 67.31 23.0 72.12 28.0 7 507,
506 0 76.92 23.0 81.73 28.0 7 508,
507 0 81.73 23.0 86.54 28.0 7 509,
508 0 86.54 23.0 91.35 28.0 7 510,
509 0 91.35 23.0 96.15 28.0 7 511,
510 0 96.15 23.0 100.96 28.0 7 512,
511 0 100.96 23.0 105.77 28.0 7 513,
512 0 105.77 23.0 110.58 28.0 7 514,
513 0 110.58 23.0 115.38 28.0 7 515,
514 0 115.38 23.0 120.19 28.0 7 516,
515 0 120.19 23.0 125.0 28.0 7 517,
516 0 55.0 20.14 60.0 23.0 7 518,
517 0 55.0 17.29 60.0 20.14 7 519,
518 0 55.0 14.43 60.0 17.29 7 520,
519 0 55.0 11.57 60.0 14.43 7 521,
520 0 55.0 8.71 60.0 11.57 7 522,
521 0 55.0 5.86 60.0 8.71 7 523,
522 0 55.0 3.0 60.0 5.86 7 524,
523 0 62.0 20.14 67.0 23.0 7 525,
524 0 62.0 17.29 67.0 20.14 7 526,
525 0 62.0 14.43 67.0 17.29 7 527,
526 0 62.0 11.57 67.0 14.43 7 528,
527 0 62.0 8.71 67.0 11.57 7 529,
528 0 62.0 5.86 67.0 8.71 7 530,
529 0 62.0 3.0 67.0 5.86 7 531,
530 0 67.0 20.14 72.0 23.0 7 532,
531 0 67.0 17.29 72.0 20.14 7 533,
532 0 67.0 14.43 72.0 17.29 7 534,
533 0 67.0 11.57 72.0 14.43 7 535,
534 0 67.0 8.71 72.0 11.57 7 536,
535 0 67.0 5.86 72.0 8.71 7 537,
536 0 67.0 3.0 72.0 5.86 7 538,
537 0 74.0 20.14 79.0 23.0 7 539,
538 0 74.0 17.29 79.0 20.14 7 540,
539 0 74.0 14.43 79.0 17.29 7 541,
540 0 74.0 11.57 79.0 14.43 7 542,
541 0 74.0 8.71 79.0 11.57 7 543,
542 0 74.0 5.86 79.0 8.71 7 544,
543 0 74.0 3.0 79.0 5.86 7 545,
544 0 0.0 30.0 4.81 35.0 8 546,
545 0 4.81 30.0 9.62 35.0 8 547,
546 0 9.62 30.0 14.42 35.0 8 548,
547 0 14.42 30.0 19.23 35.0 8 549,
548 0 19.23 30.0 24.04 35.0 8 550,
549 0 24.04 30.0 28.85 35.0 8 551,
550 0 28.85 30.0 33.65 35.0 8 552,
551 0 33.65 30.0 38.46 35.0 8 553,
552 0 38.46 30.0 43.27 35.0 8 554,
553 0 43.27 30.0 48.08 35.0 8 555,
554 0 48.08 30.0 52.88 35.0 8 556,
555 0 52.88 30.0 57.69 35.0 8 557,
556 0 57.69 30.0 62.5 35.0 8 558,
557 0 62.5 30.0 67.31 35.0 8 559,
558 0 67.31 30.0 72.12 35.0 8 560,
559 0 72.12 30.0 76.92 35.0 8 561,
560 0 76.92 30.0 81.73 35.0 8 562,
561 0 81.73 30.0 86.54 35.0 8 563,
562 0 86.54 30.0 91.35 35.0 8 564,
563 0 91.35 30.0 96.15 35.0 8 565,
564 0 96.15 30.0 100.96 35.0 8 566,
565 0 100.96 30.0 105.77 35.0 8 567,
566 0 105.77 30.0 110.58 35.0 8 568,
567 0 110.58 30.0 115.38 35.0 8 569,
568 0 115.38 30.0 120.19 35.0 8 570,
569 0 120.19 30.0 125.0 35.0 8 571,
570 0 0.0 23.0 4.81 28.0 8 572,
571 0 4.81 23.0 9.62 28.0 8 573,
572 0 9.62 23.0 14.42 28.0 8 574,
573 0 14.42 23.0 19.23 28.0 8 575,
574 0 19.23 23.0 24.04 28.0 8 576,
575 0 24.04 23.0 28.85 28.0 8 577,
576 0 28.85 23.0 33.65 28.0 8 578,
577 0 33.65 23.0 38.46 28.0 8 579,
578 0 38.46 23.0 43.27 28.0 8 580,
579 0 43.27 23.0 48.08 28.0 8 581,
580 0 48.08 23.0 52.88 28.0 8 582,
581 0 52.88 23.0 57.69 28.0 8 583,
582 0 62.5 23.0 67.31 28.0 8 584,
583 0 67.31 23.0 72.12 28.0 8 585,
584 0 76.92 23.0 81.73 28.0 8 586,
585 0 81.73 23.0 86.54 28.0 8 587,
586 0 86.54 23.0 91.35 28.0 8 588,
587 0 91.35 23.0 96.15 28.0 8 589,
588 0 96.15 23.0 100.96 28.0 8 590,
589 0 100.96 23.0 105.77 28.0 8 591,
590 0 105.77 23.0 110.58 28.0 8 592,
591 0 110.58 23.0 115.38 28.0 8 593,
592 0 115.38 23.0 120.19 28.0 8 594,
593 0 120.19 23.0 125.0 28.0 8 595,
594 0 55.0 20.14 60.0 23.0 8 596,
595 0 55.0 17.29 60.0 20.14 8 597,
596 0 55.0 14.43 60.0 17.29 8 598,
597 0 55.0 11.57 60.0 14.43 8 599,
598 0 55.0 8.71 60.0 11.57 8 600,
599 0 55.0 5.86 60.0 8.71 8 601,
600 0 55.0 3.0 60.0 5.86 8 602,
601 0 62.0 20.14 67.0 23.0 8 603,
602 0 62.0 17.29 67.0 20.14 8 604,
603 0 62.0 14.43 67.0 17.29 8 605,
604 0 62.0 11.57 67.0 14.43 8 606,
605 0 62.0 8.71 67.0 11.57 8 607,
606 0 62.0 5.86 67.0 8.71 8 608,
607 0 62.0 3.0 67.0 5.86 8 609,
608 0 67.0 20.14 72.0 23.0 8 610,
609 0 67.0 17.29 72.0 20.14 8 611,
610 0 67.0 14.43 72.0 17.29 8 612,
611 0 67.0 11.57 72.0 14.43 8 613,
612 0 67.0 8.71 72.0 11.57 8 614,
613 0 67.0 5.86 72.0 8.71 8 615,
614 0 67.0 3.0 72.0 5.86 8 616,
615 0 74.0 20.14 79.0 23.0 8 617,
616 0 74.0 17.29 79.0 20.14 8 618,
617 0 74.0 14.43 79.0 17.29 8 619,
618 0 74.0 11.57 79.0 14.43 8 620,
619 0 74.0 8.71 79.0 11.57 8 621,
620 0 74.0 5.86 79.0 8.71 8 622,
621 0 74.0 3.0 79.0 5.86 8 623,
622 0 0.0 30.0 4.81 35.0 9 624,
623 0 4.81 30.0 9.62 35.0 9 625,
624 0 9.62 30.0 14.42 35.0 9 626,
625 0 14.42 30.0 19.23 35.0 9 627,
626 0 19.23 30.0 24.04 35.0 9 628,
627 0 24.04 30.0 28.85 35.0 9 629,
628 0 28.85 30.0 33.65 35.0 9 630,
629 0 33.65 30.0 38.46 35.0 9 631,
630 0 38.46 30.0 43.27 35.0 9 632,
631 0 43.27 30.0 48.08 35.0 9 633,
632 0 48.08 30.0 52.88 35.0 9 634,
633 0 52.88 30.0 57.69 35.0 9 635,
634 0 57.69 30.0 62.5 35.0 9 636,
635 0 62.5 30.0 67.31 35.0 9 637,
636 0 67.31 30.0 72.12 35.0 9 638,
637 0 72.12 30.0 76.92 35.0 9 639,
638 0 76.92 30.0 81.73 35.0 9 640,
639 0 81.73 30.0 86.54 35.0 9 641,
640 0 86.54 30.0 91.35 35.0 9 642,
641 0 91.35 30.0 96.15 35.0 9 643,
642 0 96.15 30.0 100.96 35.0 9 644,
643 0 100.96 30.0 105.77 35.0 9 645,
644 0 105.77 30.0 110.58 35.0 9 646,
645 0 110.58 30.0 115.38 35.0 9 647,
646 0 115.38 30.0 120.19 35.0 9 648,
647 0 120.19 30.0 125.0 35.0 9 649,
648 0 0.0 23.0 4.81 28.0 9 650,
649 0 4.81 23.0 9.62 28.0 9 651,
650 0 9.62 23.0 14.42 28.0 9 652,
651 0 14.42 23.0 19.23 28.0 9 653,
652 0 19.23 23.0 24.04 28.0 9 654,
653 0 24.04 23.0 28.85 28.0 9 655,
654 0 28.85 23.0 33.65 28.0 9 656,
655 0 33.65 23.0 38.46 28.0 9 657,
656 0 38.46 23.0 43.27 28.0 9 658,
657 0 43.27 23.0 48.08 28.0 9 659,
658 0 48.08 23.0 52.88 28.0 9 660,
659 0 52.88 23.0 57.69 28.0 9 661,
660 0 62.5 23.0 67.31 28.0 9 662,
661 0 67.31 23.0 72.12 28.0 9 663,
662 0 76.92 23.0 81.73 28.0 9 664,
663 0 81.73 23.0 86.54 28.0 9 665,
664 0 86.54 23.0 91.35 28.0 9 666,
665 0 91.35 23.0 96.15 28.0 9 667,
666 0 96.15 23.0 100.96 28.0 9 668,
667 0 100.96 23.0 105.77 28.0 9 669,
668 0 105.77 23.0 110.58 28.0 9 670,
669 0 110.58 23.0 115.38 28.0 9 671,
670 0 115.38 23.0 120.19 28.0 9 672,
671 0 120.19 23.0 125.0 28.0 9 673,
672 0 55.0 20.14 60.0 23.0 9 674,
673 0 55.0 17.29 60.0 20.14 9 675,
674 0 55.0 14.43 60.0 17.29 9 676,
675 0 55.0 11.57 60.0 14.43 9 677,
676 0 55.0 8.71 60.0 11.57 9 678,
677 0 55.0 5.86 60.0 8.71 9 679,
678 0 55.0 3.0 60.0 5.86 9 680,
679 0 62.0 20.14 67.0 23.0 9 681,
680 0 62.0 17.29 67.0 20.14 9 682,
681 0 62.0 14.43 67.0 17.29 9 683,
682 0 62.0 11.57 67.0 14.43 9 684,
683 0 62.0 8.71 67.0 11.57 9 685,
684 0 62.0 5.86 67.0 8.71 9 686,
685 0 62.0 3.0 67.0 5.86 9 687,
686 0 67.0 20.14 72.0 23.0 9 688,
687 0 67.0 17.29 72.0 20.14 9 689,
688 0 67.0 14.43 72.0 17.29 9 690,
689 0 67.0 11.57 72.0 14.43 9 691,
690 0 67.0 8.71 72.0 11.57 9 692,
691 0 67.0 5.86 72.0 8.71 9 693,
692 0 67.0 3.0 72.0 5.86 9 694,
693 0 74.0 20.14 79.0 23.0 9 695,
694 0 74.0 17.29 79.0 20.14 9 696,
695 0 74.0 14.43 79.0 17.29 9 697,
696 0 74.0 11.57 79.0 14.43 9 698,
697 0 74.0 8.71 79.0 11.57 9 699,
698 0 74.0 5.86 79.0 8.71 9 700,
699 0 74.0 3.0 79.0 5.86 9 701,
700 0 0.0 30.0 4.81 35.0 10 702,
701 0 4.81 30.0 9.62 35.0 10 703,
702 0 9.62 30.0 14.42 35.0 10 704,
703 0 14.42 30.0 19.23 35.0 10 705,
704 0 19.23 30.0 24.04 35.0 10 706,
705 0 24.04 30.0 28.85 35.0 10 707,
706 0 28.85 30.0 33.65 35.0 10 708,
707 0 33.65 30.0 38.46 35.0 10 709,
708 0 38.46 30.0 43.27 35.0 10 710,
709 0 43.27 30.0 48.08 35.0 10 711,
710 0 48.08 30.0 52.88 35.0 10 712,
711 0 52.88 30.0 57.69 35.0 10 713,
712 0 57.69 30.0 62.5 35.0 10 714,
713 0 62.5 30.0 67.31 35.0 10 715,
714 0 67.31 30.0 72.12 35.0 10 716,
715 0 72.12 30.0 76.92 35.0 10 717,
716 0 76.92 30.0 81.73 35.0 10 718,
717 0 81.73 30.0 86.54 35.0 10 719,
718 0 86.54 30.0 91.35 35.0 10 720,
719 0 91.35 30.0 96.15 35.0 10 721,
720 0 96.15 30.0 100.96 35.0 10 722,
721 0 100.96 30.0 105.77 35.0 10 723,
722 0 105.77 30.0 110.58 35.0 10 724,
723 0 110.58 30.0 115.38 35.0 10 725,
724 0 115.38 30.0 120.19 35.0 10 726,
725 0 120.19 30.0 125.0 35.0 10 727,
726 0 0.0 23.0 4.81 28.0 10 728,
727 0 4.81 23.0 9.62 28.0 10 729,
728 0 9.62 23.0 14.42 28.0 10 730,
729 0 14.42 23.0 19.23 28.0 10 731,
730 0 19.23 23.0 24.04 28.0 10 732,
731 0 24.04 23.0 28.85 28.0 10 733,
732 0 28.85 23.0 33.65 28.0 10 734,
733 0 33.65 23.0 38.46 28.0 10 735,
734 0 38.46 23.0 43.27 28.0 10 736,
735 0 43.27 23.0 48.08 28.0 10 737,
736 0 48.08 23.0 52.88 28.0 10 738,
737 0 52.88 23.0 57.69 28.0 10 739,
738 0 62.5 23.0 67.31 28.0 10 740,
739 0 67.31 23.0 72.12 28.0 10 741,
740 0 76.92 23.0 81.73 28.0 10 742,
741 0 81.73 23.0 86.54 28.0 10 743,
742 0 86.54 23.0 91.35 28.0 10 744,
743 0 91.35 23.0 96.15 28.0 10 745,
744 0 96.15 23.0 100.96 28.0 10 746,
745 0 100.96 23.0 105.77 28.0 10 747,
746 0 105.77 23.0 110.58 28.0 10 748,
747 0 110.58 23.0 115.38 28.0 10 749,
748 0 115.38 23.0 120.19 28.0 10 750,
749 0 120.19 23.0 125.0 28.0 10 751,
750 0 55.0 20.14 60.0 23.0 10 752,
751 0 55.0 17.29 60.0 20.14 10 753,
752 0 55.0 14.43 60.0 17.29 10 754,
753 0 55.0 11.57 60.0 14.43 10 755,
754 0 55.0 8.71 60.0 11.57 10 756,
755 0 55.0 5.86 60.0 8.71 10 757,
756 0 55.0 3.0 60.0 5.86 10 758,
757 0 62.0 20.14 67.0 23.0 10 759,
758 0 62.0 17.29 67.0 20.14 10 760,
759 0 62.0 14.43 67.0 17.29 10 761,
760 0 62.0 11.57 67.0 14.43 10 762,
761 0 62.0 8.71 67.0 11.57 10 763,
762 0 62.0 5.86 67.0 8.71 10 764,
763 0 62.0 3.0 67.0 5.86 10 765,
764 0 67.0 20.14 72.0 23.0 10 766,
765 0 67.0 17.29 72.0 20.14 10 767,
766 0 67.0 14.43 72.0 17.29 10 768,
767 0 67.0 11.57 72.0 14.43 10 769,
768 0 67.0 8.71 72.0 11.57 10 770,
769 0 67.0 5.86 72.0 8.71 10 771,
770 0 67.0 3.0 72.0 5.86 10 772,
771 0 74.0 20.14 79.0 23.0 10 773,
772 0 74.0 17.29 79.0 20.14 10 774,
773 0 74.0 14.43 79.0 17.29 10 775,
774 0 74.0 11.57 79.0 14.43 10 776,
775 0 74.0 8.71 79.0 11.57 10 777,
776 0 74.0 5.86 79.0 8.71 10 778,
777 0 74.0 3.0 79.0 5.86 10 779,
778 0 0.0 30.0 4.81 35.0 11 780,
779 0 4.81 30.0 9.62 35.0 11 781,
780 0 9.62 30.0 14.42 35.0 11 782,
781 0 14.42 30.0 19.23 35.0 11 783,
782 0 19.23 30.0 24.04 35.0 11 784,
783 0 24.04 30.0 28.85 35.0 11 785,
784 0 28.85 30.0 33.65 35.0 11 786,
785 0 33.65 30.0 38.46 35.0 11 787,
786 0 38.46 30.0 43.27 35.0 11 788,
787 0 43.27 30.0 48.08 35.0 11 789,
788 0 48.08 30.0 52.88 35.0 11 790,
789 0 52.88 30.0 57.69 35.0 11 791,
790 0 57.69 30.0 62.5 35.0 11 792,
791 0 62.5 30.0 67.31 35.0 11 793,
792 0 67.31 30.0 72.12 35.0 11 794,
793 0 72.12 30.0 76.92 35.0 11 795,
794 0 76.92 30.0 81.73 35.0 11 796,
795 0 81.73 30.0 86.54 35.0 11 797,
796 0 86.54 30.0 91.35 35.0 11 798,
797 0 91.35 30.0 96.15 35.0 11 799,
798 0 96.15 30.0 100.96 35.0 11 800,
799 0 100.96 30.0 105.77 35.0 11 801,
800 0 105.77 30.0 110.58 35.0 11 802,
801 0 110.58 30.0 115.38 35.0 11 803,
802 0 115.38 30.0 120.19 35.0 11 804,
803 0 120.19 30.0 125.0 35.0 11 805,
804 0 0.0 23.0 4.81 28.0 11 806,
805 0 4.81 23.0 9.62 28.0 11 807,
806 0 9.62 23.0 14.42 28.0 11 808,
807 0 14.42 23.0 19.23 28.0 11 809,
808 0 19.23 23.0 24.04 28.0 11 810,
809 0 24.04 23.0 28.85 28.0 11 811,
810 0 28.85 23.0 33.65 28.0 11 812,
811 0 33.65 23.0 38.46 28.0 11 813,
812 0 38.46 23.0 43.27 28.0 11 814,
813 0 43.27 23.0 48.08 28.0 11 815,
814 0 48.08 23.0 52.88 28.0 11 816,
815 0 52.88 23.0 57.69 28.0 11 817,
816 0 62.5 23.0 67.31 28.0 11 818,
817 0 67.31 23.0 72.12 28.0 11 819,
818 0 76.92 23.0 81.73 28.0 11 820,
819 0 81.73 23.0 86.54 28.0 11 821,
820 0 86.54 23.0 91.35 28.0 11 822,
821 0 91.35 23.0 96.15 28.0 11 823,
822 0 96.15 23.0 100.96 28.0 11 824,
823 0 100.96 23.0 105.77 28.0 11 825,
824 0 105.77 23.0 110.58 28.0 11 826,
825 0 110.58 23.0 115.38 28.0 11 827,
826 0 115.38 23.0 120.19 28.0 11 828,
827 0 120.19 23.0 125.0 28.0 11 829,
828 0 55.0 20.14 60.0 23.0 11 830,
829 0 55.0 17.29 60.0 20.14 11 831,
830 0 55.0 14.43 60.0 17.29 11 832,
831 0 55.0 11.57 60.0 14.43 11 833,
832 0 55.0 8.71 60.0 11.57 11 834,
833 0 55.0 5.86 60.0 8.71 11 835,
834 0 55.0 3.0 60.0 5.86 11 836,
835 0 62.0 20.14 67.0 23.0 11 837,
836 0 62.0 17.29 67.0 20.14 11 838,
837 0 62.0 14.43 67.0 17.29 11 839,
838 0 62.0 11.57 67.0 14.43 11 840,
839 0 62.0 8.71 67.0 11.57 11 841,
840 0 62.0 5.86 67.0 8.71 11 842,
841 0 62.0 3.0 67.0 5.86 11 843,
842 0 67.0 20.14 72.0 23.0 11 844,
843 0 67.0 17.29 72.0 20.14 11 845,
844 0 67.0 14.43 72.0 17.29 11 846,
845 0 67.0 11.57 72.0 14.43 11 847,
846 0 67.0 8.71 72.0 11.57 11 848,
847 0 67.0 5.86 72.0 8.71 11 849,
848 0 67.0 3.0 72.0 5.86 11 850,
849 0 74.0 20.14 79.0 23.0 11 851,
850 0 74.0 17.29 79.0 20.14 11 852,
851 0 74.0 14.43 79.0 17.29 11 853,
852 0 74.0 11.57 79.0 14.43 11 854,
853 0 74.0 8.71 79.0 11.57 11 855,
854 0 74.0 5.86 79.0 8.71 11 856,
855 0 74.0 3.0 79.0 5.86 11 857,
856 0 0.0 30.0 4.81 35.0 12 858,
857 0 4.81 30.0 9.62 35.0 12 859,
858 0 9.62 30.0 14.42 35.0 12 860,
859 0 14.42 30.0 19.23 35.0 12 861,
860 0 19.23 30.0 24.04 35.0 12 862,
861 0 24.04 30.0 28.85 35.0 12 863,
862 0 28.85 30.0 33.65 35.0 12 864,
863 0 33.65 30.0 38.46 35.0 12 865,
864 0 38.46 30.0 43.27 35.0 12 866,
865 0 43.27 30.0 48.08 35.0 12 867,
866 0 48.08 30.0 52.88 35.0 12 868,
867 0 52.88 30.0 57.69 35.0 12 869,
868 0 57.69 30.0 62.5 35.0 12 870,
869 0 62.5 30.0 67.31 35.0 12 871,
870 0 67.31 30.0 72.12 35.0 12 872,
871 0 72.12 30.0 76.92 35.0 12 873,
872 0 76.92 30.0 81.73 35.0 12 874,
873 0 81.73 30.0 86.54 35.0 12 875,
874 0 86.54 30.0 91.35 35.0 12 876,
875 0 91.35 30.0 96.15 35.0 12 877,
876 0 96.15 30.0 100.96 35.0 12 878,
877 0 100.96 30.0 105.77 35.0 12 879,
878 0 105.77 30.0 110.58 35.0 12 880,
879 0 110.58 30.0 115.38 35.0 12 881,
880 0 115.38 30.0 120.19 35.0 12 882,
881 0 120.19 30.0 125.0 35.0 12 883,
882 0 0.0 23.0 4.81 28.0 12 884,
883 0 4.81 23.0 9.62 28.0 12 885,
884 0 9.62 23.0 14.42 28.0 12 886,
885 0 14.42 23.0 19.23 28.0 12 887,
886 0 19.23 23.0 24.04 28.0 12 888,
887 0 24.04 23.0 28.85 28.0 12 889,
888 0 28.85 23.0 33.65 28.0 12 890,
889 0 33.65 23.0 38.46 28.0 12 891,
890 0 38.46 23.0 43.27 28.0 12 892,
891 0 43.27 23.0 48.08 28.0 12 893,
892 0 48.08 23.0 52.88 28.0 12 894,
893 0 52.88 23.0 57.69 28.0 12 895,
894 0 62.5 23.0 67.31 28.0 12 896,
895 0 67.31 23.0 72.12 28.0 12 897,
896 0 76.92 23.0 81.73 28.0 12 898,
897 0 81.73 23.0 86.54 28.0 12 899,
898 0 86.54 23.0 91.35 28.0 12 900,
899 0 91.35 23.0 96.15 28.0 12 901,
900 0 96.15 23.0 100.96 28.0 12 902,
901 0 100.96 23.0 105.77 28.0 12 903,
902 0 105.77 23.0 110.58 28.0 12 904,
903 0 110.58 23.0 115.38 28.0 12 905,
904 0 115.38 23.0 120.19 28.0 12 906,
905 0 120.19 23.0 125.0 28.0 12 907,
906 0 55.0 20.14 60.0 23.0 12 908,
907 0 55.0 17.29 60.0 20.14 12 909,
908 0 55.0 14.43 60.0 17.29 12 910,
909 0 55.0 11.57 60.0 14.43 12 911,
910 0 55.0 8.71 60.0 11.57 12 912,
911 0 55.0 5.86 60.0 8.71 12 913,
912 0 55.0 3.0 60.0 5.86 12 914,
913 0 62.0 20.14 67.0 23.0 12 915,
914 0 62.0 17.29 67.0 20.14 12 916,
915 0 62.0 14.43 67.0 17.29 12 917,
916 0 62.0 11.57 67.0 14.43 12 918,
917 0 62.0 8.71 67.0 11.57 12 919,
918 0 62.0 5.86 67.0 8.71 12 920,
919 0 62.0 3.0 67.0 5.86 12 921,
920 0 67.0 20.14 72.0 23.0 12 922,
921 0 67.0 17.29 72.0 20.14 12 923,
922 0 67.0 14.43 72.0 17.29 12 924,
923 0 67.0 11.57 72.0 14.43 12 925,
924 0 67.0 8.71 72.0 11.57 12 926,
925 0 67.0 5.86 72.0 8.71 12 927,
926 0 67.0 3.0 72.0 5.86 12 928,
927 0 74.0 20.14 79.0 23.0 12 929,
928 0 74.0 17.29 79.0 20.14 12 930,
929 0 74.0 14.43 79.0 17.29 12 931,
930 0 74.0 11.57 79.0 14.43 12 932,
931 0 74.0 8.71 79.0 11.57 12 933,
932 0 74.0 5.86 79.0 8.71 12 934,
933 0 74.0 3.0 79.0 5.86 12 935,
934 0 0.0 30.0 4.81 35.0 13 936,
935 0 4.81 30.0 9.62 35.0 13 937,
936 0 9.62 30.0 14.42 35.0 13 938,
937 0 14.42 30.0 19.23 35.0 13 939,
938 0 19.23 30.0 24.04 35.0 13 940,
939 0 24.04 30.0 28.85 35.0 13 941,
940 0 28.85 30.0 33.65 35.0 13 942,
941 0 33.65 30.0 38.46 35.0 13 943,
942 0 38.46 30.0 43.27 35.0 13 944,
943 0 43.27 30.0 48.08 35.0 13 945,
944 0 48.08 30.0 52.88 35.0 13 946,
945 0 52.88 30.0 57.69 35.0 13 947,
946 0 57.69 30.0 62.5 35.0 13 948,
947 0 62.5 30.0 67.31 35.0 13 949,
948 0 67.31 30.0 72.12 35.0 13 950,
949 0 72.12 30.0 76.92 35.0 13 951,
950 0 76.92 30.0 81.73 35.0 13 952,
951 0 81.73 30.0 86.54 35.0 13 953,
952 0 86.54 30.0 91.35 35.0 13 954,
953 0 91.35 30.0 96.15 35.0 13 955,
954 0 96.15 30.0 100.96 35.0 13 956,
955 0 100.96 30.0 105.77 35.0 13 957,
956 0 105.77 30.0 110.58 35.0 13 958,
957 0 110.58 30.0 115.38 35.0 13 959,
958 0 115.38 30.0 120.19 35.0 13 960,
959 0 120.19 30.0 125.0 35.0 13 961,
960 0 0.0 23.0 4.81 28.0 13 962,
961 0 4.81 23.0 9.62 28.0 13 963,
962 0 9.62 23.0 14.42 28.0 13 964,
963 0 14.42 23.0 19.23 28.0 13 965,
964 0 19.23 23.0 24.04 28.0 13 966,
965 0 24.04 23.0 28.85 28.0 13 967,
966 0 28.85 23.0 33.65 28.0 13 968,
967 0 33.65 23.0 38.46 28.0 13 969,
968 0 38.46 23.0 43.27 28.0 13 970,
969 0 43.27 23.0 48.08 28.0 13 971,
970 0 48.08 23.0 52.88 28.0 13 972,
971 0 52.88 23.0 57.69 28.0 13 973,
972 0 62.5 23.0 67.31 28.0 13 974,
973 0 67.31 23.0 72.12 28.0 13 975,
974 0 76.92 23.0 81.73 28.0 13 976,
975 0 81.73 23.0 86.54 28.0 13 977,
976 0 86.54 23.0 91.35 28.0 13 978,
977 0 91.35 23.0 96.15 28.0 13 979,
978 0 96.15 23.0 100.96 28.0 13 980,
979 0 100.96 23.0 105.77 28.0 13 981,
980 0 105.77 23.0 110.58 28.0 13 982,
981 0 110.58 23.0 115.38 28.0 13 983,
982 0 115.38 23.0 120.19 28.0 13 984,
983 0 120.19 23.0 125.0 28.0 13 985,
984 0 55.0 20.14 60.0 23.0 13 986,
985 0 55.0 17.29 60.0 20.14 13 987,
986 0 55.0 14.43 60.0 17.29 13 988,
987 0 55.0 11.57 60.0 14.43 13 989,
988 0 55.0 8.71 60.0 11.57 13 990,
989 0 55.0 5.86 60.0 8.71 13 991,
990 0 55.0 3.0 60.0 5.86 13 992,
991 0 62.0 20.14 67.0 23.0 13 993,
992 0 62.0 17.29 67.0 20.14 13 994,
993 0 62.0 14.43 67.0 17.29 13 995,
994 0 62.0 11.57 67.0 14.43 13 996,
995 0 62.0 8.71 67.0 11.57 13 997,
996 0 62.0 5.86 67.0 8.71 13 998,
997 0 62.0 3.0 67.0 5.86 13 999,
998 0 67.0 20.14 72.0 23.0 13 1000,
999 0 67.0 17.29 72.0 20.14 13 1001,
1000 0 67.0 14.43 72.0 17.29 13 1002,
1001 0 67.0 11.57 72.0 14.43 13 1003,
1002 0 67.0 8.71 72.0 11.57 13 1004,
1003 0 67.0 5.86 72.0 8.71 13 1005,
1004 0 67.0 3.0 72.0 5.86 13 1006,
1005 0 74.0 20.14 79.0 23.0 13 1007,
1006 0 74.0 17.29 79.0 20.14 13 1008,
1007 0 74.0 14.43 79.0 17.29 13 1009,
1008 0 74.0 11.57 79.0 14.43 13 1010,
1009 0 74.0 8.71 79.0 11.57 13 1011,
1010 0 74.0 5.86 79.0 8.71 13 1012,
1011 0 74.0 3.0 79.0 5.86 13 1013,
1012 0 0.0 30.0 4.81 35.0 14 1014,
1013 0 4.81 30.0 9.62 35.0 14 1015,
1014 0 9.62 30.0 14.42 35.0 14 1016,
1015 0 14.42 30.0 19.23 35.0 14 1017,
1016 0 19.23 30.0 24.04 35.0 14 1018,
1017 0 24.04 30.0 28.85 35.0 14 1019,
1018 0 28.85 30.0 33.65 35.0 14 1020,
1019 0 33.65 30.0 38.46 35.0 14 1021,
1020 0 38.46 30.0 43.27 35.0 14 1022,
1021 0 43.27 30.0 48.08 35.0 14 1023,
1022 0 48.08 30.0 52.88 35.0 14 1024,
1023 0 52.88 30.0 57.69 35.0 14 1025,
1024 0 57.69 30.0 62.5 35.0 14 1026,
1025 0 62.5 30.0 67.31 35.0 14 1027,
1026 0 67.31 30.0 72.12 35.0 14 1028,
1027 0 72.12 30.0 76.92 35.0 14 1029,
1028 0 76.92 30.0 81.73 35.0 14 1030,
1029 0 81.73 30.0 86.54 35.0 14 1031,
1030 0 86.54 30.0 91.35 35.0 14 1032,
1031 0 91.35 30.0 96.15 35.0 14 1033,
1032 0 96.15 30.0 100.96 35.0 14 1034,
1033 0 100.96 30.0 105.77 35.0 14 1035,
1034 0 105.77 30.0 110.58 35.0 14 1036,
1035 0 110.58 30.0 115.38 35.0 14 1037,
1036 0 115.38 30.0 120.19 35.0 14 1038,
1037 0 120.19 30.0 125.0 35.0 14 1039,
1038 0 0.0 23.0 4.81 28.0 14 1040,
1039 0 4.81 23.0 9.62 28.0 14 1041,
1040 0 9.62 23.0 14.42 28.0 14 1042,
1041 0 14.42 23.0 19.23 28.0 14 1043,
1042 0 19.23 23.0 24.04 28.0 14 1044,
1043 0 24.04 23.0 28.85 28.0 14 1045,
1044 0 28.85 23.0 33.65 28.0 14 1046,
1045 0 33.65 23.0 38.46 28.0 14 1047,
1046 0 38.46 23.0 43.27 28.0 14 1048,
1047 0 43.27 23.0 48.08 28.0 14 1049,
1048 0 48.08 23.0 52.88 28.0 14 1050,
1049 0 52.88 23.0 57.69 28.0 14 1051,
1050 0 62.5 23.0 67.31 28.0 14 1052,
1051 0 67.31 23.0 72.12 28.0 14 1053,
1052 0 76.92 23.0 81.73 28.0 14 1054,
1053 0 81.73 23.0 86.54 28.0 14 1055,
1054 0 86.54 23.0 91.35 28.0 14 1056,
1055 0 91.35 23.0 96.15 28.0 14 1057,
1056 0 96.15 23.0 100.96 28.0 14 1058,
1057 0 100.96 23.0 105.77 28.0 14 1059,
1058 0 105.77 23.0 110.58 28.0 14 1060,
1059 0 110.58 23.0 115.38 28.0 14 1061,
1060 0 115.38 23.0 120.19 28.0 14 1062,
1061 0 120.19 23.0 125.0 28.0 14 1063,
1062 0 55.0 20.14 60.0 23.0 14 1064,
1063 0 55.0 17.29 60.0 20.14 14 1065,
1064 0 55.0 14.43 60.0 17.29 14 1066,
1065 0 55.0 11.57 60.0 14.43 14 1067,
1066 0 55.0 8.71 60.0 11.57 14 1068,
1067 0 55.0 5.86 60.0 8.71 14 1069,
1068 0 55.0 3.0 60.0 5.86 14 1070,
1069 0 62.0 20.14 67.0 23.0 14 1071,
1070 0 62.0 17.29 67.0 20.14 14 1072,
1071 0 62.0 14.43 67.0 17.29 14 1073,
1072 0 62.0 11.57 67.0 14.43 14 1074,
1073 0 62.0 8.71 67.0 11.57 14 1075,
1074 0 62.0 5.86 67.0 8.71 14 1076,
1075 0 62.0 3.0 67.0 5.86 14 1077,
1076 0 67.0 20.14 72.0 23.0 14 1078,
1077 0 67.0 17.29 72.0 20.14 14 1079,
1078 0 67.0 14.43 72.0 17.29 14 1080,
1079 0 67.0 11.57 72.0 14.43 14 1081,
1080 0 67.0 8.71 72.0 11.57 14 1082,
1081 0 67.0 5.86 72.0 8.71 14 1083,
1082 0 67.0 3.0 72.0 5.86 14 1084,
1083 0 74.0 20.14 79.0 23.0 14 1085,
1084 0 74.0 17.29 79.0 20.14 14 1086,
1085 0 74.0 14.43 79.0 17.29 14 1087,
1086 0 74.0 11.57 79.0 14.43 14 1088,
1087 0 74.0 8.71 79.0 11.57 14 1089,
1088 0 74.0 5.86 79.0 8.71 14 1090,
1089 0 74.0 3.0 79.0 5.86 14 1091,
1090 0 0.0 30.0 4.81 35.0 15 1092,
1091 0 4.81 30.0 9.62 35.0 15 1093,
1092 0 9.62 30.0 14.42 35.0 15 1094,
1093 0 14.42 30.0 19.23 35.0 15 1095,
1094 0 19.23 30.0 24.04 35.0 15 1096,
1095 0 24.04 30.0 28.85 35.0 15 1097,
1096 0 28.85 30.0 33.65 35.0 15 1098,
1097 0 33.65 30.0 38.46 35.0 15 1099,
1098 0 38.46 30.0 43.27 35.0 15 1100,
1099 0 43.27 30.0 48.08 35.0 15 1101,
1100 0 48.08 30.0 52.88 35.0 15 1102,
1101 0 52.88 30.0 57.69 35.0 15 1103,
1102 0 57.69 30.0 62.5 35.0 15 1104,
1103 0 62.5 30.0 67.31 35.0 15 1105,
1104 0 67.31 30.0 72.12 35.0 15 1106,
1105 0 72.12 30.0 76.92 35.0 15 1107,
1106 0 76.92 30.0 81.73 35.0 15 1108,
1107 0 81.73 30.0 86.54 35.0 15 1109,
1108 0 86.54 30.0 91.35 35.0 15 1110,
1109 0 91.35 30.0 96.15 35.0 15 1111,
1110 0 96.15 30.0 100.96 35.0 15 1112,
1111 0 100.96 30.0 105.77 35.0 15 1113,
1112 0 105.77 30.0 110.58 35.0 15 1114,
1113 0 110.58 30.0 115.38 35.0 15 1115,
1114 0 115.38 30.0 120.19 35.0 15 1116,
1115 0 120.19 30.0 125.0 35.0 15 1117,
1116 0 0.0 23.0 4.81 28.0 15 1118,
1117 0 4.81 23.0 9.62 28.0 15 1119,
1118 0 9.62 23.0 14.42 28.0 15 1120,
1119 0 14.42 23.0 19.23 28.0 15 1121,
1120 0 19.23 23.0 24.04 28.0 15 1122,
1121 0 24.04 23.0 28.85 28.0 15 1123,
1122 0 28.85 23.0 33.65 28.0 15 1124,
1123 0 33.65 23.0 38.46 28.0 15 1125,
1124 0 38.46 23.0 43.27 28.0 15 1126,
1125 0 43.27 23.0 48.08 28.0 15 1127,
1126 0 48.08 23.0 52.88 28.0 15 1128,
1127 0 52.88 23.0 57.69 28.0 15 1129,
1128 0 62.5 23.0 67.31 28.0 15 1130,
1129 0 67.31 23.0 72.12 28.0 15 1131,
1130 0 76.92 23.0 81.73 28.0 15 1132,
1131 0 81.73 23.0 86.54 28.0 15 1133,
1132 0 86.54 23.0 91.35 28.0 15 1134,
1133 0 91.35 23.0 96.15 28.0 15 1135,
1134 0 96.15 23.0 100.96 28.0 15 1136,
1135 0 100.96 23.0 105.77 28.0 15 1137,
1136 0 105.77 23.0 110.58 28.0 15 1138,
1137 0 110.58 23.0 115.38 28.0 15 1139,
1138 0 115.38 23.0 120.19 28.0 15 1140,
1139 0 120.19 23.0 125.0 28.0 15 1141,
1140 0 55.0 20.14 60.0 23.0 15 1142,
1141 0 55.0 17.29 60.0 20.14 15 1143,
1142 0 55.0 14.43 60.0 17.29 15 1144,
1143 0 55.0 11.57 60.0 14.43 15 1145,
1144 0 55.0 8.71 60.0 11.57 15 1146,
1145 0 55.0 5.86 60.0 8.71 15 1147,
1146 0 55.0 3.0 60.0 5.86 15 1148,
1147 0 62.0 20.14 67.0 23.0 15 1149,
1148 0 62.0 17.29 67.0 20.14 15 1150,
1149 0 62.0 14.43 67.0 17.29 15 1151,
1150 0 62.0 11.57 67.0 14.43 15 1152,
1151 0 62.0 8.71 67.0 11.57 15 1153,
1152 0 62.0 5.86 67.0 8.71 15 1154,
1153 0 62.0 3.0 67.0 5.86 15 1155,
1154 0 67.0 20.14 72.0 23.0 15 1156,
1155 0 67.0 17.29 72.0 20.14 15 1157,
1156 0 67.0 14.43 72.0 17.29 15 1158,
1157 0 67.0 11.57 72.0 14.43 15 1159,
1158 0 67.0 8.71 72.0 11.57 15 1160,
1159 0 67.0 5.86 72.0 8.71 15 1161,
1160 0 67.0 3.0 72.0 5.86 15 1162,
1161 0 74.0 20.14 79.0 23.0 15 1163,
1162 0 74.0 17.29 79.0 20.14 15 1164,
1163 0 74.0 14.43 79.0 17.29 15 1165,
1164 0 74.0 11.57 79.0 14.43 15 1166,
1165 0 74.0 8.71 79.0 11.57 15 1167,
1166 0 74.0 5.86 79.0 8.71 15 1168,
1167 0 74.0 3.0 79.0 5.86 15 1169,
1168 0 0.0 30.0 4.81 35.0 16 1170,
1169 0 4.81 30.0 9.62 35.0 16 1171,
1170 0 9.62 30.0 14.42 35.0 16 1172,
1171 0 14.42 30.0 19.23 35.0 16 1173,
1172 0 19.23 30.0 24.04 35.0 16 1174,
1173 0 24.04 30.0 28.85 35.0 16 1175,
1174 0 28.85 30.0 33.65 35.0 16 1176,
1175 0 33.65 30.0 38.46 35.0 16 1177,
1176 0 38.46 30.0 43.27 35.0 16 1178,
1177 0 43.27 30.0 48.08 35.0 16 1179,
1178 0 48.08 30.0 52.88 35.0 16 1180,
1179 0 52.88 30.0 57.69 35.0 16 1181,
1180 0 57.69 30.0 62.5 35.0 16 1182,
1181 0 62.5 30.0 67.31 35.0 16 1183,
1182 0 67.31 30.0 72.12 35.0 16 1184,
1183 0 72.12 30.0 76.92 35.0 16 1185,
1184 0 76.92 30.0 81.73 35.0 16 1186,
1185 0 81.73 30.0 86.54 35.0 16 1187,
1186 0 86.54 30.0 91.35 35.0 16 1188,
1187 0 91.35 30.0 96.15 35.0 16 1189,
1188 0 96.15 30.0 100.96 35.0 16 1190,
1189 0 100.96 30.0 105.77 35.0 16 1191,
1190 0 105.77 30.0 110.58 35.0 16 1192,
1191 0 110.58 30.0 115.38 35.0 16 1193,
1192 0 115.38 30.0 120.19 35.0 16 1194,
1193 0 120.19 30.0 125.0 35.0 16 1195,
1194 0 0.0 23.0 4.81 28.0 16 1196,
1195 0 4.81 23.0 9.62 28.0 16 1197,
1196 0 9.62 23.0 14.42 28.0 16 1198,
1197 0 14.42 23.0 19.23 28.0 16 1199,
1198 0 19.23 23.0 24.04 28.0 16 1200,
1199 0 24.04 23.0 28.85 28.0 16 1201,
1200 0 28.85 23.0 33.65 28.0 16 1202,
1201 0 33.65 23.0 38.46 28.0 16 1203,
1202 0 38.46 23.0 43.27 28.0 16 1204,
1203 0 43.27 23.0 48.08 28.0 16 1205,
1204 0 48.08 23.0 52.88 28.0 16 1206,
1205 0 52.88 23.0 57.69 28.0 16 1207,
1206 0 62.5 23.0 67.31 28.0 16 1208,
1207 0 67.31 23.0 72.12 28.0 16 1209,
1208 0 76.92 23.0 81.73 28.0 16 1210,
1209 0 81.73 23.0 86.54 28.0 16 1211,
1210 0 86.54 23.0 91.35 28.0 16 1212,
1211 0 91.35 23.0 96.15 28.0 16 1213,
1212 0 96.15 23.0 100.96 28.0 16 1214,
1213 0 100.96 23.0 105.77 28.0 16 1215,
1214 0 105.77 23.0 110.58 28.0 16 1216,
1215 0 110.58 23.0 115.38 28.0 16 1217,
1216 0 115.38 23.0 120.19 28.0 16 1218,
1217 0 120.19 23.0 125.0 28.0 16 1219,
1218 0 55.0 20.14 60.0 23.0 16 1220,
1219 0 55.0 17.29 60.0 20.14 16 1221,
1220 0 55.0 14.43 60.0 17.29 16 1222,
1221 0 55.0 11.57 60.0 14.43 16 1223,
1222 0 55.0 8.71 60.0 11.57 16 1224,
1223 0 55.0 5.86 60.0 8.71 16 1225,
1224 0 55.0 3.0 60.0 5.86 16 1226,
1225 0 62.0 20.14 67.0 23.0 16 1227,
1226 0 62.0 17.29 67.0 20.14 16 1228,
1227 0 62.0 14.43 67.0 17.29 16 1229,
1228 0 62.0 11.57 67.0 14.43 16 1230,
1229 0 62.0 8.71 67.0 11.57 16 1231,
1230 0 62.0 5.86 67.0 8.71 16 1232,
1231 0 62.0 3.0 67.0 5.86 16 1233,
1232 0 67.0 20.14 72.0 23.0 16 1234,
1233 0 67.0 17.29 72.0 20.14 16 1235,
1234 0 67.0 14.43 72.0 17.29 16 1236,
1235 0 67.0 11.57 72.0 14.43 16 1237,
1236 0 67.0 8.71 72.0 11.57 16 1238,
1237 0 67.0 5.86 72.0 8.71 16 1239,
1238 0 67.0 3.0 72.0 5.86 16 1240,
1239 0 74.0 20.14 79.0 23.0 16 1241,
1240 0 74.0 17.29 79.0 20.14 16 1242,
1241 0 74.0 14.43 79.0 17.29 16 1243,
1242 0 74.0 11.57 79.0 14.43 16 1244,
1243 0 74.0 8.71 79.0 11.57 16 1245,
1244 0 74.0 5.86 79.0 8.71 16 1246,
1245 0 74.0 3.0 79.0 5.86 16 1247,
1246 2 1.0 1.0 1.0 1.0 2 1248,1250,
1247 2 1.0 1.0 1.0 1.0 2 1249,1251,
1248 2 1.0 1.0 1.0 1.0 3 1252,1254,
1249 2 1.0 1.0 1.0 1.0 3 1253,1255,
1250 2 1.0 1.0 1.0 1.0 4 1256,1258,
1251 2 1.0 1.0 1.0 1.0 4 1257,1259,
1252 2 1.0 1.0 1.0 1.0 5 1260,1262,
1253 2 1.0 1.0 1.0 1.0 5 1261,1263,
1254 2 1.0 1.0 1.0 1.0 6 1264,1266,
1255 2 1.0 1.0 1.0 1.0 6 1265,1267,
1256 2 1.0 1.0 1.0 1.0 7 1268,1270,
1257 2 1.0 1.0 1.0 1.0 7 1269,1271,
1258 2 1.0 1.0 1.0 1.0 8 1272,1274,
1259 2 1.0 1.0 1.0 1.0 8 1273,1275,
1260 2 1.0 1.0 1.0 1.0 9 1276,1278,
1261 2 1.0 1.0 1.0 1.0 9 1277,1279,
1262 2 1.0 1.0 1.0 1.0 10 1280,1282,
1263 2 1.0 1.0 1.0 1.0 10 1281,1283,
1264 2 1.0 1.0 1.0 1.0 11 1284,1286,
1265 2 1.0 1.0 1.0 1.0 11 1285,1287,
1266 2 1.0 1.0 1.0 1.0 12 1288,1290,
1267 2 1.0 1.0 1.0 1.0 12 1289,1291,
1268 2 1.0 1.0 1.0 1.0 13 1292,1294,
1269 2 1.0 1.0 1.0 1.0 13 1293,1295,
1270 2 1.0 1.0 1.0 1.0 14 1296,1298,
1271 2 1.0 1.0 1.0 1.0 14 1297,1299,
1272 2 1.0 1.0 1.0 1.0 15 1300,1302,
1273 2 1.0 1.0 1.0 1.0 15 1301,1303,
1274 2 1.0 1.0 1.0 1.0 1 1304,1306,
1275 2 1.0 1.0 1.0 1.0 1 1305,1307,
