0	935	170	0	85
1	1178	138	0	102
2	1382	217	0	126
3	1438	103	0	118
4	494	158	0	45
5	1028	332	0	70
6	1433	120	0	117
7	1195	159	0	102
8	177	341	0	7
9	359	41	0	51
10	1711	102	0	129
11	1453	177	0	123
12	1097	11	0	100
13	235	112	0	29
14	993	150	0	86
15	1088	266	0	70
16	1094	259	0	70
17	991	22	0	100
18	1359	107	0	116
19	933	259	0	69
20	1355	126	0	116
21	1102	102	0	94
22	416	180	0	43
23	890	329	0	69
24	171	341	0	7
25	226	121	0	29
26	868	66	0	96
27	1089	71	0	97
28	519	251	0	32
29	910	308	0	69
30	840	327	0	69
31	426	57	0	52
32	1076	134	0	94
33	953	180	0	86
34	753	162	0	65
35	1139	336	0	71
36	1096	6	0	100
37	1386	208	0	126
38	765	225	0	63
39	1405	254	0	127
40	902	42	0	96
41	1382	234	0	126
42	1131	293	0	70
43	1468	240	0	127
44	1085	81	0	97
45	449	82	0	52
46	1108	273	0	70
47	816	313	0	69
48	1115	303	0	70
49	1139	250	0	79
50	1724	95	0	129
51	977	141	0	86
52	914	258	0	69
53	1422	165	0	122
54	1783	591	0	142
55	1794	276	0	143
56	501	165	0	45
57	899	95	0	92
58	600	52	0	58
59	1164	251	0	79
60	1001	70	0	97
61	1072	123	0	94
62	1315	167	0	121
63	1607	193	0	133
64	1199	150	0	102
65	523	42	0	53
66	630	38	0	59
67	1504	129	0	119
68	1222	240	0	81
69	1894	272	0	145
70	1386	165	0	126
71	336	47	0	51
72	267	42	0	29
73	1431	247	0	127
74	1092	245	0	77
75	953	186	0	86
76	393	141	0	43
77	1523	229	0	127
78	1176	165	0	102
79	1117	55	0	97
80	1367	239	0	126
81	1362	236	0	126
82	1141	286	0	71
83	834	278	0	69
84	964	301	0	69
85	1102	245	0	77
86	1718	106	0	129
87	1256	366	0	107
88	420	78	0	52
89	1086	259	0	70
90	290	132	0	29
91	1007	9	0	100
92	429	182	0	43
93	500	118	0	45
94	1052	27	0	100
95	1515	175	0	124
96	1035	286	0	70
97	993	71	0	97
98	1362	174	0	126
99	963	65	0	96
100	397	68	0	52
101	1086	273	0	70
102	223	111	0	29
103	584	179	0	47
104	940	297	0	69
105	1604	190	0	133
106	1008	100	0	93
107	540	56	0	57
108	451	140	0	43
109	489	136	0	45
110	129	249	0	3
111	1791	238	0	138
112	1541	97	0	129
113	1417	232	0	127
114	1151	29	0	98
115	1433	99	0	117
116	1911	274	0	145
117	526	171	0	45
118	1478	132	0	118
119	1046	73	0	97
120	949	95	0	92
121	1238	180	0	102
122	844	79	0	96
123	1361	99	0	116
124	912	270	0	69
125	334	84	0	51
126	692	181	0	49
127	1249	379	0	108
128	1377	235	0	126
129	915	35	0	96
130	1305	540	0	113
131	1192	152	0	102
132	909	306	0	69
133	237	322	0	11
134	1479	188	0	124
135	578	250	0	34
136	927	257	0	69
137	447	54	0	52
138	1138	334	0	71
139	585	257	0	34
140	1249	176	0	102
141	1099	41	0	97
142	888	317	0	69
143	1122	98	0	95
144	1018	57	0	97
145	1019	259	0	70
146	1217	148	0	102
147	611	30	0	59
148	1133	300	0	70
149	1469	240	0	127
150	813	276	0	69
151	1368	117	0	116
152	1673	204	0	134
153	919	111	0	92
154	891	296	0	69
155	1500	180	0	124
156	1127	123	0	95
157	1208	34	0	98
158	1547	120	0	129
159	941	170	0	86
160	1512	88	0	119
161	1390	208	0	122
162	675	47	0	60
163	927	105	0	92
164	215	46	0	29
165	266	51	0	29
166	446	169	0	43
167	1155	301	0	71
168	1338	112	0	115
169	181	167	0	21
170	458	42	0	52
171	923	286	0	69
172	1716	101	0	129
173	242	304	0	11
174	486	239	0	31
175	242	36	0	29
176	1224	189	0	102
177	1094	112	0	94
178	517	145	0	45
179	345	174	0	28
180	487	162	0	45
181	1479	256	0	127
182	225	101	0	29
183	1242	173	0	102
184	467	251	0	31
185	737	174	0	49
186	948	189	0	86
187	1524	107	0	129
188	1016	140	0	91
189	1457	184	0	123
190	521	244	0	32
191	1640	104	0	129
192	1293	108	0	104
193	388	53	0	52
194	977	63	0	97
195	1439	236	0	127
196	1575	112	0	129
197	318	98	0	29
198	1896	271	0	145
199	875	37	0	96
200	1478	172	0	123
201	506	189	0	45
202	1007	322	0	70
203	1465	171	0	123
204	401	77	0	52
205	1031	126	0	93
206	346	39	0	51
207	771	146	0	65
208	881	63	0	96
209	1000	282	0	70
210	901	134	0	90
211	1121	39	0	97
212	1436	210	0	123
213	526	243	0	32
214	1013	274	0	70
215	894	289	0	69
216	1476	174	0	123
217	1606	114	0	129
218	306	108	0	29
219	1049	129	0	94
220	1431	97	0	117
221	982	110	0	93
222	1097	309	0	70
223	1532	130	0	129
224	219	40	0	29
225	931	131	0	92
226	1606	101	0	129
227	1461	125	0	118
228	1805	282	0	143
229	228	44	0	29
230	1800	226	0	138
231	863	333	0	69
232	1422	204	0	122
233	870	262	0	69
234	1792	598	0	142
235	920	51	0	96
236	1465	256	0	127
237	1902	259	0	145
238	1374	121	0	116
239	322	113	0	29
240	1167	283	0	71
241	284	126	0	29
242	1636	179	0	133
243	306	63	0	29
244	941	171	0	86
245	1686	120	0	129
246	1055	261	0	70
247	875	124	0	92
248	908	289	0	69
249	909	177	0	85
250	988	156	0	86
251	918	285	0	69
252	1257	390	0	108
253	396	80	0	52
254	248	123	0	29
255	1232	238	0	81
256	341	183	0	28
257	1519	191	0	124
258	1449	88	0	118
259	906	250	0	73
260	1559	78	0	128
261	1887	283	0	145
262	1928	264	0	145
263	1473	203	0	123
264	1042	321	0	70
265	1094	254	0	77
266	1474	124	0	118
267	673	171	0	49
268	1156	333	0	71
269	1288	533	0	113
270	1796	183	0	138
271	1088	57	0	97
272	1084	237	0	77
273	974	243	0	74
274	1510	239	0	127
275	1007	137	0	91
276	1515	257	0	127
277	477	35	0	52
278	1548	107	0	129
279	423	163	0	43
280	1611	104	0	129
281	1318	102	0	115
282	1318	110	0	115
283	1066	279	0	70
284	1365	177	0	126
285	491	168	0	45
286	437	149	0	43
287	243	63	0	29
288	937	293	0	69
289	1142	278	0	71
290	1372	174	0	126
291	1343	132	0	115
292	593	189	0	47
293	951	90	0	92
294	1456	233	0	127
295	1614	172	0	133
296	888	47	0	96
297	992	4	0	100
298	1007	138	0	91
299	475	245	0	31
300	185	186	0	21
301	1516	209	0	124
302	490	56	0	53
303	996	184	0	86
304	1810	237	0	138
305	927	136	0	85
306	1042	260	0	70
307	1308	117	0	104
308	1432	134	0	117
309	1497	229	0	127
310	251	329	0	11
311	1383	207	0	126
312	1134	82	0	98
313	1150	310	0	71
314	834	324	0	69
315	964	70	0	96
316	1195	40	0	98
317	1633	124	0	129
318	981	132	0	93
319	1594	76	0	128
320	1150	62	0	98
321	666	244	0	36
322	1246	243	0	81
323	255	82	0	29
324	1014	318	0	70
325	1474	134	0	118
326	276	89	0	29
327	254	63	0	29
328	1378	206	0	126
329	867	45	0	96
330	818	286	0	69
331	742	177	0	65
332	1627	77	0	128
333	919	327	0	69
334	1052	131	0	94
335	1470	225	0	127
336	748	147	0	65
337	1728	113	0	129
338	1070	243	0	77
339	112	247	0	3
340	1055	38	0	97
341	1429	225	0	127
342	1007	10	0	100
343	1179	179	0	102
344	536	165	0	47
345	1811	73	0	137
346	1454	105	0	118
347	976	94	0	93
348	1072	78	0	97
349	1021	279	0	70
350	1394	94	0	117
351	1415	231	0	127
352	852	65	0	96
353	778	230	0	63
354	934	119	0	92
355	1154	334	0	71
356	851	95	0	92
357	1050	291	0	70
358	997	0	0	100
359	276	497	0	16
360	1370	85	0	116
361	1612	195	0	133
362	1045	7	0	100
363	1030	163	0	91
364	1479	213	0	124
365	1590	79	0	128
366	414	154	0	43
367	756	138	0	65
368	1305	532	0	113
369	942	301	0	69
370	975	84	0	97
371	235	39	0	29
372	890	109	0	92
373	580	252	0	34
374	912	298	0	69
375	216	94	0	29
376	1114	261	0	70
377	1042	297	0	70
378	1026	120	0	93
379	1124	272	0	70
380	1707	132	0	129
381	221	110	0	29
382	1090	104	0	94
383	828	296	0	69
384	897	311	0	69
385	1029	146	0	91
386	1041	67	0	97
387	1863	282	0	145
388	1020	158	0	91
389	1127	129	0	95
390	414	153	0	43
391	924	284	0	69
392	1034	35	0	97
393	841	321	0	69
394	1058	33	0	97
395	1804	237	0	138
396	1415	117	0	117
397	293	105	0	29
398	1801	134	0	137
399	1007	124	0	93
400	1330	248	0	125
401	1425	230	0	127
402	410	75	0	52
403	1805	276	0	143
404	593	238	0	34
405	1648	97	0	129
406	374	75	0	51
407	1618	134	0	129
408	1631	73	0	128
409	538	36	0	57
410	893	315	0	69
411	412	158	0	43
412	940	317	0	69
413	1789	212	0	138
414	1008	130	0	93
415	397	174	0	43
416	1609	131	0	129
417	1160	82	0	98
418	1785	596	0	142
419	755	134	0	65
420	1010	145	0	91
421	1710	173	0	134
422	1179	58	0	98
423	1290	87	0	104
424	1815	270	0	143
425	1385	223	0	126
426	741	116	0	65
427	1672	103	0	129
428	497	137	0	45
429	406	141	0	43
430	495	241	0	32
431	497	55	0	53
432	225	93	0	29
433	1546	87	0	129
434	991	27	0	100
435	1579	201	0	132
436	953	141	0	86
437	1075	250	0	77
438	1450	210	0	123
439	1010	36	0	97
440	246	325	0	11
441	528	252	0	32
442	845	327	0	69
443	1390	128	0	117
444	1463	96	0	118
445	1053	290	0	70
446	1795	145	0	137
447	1072	70	0	97
448	990	293	0	70
449	895	240	0	73
450	501	189	0	45
451	1430	188	0	122
452	1616	204	0	133
453	870	265	0	69
454	1512	240	0	127
455	362	40	0	51
456	851	75	0	96
457	956	154	0	86
458	1399	103	0	117
459	1201	48	0	98
460	881	77	0	96
461	1574	113	0	129
462	1010	29	0	97
463	604	54	0	58
464	981	336	0	70
465	1380	237	0	126
466	683	183	0	49
467	1056	14	0	100
468	1083	62	0	97
469	1317	130	0	115
470	878	38	0	96
471	540	188	0	47
472	1469	237	0	127
473	717	177	0	49
474	1699	134	0	129
475	1428	236	0	127
476	1056	73	0	97
477	854	95	0	92
478	225	56	0	29
479	1045	319	0	70
480	1124	299	0	70
481	221	31	0	29
482	1385	168	0	126
483	765	182	0	65
484	837	310	0	69
485	349	256	0	27
486	473	56	0	52
487	373	248	0	27
488	1054	269	0	70
489	709	169	0	49
490	1168	254	0	79
491	764	155	0	65
492	283	134	0	29
493	427	154	0	43
494	1880	261	0	145
495	764	139	0	65
496	982	324	0	70
497	455	62	0	52
498	1801	88	0	137
499	253	29	0	29
500	903	128	0	92
501	1153	42	0	98
502	1123	46	0	97
503	1005	238	0	75
504	452	29	0	52
505	943	96	0	92
506	1270	390	0	108
507	938	76	0	96
508	1490	175	0	124
509	1037	106	0	93
510	1204	190	0	102
511	970	263	0	69
512	946	316	0	69
513	744	239	0	63
514	979	109	0	93
515	690	171	0	49
516	342	179	0	28
517	1177	74	0	98
518	1099	258	0	70
519	894	300	0	69
520	318	133	0	29
521	995	131	0	93
522	841	268	0	69
523	1397	206	0	122
524	953	262	0	69
525	1009	295	0	70
526	1086	293	0	70
527	227	91	0	29
528	934	79	0	96
529	848	256	0	73
530	1548	80	0	128
531	1113	79	0	97
532	919	77	0	96
533	1703	88	0	129
534	880	96	0	92
535	1000	249	0	74
536	1354	194	0	126
537	1209	240	0	81
538	219	77	0	29
539	826	293	0	69
540	421	68	0	52
541	339	178	0	28
542	1647	132	0	129
543	1481	179	0	124
544	171	336	0	7
545	1790	186	0	138
546	455	81	0	52
547	862	109	0	92
548	1008	8	0	100
549	969	145	0	86
550	1013	16	0	100
551	1514	247	0	127
552	1692	206	0	134
553	498	247	0	32
554	422	137	0	43
555	979	134	0	86
556	944	289	0	69
557	1603	193	0	133
558	1139	287	0	71
559	1402	194	0	122
560	1889	261	0	145
561	1429	106	0	117
562	1066	249	0	76
563	1723	105	0	129
564	1494	187	0	124
565	201	180	0	21
566	178	338	0	7
567	1484	107	0	119
568	1854	262	0	145
569	1059	44	0	97
570	1582	132	0	129
571	939	155	0	86
572	1460	176	0	123
573	1916	265	0	145
574	1469	238	0	127
575	943	331	0	69
576	1562	75	0	128
577	1206	33	0	98
578	428	140	0	43
579	780	244	0	63
580	1484	206	0	124
581	888	32	0	96
582	220	42	0	29
583	588	254	0	34
584	998	273	0	70
585	1647	214	0	134
586	407	80	0	52
587	1800	73	0	137
588	1595	171	0	132
589	669	252	0	36
590	317	58	0	29
591	415	153	0	43
592	514	141	0	45
593	1918	283	0	145
594	385	252	0	27
595	1459	98	0	118
596	766	146	0	65
597	764	122	0	65
598	1883	280	0	145
599	764	186	0	65
600	874	298	0	69
601	1662	88	0	129
602	1043	22	0	100
603	1607	173	0	133
604	1811	249	0	138
605	1081	3	0	100
606	524	160	0	45
607	963	302	0	69
608	1191	137	0	102
609	1268	372	0	107
610	850	43	0	96
611	1441	244	0	127
612	499	150	0	45
613	1422	243	0	127
614	746	137	0	65
615	526	129	0	45
616	439	70	0	52
617	1371	255	0	126
618	1664	107	0	129
619	969	285	0	69
620	869	245	0	73
621	1059	321	0	70
622	676	248	0	36
623	777	143	0	65
624	1344	117	0	116
625	1444	185	0	123
626	446	150	0	43
627	923	31	0	96
628	1788	198	0	138
629	104	237	0	3
630	1056	281	0	70
631	103	253	0	3
632	932	151	0	85
633	874	291	0	69
634	998	19	0	100
635	1061	66	0	97
636	1473	253	0	127
637	846	81	0	96
638	1695	202	0	134
639	1147	49	0	98
640	945	188	0	86
641	1443	227	0	127
642	1512	174	0	124
643	1000	113	0	93
644	227	326	0	11
645	404	51	0	52
646	1359	122	0	116
647	1595	126	0	129
648	1506	239	0	127
649	1066	8	0	100
650	831	281	0	69
651	878	134	0	90
652	1072	267	0	70
653	1032	90	0	93
654	366	33	0	51
655	935	59	0	96
656	1520	91	0	119
657	1171	180	0	102
658	437	58	0	52
659	869	314	0	69
660	1305	131	0	104
661	1007	319	0	70
662	1341	212	0	121
663	1133	252	0	79
664	350	246	0	27
665	1709	104	0	129
666	776	134	0	65
667	242	119	0	29
668	266	83	0	29
669	1077	3	0	100
670	549	189	0	47
671	217	66	0	29
672	899	139	0	90
673	1789	94	0	137
674	982	257	0	70
675	932	39	0	96
676	1039	97	0	94
677	1212	149	0	102
678	1042	90	0	94
679	1499	215	0	127
680	1603	90	0	129
681	1161	326	0	71
682	1083	269	0	70
683	1444	105	0	118
684	1139	37	0	98
685	1244	178	0	102
686	1357	119	0	116
687	1480	218	0	127
688	1403	176	0	122
689	1582	66	0	128
690	1554	100	0	129
691	1630	68	0	128
692	1154	61	0	98
693	1447	167	0	123
694	927	290	0	69
695	433	173	0	43
696	926	51	0	96
697	1693	100	0	129
698	869	42	0	96
699	274	31	0	29
700	1121	322	0	70
701	1479	239	0	127
702	1589	66	0	128
703	423	67	0	52
704	1679	198	0	134
705	1121	115	0	95
706	409	54	0	52
707	1523	131	0	119
708	243	93	0	29
709	965	142	0	86
710	1384	206	0	126
711	847	265	0	69
712	885	124	0	92
713	197	184	0	21
714	1614	208	0	133
715	641	29	0	59
716	1070	290	0	70
717	1233	190	0	102
718	524	256	0	32
719	1310	526	0	113
720	1444	190	0	123
721	1810	88	0	137
722	1059	72	0	97
723	1085	6	0	100
724	1575	68	0	128
725	503	247	0	32
726	523	150	0	45
727	498	157	0	45
728	1390	130	0	117
729	1116	290	0	70
730	1621	95	0	129
731	638	37	0	59
732	857	278	0	69
733	972	294	0	70
734	322	78	0	29
735	161	342	0	7
736	928	279	0	69
737	928	171	0	85
738	1360	165	0	126
739	964	81	0	96
740	209	74	0	29
741	475	84	0	52
742	262	36	0	29
743	577	191	0	47
744	1221	135	0	102
745	342	254	0	27
746	428	141	0	43
747	350	58	0	51
748	501	126	0	45
749	761	175	0	65
750	1881	261	0	145
751	964	270	0	69
752	611	29	0	59
753	968	59	0	96
754	1438	128	0	118
755	957	240	0	73
756	1145	245	0	79
757	1642	114	0	129
758	1253	369	0	107
759	442	152	0	43
760	477	251	0	31
761	887	253	0	73
762	1032	139	0	91
763	1680	92	0	129
764	737	175	0	49
765	979	135	0	86
766	971	31	0	96
767	984	33	0	97
768	446	70	0	52
769	487	160	0	45
770	239	62	0	29
771	249	306	0	11
772	1477	220	0	127
773	1578	194	0	132
774	948	102	0	92
775	1613	134	0	129
776	161	347	0	7
777	1366	201	0	126
778	1610	73	0	128
779	1357	184	0	126
780	355	72	0	51
781	1522	127	0	119
782	1369	220	0	126
783	1346	189	0	126
784	851	318	0	69
785	925	90	0	92
786	953	265	0	69
787	1315	191	0	121
788	1160	323	0	71
789	1451	224	0	127
790	1035	260	0	70
791	1009	68	0	97
792	1066	246	0	76
793	1378	230	0	126
794	908	62	0	96
795	1332	89	0	115
796	1657	120	0	129
797	521	155	0	45
798	256	65	0	29
799	1085	38	0	97
800	502	116	0	45
801	1495	166	0	124
802	1285	552	0	113
803	391	144	0	43
804	910	330	0	69
805	1023	328	0	70
806	768	220	0	63
807	1391	225	0	127
808	238	122	0	29
809	1059	249	0	76
810	462	32	0	52
811	312	53	0	29
812	456	62	0	52
813	1583	69	0	128
814	874	152	0	90
815	1798	165	0	138
816	878	51	0	96
817	1198	164	0	102
818	1803	221	0	138
819	857	104	0	92
820	1412	126	0	117
821	1125	321	0	70
822	1224	249	0	81
823	430	47	0	52
824	820	332	0	69
825	1453	202	0	123
826	440	143	0	43
827	988	40	0	97
828	1794	179	0	138
829	928	295	0	69
830	767	247	0	63
831	1623	125	0	129
832	1437	175	0	123
833	964	245	0	73
834	979	164	0	86
835	1446	205	0	123
836	943	37	0	96
837	1147	307	0	71
838	1588	211	0	132
839	410	53	0	52
840	207	92	0	29
841	860	50	0	96
842	1794	111	0	137
843	1805	227	0	138
844	1044	77	0	97
845	445	160	0	43
846	910	58	0	96
847	282	494	0	16
848	1028	11	0	100
849	1160	36	0	98
850	246	70	0	29
851	1877	262	0	145
852	308	98	0	29
853	1104	60	0	97
854	1373	106	0	116
855	1358	220	0	126
856	1421	175	0	122
857	891	305	0	69
858	282	38	0	29
859	1919	271	0	145
860	1134	50	0	98
861	1003	296	0	70
862	1328	192	0	121
863	1319	251	0	125
864	1624	188	0	133
865	486	122	0	45
866	320	63	0	29
867	997	180	0	86
868	1103	105	0	94
869	1631	164	0	133
870	910	127	0	92
871	1606	200	0	133
872	1006	105	0	93
873	1615	192	0	133
874	1594	192	0	132
875	1893	263	0	145
876	588	172	0	47
877	561	177	0	47
878	895	103	0	92
879	871	134	0	90
880	927	165	0	85
881	1483	177	0	124
882	888	48	0	96
883	877	315	0	69
884	1074	33	0	97
885	1222	139	0	102
886	972	84	0	97
887	1419	202	0	122
888	241	132	0	29
889	1124	75	0	97
890	1025	98	0	93
891	1425	89	0	117
892	163	337	0	7
893	505	55	0	53
894	1078	78	0	97
895	450	134	0	43
896	1509	200	0	124
897	1055	70	0	97
898	557	46	0	57
899	1642	97	0	129
900	913	258	0	69
901	980	109	0	93
902	637	51	0	59
903	1410	96	0	117
904	1085	106	0	94
905	311	89	0	29
906	919	116	0	92
907	1116	116	0	95
908	1112	21	0	100
909	1792	255	0	138
910	381	50	0	51
911	1806	125	0	137
912	1123	40	0	97
913	274	503	0	16
914	772	181	0	65
915	1200	171	0	102
916	663	187	0	49
917	1599	79	0	128
918	1147	66	0	98
919	1127	318	0	70
920	975	168	0	86
921	1244	176	0	102
922	1621	127	0	129
923	1213	142	0	102
924	489	143	0	45
925	1025	308	0	70
926	494	127	0	45
927	256	126	0	29
928	1571	95	0	129
929	1670	205	0	134
930	949	299	0	69
931	855	80	0	96
932	1181	188	0	102
933	445	67	0	52
934	999	320	0	70
935	1623	134	0	129
936	1562	119	0	129
937	1153	79	0	98
938	1026	308	0	70
939	1730	123	0	129
940	1193	68	0	98
941	1062	39	0	97
942	1108	108	0	95
943	1292	540	0	113
944	1789	585	0	142
945	1305	550	0	113
946	1107	274	0	70
947	438	69	0	52
948	1610	205	0	133
949	1589	75	0	128
950	875	239	0	73
951	1039	74	0	97
952	979	159	0	86
953	1484	171	0	124
954	493	41	0	53
955	1482	237	0	127
956	483	53	0	52
957	974	108	0	93
958	1053	1	0	100
959	1587	108	0	129
960	489	38	0	53
961	1205	29	0	98
962	1666	176	0	134
963	950	85	0	92
964	1218	177	0	102
965	1058	105	0	94
966	506	171	0	45
967	952	106	0	92
968	1725	123	0	129
969	330	53	0	51
970	1113	84	0	97
971	943	270	0	69
972	1371	240	0	126
973	1079	115	0	94
974	855	259	0	69
975	1068	118	0	94
976	764	231	0	63
977	488	128	0	45
978	758	189	0	65
979	1684	182	0	134
980	290	42	0	29
981	182	173	0	21
982	1228	186	0	102
983	1673	126	0	129
984	910	53	0	96
985	413	65	0	52
986	871	56	0	96
987	742	253	0	63
988	869	79	0	96
989	1331	247	0	125
990	1126	273	0	70
991	1500	102	0	119
992	1272	374	0	107
993	967	191	0	86
994	1085	279	0	70
995	914	137	0	85
996	180	348	0	7
997	1609	178	0	133
998	961	302	0	69
999	886	34	0	96
1000	1442	91	0	118
1001	1031	95	0	93
1002	492	136	0	45
1003	1540	86	0	129
1004	993	258	0	70
1005	597	255	0	34
1006	414	52	0	52
1007	552	48	0	57
1008	1036	152	0	91
1009	862	277	0	69
1010	1115	22	0	100
1011	435	136	0	43
1012	1058	241	0	76
1013	236	296	0	11
1014	1041	103	0	94
1015	270	119	0	29
1016	401	151	0	43
1017	1118	264	0	70
1018	821	259	0	69
1019	840	245	0	73
1020	1009	273	0	70
1021	963	172	0	86
1022	229	94	0	29
1023	981	329	0	70
1024	100	240	0	3
1025	1058	260	0	70
1026	587	250	0	34
1027	1783	586	0	142
1028	190	167	0	21
1029	1349	103	0	116
1030	363	254	0	27
1031	1394	129	0	117
1032	208	73	0	29
1033	1089	276	0	70
1034	1074	280	0	70
1035	237	92	0	29
1036	1144	33	0	98
1037	1051	87	0	94
1038	1407	191	0	122
1039	1021	313	0	70
1040	1446	164	0	123
1041	1654	94	0	129
1042	1266	399	0	108
1043	992	97	0	93
1044	1016	48	0	97
1045	949	31	0	96
1046	1483	235	0	127
1047	970	100	0	92
1048	1141	241	0	79
1049	1117	29	0	97
1050	758	231	0	63
1051	1204	39	0	98
1052	441	181	0	43
1053	650	34	0	59
1054	869	244	0	73
1055	1729	164	0	134
1056	758	240	0	63
1057	939	57	0	96
1058	1671	171	0	134
1059	455	155	0	43
1060	1714	208	0	134
1061	1461	169	0	123
1062	1008	269	0	70
1063	919	322	0	69
1064	1728	210	0	134
1065	457	157	0	43
1066	1710	88	0	129
1067	207	51	0	29
1068	1382	94	0	116
1069	980	172	0	86
1070	1045	29	0	97
1071	986	115	0	93
1072	1522	177	0	124
1073	1444	130	0	118
1074	1588	171	0	132
1075	1296	118	0	104
1076	1810	205	0	138
1077	946	49	0	96
1078	452	156	0	43
1079	1145	294	0	71
1080	775	115	0	65
1081	255	53	0	29
1082	865	87	0	92
1083	1506	131	0	119
1084	1475	173	0	123
1085	833	332	0	69
1086	1077	258	0	70
1087	1421	96	0	117
1088	587	251	0	34
1089	1799	145	0	137
1090	996	244	0	74
1091	391	73	0	52
1092	1185	177	0	102
1093	521	151	0	45
1094	744	164	0	65
1095	676	44	0	60
1096	387	36	0	52
1097	878	81	0	96
1098	923	190	0	85
1099	1365	217	0	126
1100	693	173	0	49
1101	499	54	0	53
1102	858	122	0	92
1103	733	171	0	49
1104	755	236	0	63
1105	1376	235	0	126
1106	872	242	0	73
1107	890	237	0	73
1108	1501	99	0	119
1109	496	180	0	45
1110	291	478	0	16
1111	361	47	0	51
1112	1715	126	0	129
1113	927	177	0	85
1114	240	133	0	29
1115	682	241	0	36
1116	1292	97	0	104
1117	1514	196	0	124
1118	982	182	0	86
1119	939	184	0	86
1120	1515	238	0	127
1121	1227	172	0	102
1122	1023	297	0	70
1123	88	242	0	3
1124	908	68	0	96
1125	1370	170	0	126
1126	825	302	0	69
1127	1090	29	0	97
1128	929	123	0	92
1129	1693	124	0	129
1130	779	122	0	65
1131	843	121	0	92
1132	579	188	0	47
1133	221	51	0	29
1134	408	46	0	52
1135	737	229	0	63
1136	226	88	0	29
1137	1345	191	0	126
1138	912	164	0	85
1139	1777	598	0	142
1140	1696	186	0	134
1141	885	73	0	96
1142	1476	117	0	118
1143	873	105	0	92
1144	913	165	0	85
1145	232	105	0	29
1146	1514	236	0	127
1147	863	299	0	69
1148	1331	125	0	115
1149	1714	189	0	134
1150	386	141	0	43
1151	1644	192	0	133
1152	1165	275	0	71
1153	1031	141	0	91
1154	1798	84	0	137
1155	970	94	0	92
1156	1389	192	0	122
1157	1219	135	0	102
1158	430	48	0	52
1159	919	168	0	85
1160	906	283	0	69
1161	1125	0	0	100
1162	418	42	0	52
1163	343	250	0	27
1164	1683	191	0	134
1165	1053	301	0	70
1166	1454	227	0	127
1167	1544	127	0	129
1168	1695	105	0	129
1169	863	85	0	92
1170	589	46	0	58
1171	970	278	0	69
1172	995	189	0	86
1173	1415	129	0	117
1174	501	147	0	45
1175	944	244	0	73
1176	1327	222	0	125
1177	1428	164	0	122
1178	1537	127	0	129
1179	1177	139	0	102
1180	1324	87	0	115
1181	1121	269	0	70
1182	977	28	0	100
1183	1432	107	0	117
1184	1725	102	0	129
1185	1056	119	0	94
1186	1469	87	0	118
1187	410	63	0	52
1188	437	46	0	52
1189	988	297	0	70
1190	1114	322	0	70
1191	1799	195	0	138
1192	1642	75	0	128
1193	1431	215	0	127
1194	1015	156	0	91
1195	747	169	0	65
1196	900	274	0	69
1197	1159	260	0	71
1198	1669	90	0	129
1199	956	121	0	92
1200	1445	224	0	127
1201	946	180	0	86
1202	1089	308	0	70
1203	931	43	0	96
1204	260	110	0	29
1205	498	55	0	53
1206	213	46	0	29
1207	1591	97	0	129
1208	1519	187	0	124
1209	974	88	0	93
1210	1300	538	0	113
1211	1168	297	0	71
1212	1787	594	0	142
1213	1471	250	0	127
1214	726	182	0	49
1215	970	300	0	69
1216	437	32	0	52
1217	685	42	0	60
1218	1194	176	0	102
1219	1369	210	0	126
1220	398	183	0	43
1221	1151	71	0	98
1222	1415	86	0	117
1223	1293	123	0	104
1224	1181	149	0	102
1225	671	178	0	49
1226	998	121	0	93
1227	983	271	0	70
1228	963	268	0	69
1229	1672	114	0	129
1230	1123	260	0	70
1231	978	276	0	70
1232	1897	270	0	145
1233	1561	109	0	129
1234	902	156	0	90
1235	961	237	0	73
1236	964	87	0	92
1237	321	134	0	29
1238	316	118	0	29
1239	1671	101	0	129
1240	1039	54	0	97
1241	939	317	0	69
1242	1586	68	0	128
1243	1606	129	0	129
1244	1145	58	0	98
1245	878	266	0	69
1246	1174	40	0	98
1247	947	152	0	86
1248	1082	80	0	97
1249	1288	554	0	113
1250	1315	132	0	115
1251	823	299	0	69
1252	1385	250	0	126
1253	1087	58	0	97
1254	458	173	0	43
1255	938	287	0	69
1256	1146	297	0	71
1257	1348	218	0	126
1258	290	65	0	29
1259	742	159	0	65
1260	592	189	0	47
1261	648	45	0	59
1262	1485	194	0	124
1263	915	323	0	69
1264	511	148	0	45
1265	347	37	0	51
1266	900	48	0	96
1267	1004	53	0	97
1268	1038	245	0	76
1269	982	255	0	74
1270	1795	146	0	137
1271	901	34	0	96
1272	1042	79	0	97
1273	1391	95	0	117
1274	193	184	0	21
1275	1549	82	0	128
1276	278	91	0	29
1277	1026	51	0	97
1278	863	131	0	92
1279	1036	101	0	93
1280	1170	142	0	102
1281	1299	535	0	113
1282	1538	108	0	129
1283	568	171	0	47
1284	230	325	0	11
1285	927	321	0	69
1286	1221	253	0	81
1287	1522	189	0	124
1288	1429	184	0	122
1289	1049	286	0	70
1290	872	75	0	96
1291	497	135	0	45
1292	870	55	0	96
1293	664	165	0	49
1294	1390	198	0	122
1295	399	71	0	52
1296	1711	95	0	129
1297	1330	98	0	115
1298	1100	252	0	77
1299	690	181	0	49
1300	344	239	0	27
1301	837	333	0	69
1302	1158	309	0	71
1303	1510	251	0	127
1304	903	325	0	69
1305	325	36	0	29
1306	1210	58	0	98
1307	552	45	0	57
1308	1049	238	0	76
1309	1469	169	0	123
1310	1404	212	0	122
1311	1815	79	0	137
1312	263	99	0	29
1313	1298	540	0	113
1314	1267	385	0	108
1315	1035	105	0	93
1316	906	91	0	92
1317	992	142	0	86
1318	1600	91	0	129
1319	1616	125	0	129
1320	1592	214	0	132
1321	475	56	0	52
1322	348	42	0	51
1323	1026	297	0	70
1324	949	254	0	73
1325	1357	113	0	116
1326	1004	290	0	70
1327	1714	116	0	129
1328	447	174	0	43
1329	242	255	0	25
1330	1926	258	0	145
1331	1723	87	0	129
1332	406	136	0	43
1333	910	74	0	96
1334	856	323	0	69
1335	1210	48	0	98
1336	360	37	0	51
1337	1450	121	0	118
1338	654	29	0	59
1339	136	237	0	3
1340	384	56	0	51
1341	1683	105	0	129
1342	1467	216	0	127
1343	1501	116	0	119
1344	1801	260	0	143
1345	1625	169	0	133
1346	1516	107	0	119
1347	952	98	0	92
1348	1112	291	0	70
1349	273	59	0	29
1350	1084	318	0	70
1351	1176	186	0	102
1352	858	316	0	69
1353	1561	95	0	129
1354	1305	86	0	104
1355	1066	309	0	70
1356	214	86	0	29
1357	984	312	0	70
1358	1311	88	0	104
1359	1393	171	0	122
1360	1725	172	0	134
1361	989	74	0	97
1362	1803	197	0	138
1363	1261	371	0	107
1364	1544	125	0	129
1365	750	235	0	63
1366	905	171	0	85
1367	210	79	0	29
1368	869	295	0	69
1369	762	126	0	65
1370	887	238	0	73
1371	1103	300	0	70
1372	506	55	0	53
1373	224	112	0	29
1374	656	30	0	59
1375	685	40	0	60
1376	852	322	0	69
1377	355	80	0	51
1378	1131	284	0	70
1379	1053	126	0	94
1380	746	253	0	63
1381	524	174	0	45
1382	1816	270	0	143
1383	905	137	0	85
1384	915	112	0	92
1385	1009	17	0	100
1386	901	241	0	73
1387	1801	228	0	138
1388	1474	244	0	127
1389	984	266	0	70
1390	1261	365	0	107
1391	1084	93	0	94
1392	1683	211	0	134
1393	979	177	0	86
1394	1134	66	0	98
1395	1479	122	0	119
1396	408	155	0	43
1397	1611	180	0	133
1398	1116	12	0	100
1399	852	98	0	92
1400	1321	221	0	125
1401	973	21	0	100
1402	591	53	0	58
1403	760	249	0	63
1404	1079	126	0	94
1405	1612	169	0	133
1406	1065	273	0	70
1407	899	146	0	90
1408	462	249	0	31
1409	1340	193	0	121
1410	1002	12	0	100
1411	596	33	0	58
1412	1363	126	0	116
1413	1035	290	0	70
1414	1021	21	0	100
1415	974	51	0	97
1416	1057	300	0	70
1417	1594	98	0	129
1418	1004	62	0	97
1419	1460	225	0	127
1420	966	90	0	92
1421	1036	14	0	100
1422	770	251	0	63
1423	1009	36	0	97
1424	855	276	0	69
1425	1387	249	0	126
1426	999	305	0	70
1427	1637	84	0	128
1428	990	304	0	70
1429	1671	209	0	134
1430	1395	105	0	117
1431	775	245	0	63
1432	1110	88	0	95
1433	1492	238	0	127
1434	880	164	0	90
1435	541	46	0	57
1436	1092	293	0	70
1437	1129	130	0	95
1438	1533	83	0	128
1439	519	168	0	45
1440	1361	212	0	126
1441	1318	89	0	115
1442	305	123	0	29
1443	862	126	0	92
1444	1585	213	0	132
1445	607	56	0	58
1446	917	251	0	73
1447	1425	132	0	117
1448	1219	182	0	102
1449	346	182	0	28
1450	1808	82	0	137
1451	925	292	0	69
1452	307	93	0	29
1453	931	258	0	69
1454	919	125	0	92
1455	299	119	0	29
1456	1475	90	0	118
1457	866	306	0	69
1458	871	313	0	69
1459	355	79	0	51
1460	228	89	0	29
1461	1064	84	0	97
1462	1241	184	0	102
1463	251	115	0	29
1464	942	51	0	96
1465	1617	194	0	133
1466	1551	105	0	129
1467	1609	167	0	133
1468	820	335	0	69
1469	965	155	0	86
1470	1380	248	0	126
1471	915	182	0	85
1472	1536	79	0	128
1473	1062	18	0	100
1474	1517	177	0	124
1475	891	161	0	90
1476	1123	302	0	70
1477	438	67	0	52
1478	1133	53	0	97
1479	1188	185	0	102
1480	764	174	0	65
1481	1681	191	0	134
1482	1069	300	0	70
1483	882	140	0	90
1484	1791	201	0	138
1485	1034	144	0	91
1486	1370	106	0	116
1487	759	161	0	65
1488	943	158	0	86
1489	1041	54	0	97
1490	1131	306	0	70
1491	1146	65	0	98
1492	956	312	0	69
1493	909	59	0	96
1494	676	239	0	36
1495	1364	96	0	116
1496	285	38	0	29
1497	1800	68	0	137
1498	389	74	0	52
1499	1092	255	0	77
1500	255	111	0	29
1501	1396	89	0	117
1502	275	124	0	29
1503	1579	99	0	129
1504	887	115	0	92
1505	168	336	0	7
1506	1818	84	0	137
1507	1635	188	0	133
1508	286	132	0	29
1509	947	256	0	73
1510	879	252	0	73
1511	1164	31	0	98
1512	924	177	0	85
1513	955	100	0	92
1514	1030	293	0	70
1515	1093	249	0	77
1516	921	244	0	73
1517	651	51	0	59
1518	238	331	0	11
1519	1371	197	0	126
1520	468	84	0	52
1521	777	177	0	65
1522	869	251	0	73
1523	1681	180	0	134
1524	1655	194	0	134
1525	477	245	0	31
1526	889	149	0	90
1527	717	180	0	49
1528	339	182	0	28
1529	868	37	0	96
1530	969	175	0	86
1531	1400	171	0	122
1532	1304	544	0	113
1533	938	182	0	86
1534	304	89	0	29
1535	1211	247	0	81
1536	1152	258	0	71
1537	1120	267	0	70
1538	1210	81	0	98
1539	999	265	0	70
1540	251	127	0	29
1541	98	257	0	3
1542	882	282	0	69
1543	1645	209	0	133
1544	1903	275	0	145
1545	240	71	0	29
1546	505	54	0	53
1547	1170	82	0	98
1548	849	293	0	69
1549	1052	272	0	70
1550	1623	203	0	133
1551	688	170	0	49
1552	903	51	0	96
1553	428	190	0	43
1554	1130	69	0	97
1555	842	76	0	96
1556	405	71	0	52
1557	539	166	0	47
1558	1120	111	0	95
1559	299	86	0	29
1560	1399	97	0	117
1561	420	167	0	43
1562	1437	166	0	123
1563	438	48	0	52
1564	418	154	0	43
1565	514	118	0	45
1566	1137	255	0	79
1567	1354	189	0	126
1568	397	160	0	43
1569	910	70	0	96
1570	853	118	0	92
1571	1693	200	0	134
1572	755	173	0	65
1573	935	177	0	85
1574	1420	134	0	117
1575	1081	61	0	97
1576	839	318	0	69
1577	1693	181	0	134
1578	942	247	0	73
1579	1203	83	0	98
1580	1498	256	0	127
1581	882	308	0	69
1582	1176	54	0	98
1583	1049	81	0	97
1584	432	61	0	52
1585	756	234	0	63
1586	1505	207	0	124
1587	1070	52	0	97
1588	1408	251	0	127
1589	601	175	0	47
1590	223	62	0	29
1591	1035	95	0	93
1592	1350	181	0	126
1593	1097	238	0	77
1594	405	153	0	43
1595	1027	76	0	97
1596	1321	91	0	115
1597	987	41	0	97
1598	523	246	0	32
1599	1404	210	0	122
1600	352	69	0	51
1601	1628	81	0	128
1602	1484	102	0	119
1603	1709	129	0	129
1604	854	108	0	92
1605	1705	195	0	134
1606	570	46	0	57
1607	882	114	0	92
1608	422	159	0	43
1609	236	57	0	29
1610	470	58	0	52
1611	1529	114	0	129
1612	245	126	0	29
1613	772	122	0	65
1614	1671	214	0	134
1615	830	299	0	69
1616	863	249	0	73
1617	323	46	0	29
1618	356	34	0	51
1619	1203	161	0	102
1620	966	176	0	86
1621	231	46	0	29
1622	872	86	0	92
1623	1055	114	0	94
1624	1431	178	0	122
1625	1367	225	0	126
1626	1356	194	0	126
1627	948	135	0	86
1628	1036	278	0	70
1629	1205	57	0	98
1630	293	109	0	29
1631	1165	264	0	71
1632	1344	164	0	126
1633	1705	108	0	129
1634	1446	227	0	127
1635	1086	285	0	70
1636	484	64	0	52
1637	1349	234	0	126
1638	827	287	0	69
1639	1411	169	0	122
1640	839	108	0	92
1641	1668	182	0	134
1642	1116	92	0	95
1643	1679	181	0	134
1644	1127	311	0	70
1645	1815	87	0	137
1646	1027	26	0	100
1647	868	35	0	96
1648	863	238	0	73
1649	590	181	0	47
1650	1903	279	0	145
1651	1436	133	0	118
1652	759	133	0	65
1653	677	44	0	60
1654	1324	91	0	115
1655	285	483	0	16
1656	499	167	0	45
1657	923	247	0	73
1658	1069	273	0	70
1659	966	252	0	73
1660	1386	167	0	126
1661	1641	207	0	133
1662	1196	80	0	98
1663	1647	211	0	134
1664	753	244	0	63
1665	1587	188	0	132
1666	414	140	0	43
1667	874	141	0	90
1668	1372	101	0	116
1669	255	110	0	29
1670	1640	129	0	129
1671	1482	117	0	119
1672	928	337	0	69
1673	1640	176	0	133
1674	1469	192	0	123
1675	301	33	0	29
1676	912	51	0	96
1677	331	44	0	51
1678	991	284	0	70
1679	1238	159	0	102
1680	1133	107	0	95
1681	1662	86	0	129
1682	444	174	0	43
1683	1027	285	0	70
1684	663	53	0	60
1685	915	324	0	69
1686	494	190	0	45
1687	1563	82	0	128
1688	995	77	0	97
1689	1158	330	0	71
1690	1657	204	0	134
1691	1442	239	0	127
1692	235	315	0	11
1693	1371	124	0	116
1694	1044	75	0	97
1695	1103	90	0	94
1696	1851	261	0	145
1697	1285	119	0	104
1698	169	343	0	7
1699	1150	278	0	71
1700	862	307	0	69
1701	1305	545	0	113
1702	1312	125	0	115
1703	574	43	0	57
1704	1093	78	0	97
1705	890	154	0	90
1706	1433	231	0	127
1707	216	117	0	29
1708	1581	210	0	132
1709	1477	247	0	127
1710	769	157	0	65
1711	1804	75	0	137
1712	1147	248	0	79
1713	560	47	0	57
1714	578	170	0	47
1715	1468	95	0	118
1716	1140	82	0	98
1717	128	252	0	3
1718	311	38	0	29
1719	1409	105	0	117
1720	278	51	0	29
1721	1128	47	0	97
1722	982	79	0	97
1723	1093	283	0	70
1724	313	59	0	29
1725	768	166	0	65
1726	1114	264	0	70
1727	917	323	0	69
1728	1026	292	0	70
1729	1220	188	0	102
1730	1434	211	0	123
1731	1169	323	0	71
1732	843	103	0	92
1733	1331	97	0	115
1734	486	118	0	45
1735	856	270	0	69
1736	1034	300	0	70
1737	284	484	0	16
1738	320	90	0	29
1739	1711	172	0	134
1740	274	481	0	16
1741	977	89	0	93
1742	1631	76	0	128
1743	913	73	0	96
1744	241	34	0	29
1745	752	121	0	65
1746	1367	104	0	116
1747	1508	134	0	119
1748	420	56	0	52
1749	1497	117	0	119
1750	439	45	0	52
1751	1095	71	0	97
1752	894	128	0	92
1753	923	137	0	85
1754	1534	86	0	129
1755	1260	378	0	108
1756	319	110	0	29
1757	984	70	0	97
1758	974	65	0	97
1759	1279	396	0	108
1760	295	121	0	29
1761	1660	173	0	134
1762	1392	208	0	122
1763	882	143	0	90
1764	1445	219	0	127
1765	1811	115	0	137
1766	745	144	0	65
1767	1473	200	0	123
1768	756	170	0	65
1769	1097	246	0	77
1770	1087	110	0	94
1771	1384	111	0	116
1772	1003	90	0	93
1773	1852	274	0	145
1774	1325	98	0	115
1775	966	142	0	86
1776	1680	170	0	134
1777	263	92	0	29
1778	975	101	0	93
1779	496	120	0	45
1780	1121	329	0	70
1781	1651	192	0	134
1782	927	34	0	96
1783	887	49	0	96
1784	1388	94	0	116
1785	1386	246	0	126
1786	1138	272	0	71
1787	1773	596	0	142
1788	1093	0	0	100
1789	1049	304	0	70
1790	960	124	0	92
1791	1497	185	0	124
1792	935	139	0	85
1793	391	34	0	52
1794	570	164	0	47
1795	1150	269	0	71
1796	273	126	0	29
1797	1025	65	0	97
1798	131	237	0	3
1799	859	49	0	96
1800	1379	194	0	126
1801	1664	214	0	134
1802	1247	174	0	102
1803	1371	111	0	116
1804	1024	126	0	93
1805	924	310	0	69
1806	1580	165	0	132
1807	1028	125	0	93
1808	765	233	0	63
1809	1370	185	0	126
1810	952	263	0	69
1811	869	243	0	73
1812	888	134	0	90
1813	1321	121	0	115
1814	691	189	0	49
1815	872	322	0	69
1816	1479	124	0	119
1817	895	141	0	90
1818	881	337	0	69
1819	448	153	0	43
1820	1570	170	0	132
1821	898	265	0	69
1822	1533	103	0	129
1823	1596	89	0	129
1824	177	351	0	7
1825	1495	85	0	119
1826	931	174	0	85
1827	1033	107	0	93
1828	891	319	0	69
1829	986	102	0	93
1830	168	330	0	7
1831	1431	170	0	122
1832	1080	50	0	97
1833	773	228	0	63
1834	1356	210	0	126
1835	1095	238	0	77
1836	959	311	0	69
1837	483	49	0	52
1838	620	55	0	59
1839	1080	292	0	70
1840	1124	99	0	95
1841	290	58	0	29
1842	589	40	0	58
1843	1773	586	0	142
1844	236	67	0	29
1845	523	154	0	45
1846	1806	237	0	138
1847	1399	109	0	117
1848	1806	148	0	137
1849	935	100	0	92
1850	853	318	0	69
1851	933	293	0	69
1852	1143	32	0	98
1853	1494	122	0	119
1854	1416	237	0	127
1855	1702	130	0	129
1856	1368	219	0	126
1857	1168	316	0	71
1858	1801	213	0	138
1859	962	68	0	96
1860	1054	240	0	76
1861	937	268	0	69
1862	912	329	0	69
1863	897	163	0	90
1864	1612	198	0	133
1865	520	149	0	45
1866	291	45	0	29
1867	1643	115	0	129
1868	1129	60	0	97
1869	288	99	0	29
1870	689	189	0	49
1871	1407	185	0	122
1872	1010	294	0	70
1873	1033	43	0	97
1874	330	70	0	51
1875	1148	298	0	71
1876	1112	1	0	100
1877	1073	293	0	70
1878	1114	123	0	95
1879	1256	396	0	108
1880	1354	171	0	126
1881	1123	267	0	70
1882	1491	198	0	124
1883	1262	362	0	107
1884	896	238	0	73
1885	1638	207	0	133
1886	383	79	0	51
1887	1367	100	0	116
1888	1086	279	0	70
1889	1069	126	0	94
1890	266	130	0	29
1891	1294	113	0	104
1892	1807	241	0	138
1893	917	183	0	85
1894	933	304	0	69
1895	1359	235	0	126
1896	1675	104	0	129
1897	1334	90	0	115
1898	259	45	0	29
1899	1191	31	0	98
1900	1393	191	0	122
1901	1305	551	0	113
1902	222	59	0	29
1903	862	300	0	69
1904	1139	262	0	71
1905	1319	237	0	125
1906	1516	176	0	124
1907	1645	198	0	133
1908	1152	238	0	79
1909	973	175	0	86
1910	683	253	0	36
1911	743	160	0	65
1912	1095	18	0	100
1913	1673	97	0	129
1914	1096	310	0	70
1915	1663	202	0	134
1916	834	328	0	69
1917	536	187	0	47
1918	1674	181	0	134
1919	585	44	0	58
1920	1027	136	0	91
1921	1004	29	0	97
1922	1127	132	0	95
1923	358	240	0	27
1924	1443	176	0	123
1925	1184	181	0	102
1926	1212	34	0	98
1927	920	155	0	85
1928	1855	267	0	145
1929	499	43	0	53
1930	1412	213	0	122
1931	1070	237	0	77
1932	499	130	0	45
1933	1206	157	0	102
1934	289	84	0	29
1935	1067	92	0	94
1936	1640	110	0	129
1937	1148	273	0	71
1938	1504	203	0	124
1939	943	70	0	96
1940	922	43	0	96
1941	1569	90	0	129
1942	1232	142	0	102
1943	1423	118	0	117
1944	1789	584	0	142
1945	813	279	0	69
1946	1005	269	0	70
1947	1513	237	0	127
1948	1514	177	0	124
1949	927	176	0	85
1950	1527	112	0	129
1951	1883	282	0	145
1952	1334	111	0	115
1953	978	146	0	86
1954	1067	300	0	70
1955	246	35	0	29
1956	941	318	0	69
1957	1116	323	0	70
1958	739	138	0	65
1959	861	29	0	96
1960	1802	254	0	138
1961	1074	49	0	97
1962	1421	112	0	117
1963	1110	6	0	100
1964	1038	95	0	94
1965	856	90	0	92
1966	305	39	0	29
1967	750	127	0	65
1968	1139	325	0	71
1969	1348	112	0	116
1970	976	10	0	100
1971	1559	106	0	129
1972	250	78	0	29
1973	1280	108	0	104
1974	1012	285	0	70
1975	1075	76	0	97
1976	1434	96	0	118
1977	569	32	0	57
1978	1177	34	0	98
1979	822	327	0	69
1980	378	239	0	27
1981	1004	102	0	93
1982	1578	67	0	128
1983	1102	87	0	94
1984	905	33	0	96
1985	999	80	0	97
1986	1618	83	0	128
1987	595	171	0	47
1988	670	46	0	60
1989	1006	27	0	100
1990	967	63	0	96
1991	1649	182	0	134
1992	1433	187	0	122
1993	273	118	0	29
1994	1041	90	0	94
1995	646	46	0	59
1996	235	100	0	29
1997	874	321	0	69
1998	739	158	0	65
1999	354	29	0	51
2000	286	128	0	29
2001	846	268	0	69
2002	1258	384	0	108
2003	854	117	0	92
2004	1083	95	0	94
2005	1142	240	0	79
2006	1913	281	0	145
2007	1113	307	0	70
2008	1595	70	0	128
2009	851	30	0	96
2010	268	65	0	29
2011	1689	98	0	129
2012	1033	52	0	97
2013	1130	56	0	97
2014	1300	130	0	104
2015	1037	92	0	93
2016	1855	275	0	145
2017	1077	86	0	94
2018	1168	36	0	98
2019	683	242	0	36
2020	329	32	0	51
2021	905	290	0	69
2022	1219	190	0	102
2023	680	38	0	60
2024	1212	41	0	98
2025	964	131	0	92
2026	833	306	0	69
2027	837	323	0	69
2028	1021	35	0	97
2029	886	112	0	92
2030	863	50	0	96
2031	1206	161	0	102
2032	894	38	0	96
2033	944	52	0	96
2034	1388	180	0	122
2035	995	332	0	70
2036	245	39	0	29
2037	1807	215	0	138
2038	302	130	0	29
2039	1603	99	0	129
2040	1301	121	0	104
2041	536	166	0	47
2042	1511	183	0	124
2043	1054	39	0	97
2044	485	49	0	52
2045	1508	173	0	124
2046	1312	234	0	125
2047	413	168	0	43
2048	1059	81	0	97
2049	1063	305	0	70
2050	421	185	0	43
2051	1550	65	0	128
2052	692	179	0	49
2053	234	323	0	11
2054	978	47	0	97
2055	1912	281	0	145
2056	1041	45	0	97
2057	983	21	0	100
2058	1409	101	0	117
2059	970	167	0	86
2060	1025	244	0	75
2061	312	39	0	29
2062	902	89	0	92
2063	1499	171	0	124
2064	1092	316	0	70
2065	1623	176	0	133
2066	913	138	0	85
2067	951	42	0	96
2068	965	69	0	96
2069	422	178	0	43
2070	1095	247	0	77
2071	1166	282	0	71
2072	1067	14	0	100
2073	114	242	0	3
2074	1217	146	0	102
2075	1577	112	0	129
2076	696	175	0	49
2077	402	146	0	43
2078	1813	104	0	137
2079	1380	177	0	126
2080	413	52	0	52
2081	419	66	0	52
2082	1064	127	0	94
2083	459	47	0	52
2084	1071	306	0	70
2085	1062	251	0	76
2086	1116	316	0	70
2087	1520	191	0	124
2088	422	31	0	52
2089	1171	49	0	98
2090	1118	332	0	70
2091	757	152	0	65
2092	1022	5	0	100
2093	754	133	0	65
2094	1597	81	0	128
2095	876	316	0	69
2096	249	79	0	29
2097	423	30	0	52
2098	1815	77	0	137
2099	284	34	0	29
2100	589	33	0	58
2101	1043	308	0	70
2102	1669	212	0	134
2103	223	63	0	29
2104	380	75	0	51
2105	1665	184	0	134
2106	1507	230	0	127
2107	852	100	0	92
2108	912	136	0	85
2109	1106	326	0	70
2110	1799	147	0	137
2111	990	130	0	93
2112	494	156	0	45
2113	224	132	0	29
2114	1245	164	0	102
2115	1709	175	0	134
2116	1656	113	0	129
2117	1032	113	0	93
2118	1011	270	0	70
2119	1249	178	0	102
2120	1462	255	0	127
2121	423	44	0	52
2122	441	77	0	52
2123	1245	243	0	81
2124	838	328	0	69
2125	338	42	0	51
2126	1069	61	0	97
2127	357	44	0	51
2128	1490	188	0	124
2129	337	85	0	51
2130	264	106	0	29
2131	1333	165	0	121
2132	1052	25	0	100
2133	1021	81	0	97
2134	1067	109	0	94
2135	1533	132	0	129
2136	1001	278	0	70
2137	1145	244	0	79
2138	555	34	0	57
2139	743	185	0	65
2140	1334	178	0	121
2141	1685	90	0	129
2142	977	75	0	97
2143	772	257	0	63
2144	220	79	0	29
2145	1330	257	0	125
2146	1334	205	0	121
2147	232	44	0	29
2148	1257	364	0	107
2149	1120	109	0	95
2150	1659	184	0	134
2151	1614	104	0	129
2152	923	307	0	69
2153	896	297	0	69
2154	1339	181	0	121
2155	1150	309	0	71
2156	390	49	0	52
2157	230	61	0	29
2158	371	83	0	51
2159	1023	118	0	93
2160	273	500	0	16
2161	1139	279	0	71
2162	602	180	0	47
2163	1928	278	0	145
2164	1018	93	0	93
2165	1108	7	0	100
2166	557	39	0	57
2167	1814	136	0	137
2168	304	67	0	29
2169	1123	4	0	100
2170	913	48	0	96
2171	1198	29	0	98
2172	868	33	0	96
2173	1805	109	0	137
2174	1168	245	0	79
2175	1644	207	0	133
2176	1123	111	0	95
2177	271	33	0	29
2178	768	239	0	63
2179	1594	127	0	129
2180	1094	113	0	94
2181	914	262	0	69
2182	1071	268	0	70
2183	1523	76	0	128
2184	487	185	0	45
2185	1717	185	0	134
2186	1799	151	0	137
2187	1562	72	0	128
2188	1711	180	0	134
2189	335	178	0	28
2190	1537	74	0	128
2191	1058	24	0	100
2192	868	273	0	69
2193	1598	87	0	129
2194	1361	113	0	116
2195	1140	326	0	71
2196	832	270	0	69
2197	1707	98	0	129
2198	1800	217	0	138
2199	686	178	0	49
2200	1395	214	0	122
2201	1084	2	0	100
2202	1712	98	0	129
2203	1163	52	0	98
2204	1489	200	0	124
2205	323	72	0	29
2206	849	311	0	69
2207	745	163	0	65
2208	572	47	0	57
2209	1007	164	0	91
2210	1145	48	0	98
2211	997	128	0	93
2212	974	184	0	86
2213	1485	114	0	119
2214	1327	126	0	115
2215	957	289	0	69
2216	1903	278	0	145
2217	1716	195	0	134
2218	883	309	0	69
2219	176	329	0	7
2220	312	107	0	29
2221	260	101	0	29
2222	1790	81	0	137
2223	960	160	0	86
2224	842	262	0	69
2225	884	128	0	92
2226	442	71	0	52
2227	934	174	0	85
2228	1815	242	0	138
2229	1423	202	0	122
2230	1383	213	0	126
2231	245	48	0	29
2232	1463	167	0	123
2233	898	153	0	90
2234	1210	29	0	98
2235	196	167	0	21
2236	953	125	0	92
2237	896	102	0	92
2238	1004	2	0	100
2239	211	63	0	29
2240	487	177	0	45
2241	1519	239	0	127
2242	999	187	0	86
2243	751	246	0	63
2244	358	249	0	27
2245	254	256	0	25
2246	1410	237	0	127
2247	1389	112	0	117
2248	1615	194	0	133
2249	1168	298	0	71
2250	987	28	0	100
2251	1449	114	0	118
2252	1085	104	0	94
2253	211	123	0	29
2254	1183	45	0	98
2255	523	124	0	45
2256	519	53	0	53
2257	1710	180	0	134
2258	1056	306	0	70
2259	865	319	0	69
2260	1612	116	0	129
2261	779	158	0	65
2262	1114	100	0	95
2263	310	116	0	29
2264	1398	231	0	127
2265	441	156	0	43
2266	1426	257	0	127
2267	1050	333	0	70
2268	1810	77	0	137
2269	410	85	0	52
2270	1362	235	0	126
2271	932	100	0	92
2272	345	63	0	51
2273	1087	238	0	77
2274	1344	191	0	126
2275	860	95	0	92
2276	1110	0	0	100
2277	756	222	0	63
2278	442	77	0	52
2279	987	74	0	97
2280	875	276	0	69
2281	1037	164	0	91
2282	1102	105	0	94
2283	353	84	0	51
2284	1327	252	0	125
2285	965	310	0	69
2286	660	247	0	36
2287	1092	252	0	77
2288	1340	234	0	125
2289	1803	267	0	143
2290	1058	330	0	70
2291	545	36	0	57
2292	1498	246	0	127
2293	1514	255	0	127
2294	299	115	0	29
2295	1086	120	0	94
2296	1649	85	0	129
2297	1143	37	0	98
2298	984	36	0	97
2299	332	29	0	51
2300	1318	248	0	125
2301	1479	215	0	127
2302	1073	109	0	94
2303	1697	86	0	129
2304	1567	126	0	129
2305	1670	128	0	129
2306	1803	103	0	137
2307	1232	144	0	102
2308	940	187	0	86
2309	1008	337	0	70
2310	511	133	0	45
2311	1083	27	0	100
2312	898	97	0	92
2313	1171	35	0	98
2314	1238	167	0	102
2315	758	178	0	65
2316	438	171	0	43
2317	1104	74	0	97
2318	460	68	0	52
2319	1812	256	0	138
2320	1057	296	0	70
2321	1568	91	0	129
2322	998	168	0	86
2323	1521	229	0	127
2324	1513	233	0	127
2325	882	55	0	96
2326	407	61	0	52
2327	871	34	0	96
2328	1152	243	0	79
2329	242	310	0	11
2330	1413	196	0	122
2331	1364	86	0	116
2332	1808	192	0	138
2333	1067	70	0	97
2334	246	81	0	29
2335	1163	257	0	71
2336	1685	110	0	129
2337	1172	162	0	102
2338	379	237	0	27
2339	1124	270	0	70
2340	1300	551	0	113
2341	901	62	0	96
2342	1132	43	0	97
2343	431	78	0	52
2344	1463	89	0	118
2345	1093	95	0	94
2346	1472	88	0	118
2347	867	91	0	92
2348	285	103	0	29
2349	1126	293	0	70
2350	920	273	0	69
2351	230	329	0	11
2352	913	284	0	69
2353	979	120	0	93
2354	995	46	0	97
2355	769	228	0	63
2356	983	237	0	74
2357	1399	176	0	122
2358	274	479	0	16
2359	840	336	0	69
2360	1055	117	0	94
2361	618	44	0	59
2362	869	265	0	69
2363	679	184	0	49
2364	241	105	0	29
2365	393	146	0	43
2366	1034	52	0	97
2367	207	45	0	29
2368	1462	204	0	123
2369	971	63	0	96
2370	1694	124	0	129
2371	1663	105	0	129
2372	841	102	0	92
2373	1360	115	0	116
2374	1540	91	0	129
2375	1722	101	0	129
2376	949	53	0	96
2377	1253	382	0	108
2378	1678	172	0	134
2379	1116	87	0	95
2380	1310	101	0	104
2381	1008	158	0	91
2382	1207	184	0	102
2383	1133	254	0	79
2384	928	101	0	92
2385	1708	96	0	129
2386	1053	102	0	94
2387	1504	128	0	119
2388	1395	249	0	127
2389	245	132	0	29
2390	1035	13	0	100
2391	1052	104	0	94
2392	1327	234	0	125
2393	265	103	0	29
2394	1085	101	0	94
2395	1170	144	0	102
2396	953	52	0	96
2397	1056	249	0	76
2398	377	247	0	27
2399	1811	163	0	137
2400	865	116	0	92
2401	1161	262	0	71
2402	579	175	0	47
2403	1015	289	0	70
2404	214	51	0	29
2405	1510	219	0	127
2406	1197	143	0	102
2407	1007	114	0	93
2408	1061	86	0	94
2409	1288	548	0	113
2410	369	69	0	51
2411	917	60	0	96
2412	917	74	0	96
2413	1519	190	0	124
2414	1442	187	0	123
2415	1071	325	0	70
2416	1503	191	0	124
2417	1494	234	0	127
2418	1172	80	0	98
2419	1044	298	0	70
2420	970	153	0	86
2421	848	111	0	92
2422	922	45	0	96
2423	1112	263	0	70
2424	1162	256	0	79
2425	1009	130	0	93
2426	775	256	0	63
2427	1241	172	0	102
2428	509	132	0	45
2429	1121	40	0	97
2430	1522	208	0	124
2431	1452	115	0	118
2432	1391	173	0	122
2433	1293	91	0	104
2434	1501	250	0	127
2435	1109	43	0	97
2436	1002	330	0	70
2437	1571	206	0	132
2438	1210	44	0	98
2439	1558	125	0	129
2440	1496	188	0	124
2441	1710	103	0	129
2442	1379	235	0	126
2443	540	50	0	57
2444	1055	262	0	70
2445	361	250	0	27
2446	1569	124	0	129
2447	860	100	0	92
2448	586	33	0	58
2449	1157	43	0	98
2450	1293	538	0	113
2451	879	274	0	69
2452	1493	215	0	127
2453	362	36	0	51
2454	1008	307	0	70
2455	929	152	0	85
2456	1201	58	0	98
2457	1546	75	0	128
2458	884	33	0	96
2459	1373	183	0	126
2460	454	77	0	52
2461	765	162	0	65
2462	1104	39	0	97
2463	375	248	0	27
2464	1566	79	0	128
2465	1166	29	0	98
2466	1634	92	0	129
2467	1374	254	0	126
2468	1453	182	0	123
2469	264	101	0	29
2470	1186	162	0	102
2471	1322	118	0	115
2472	1794	99	0	137
2473	1340	210	0	121
2474	987	157	0	86
2475	1815	194	0	138
2476	386	140	0	43
2477	1801	207	0	138
2478	1298	128	0	104
2479	1367	233	0	126
2480	1209	82	0	98
2481	1125	83	0	97
2482	1223	150	0	102
2483	844	114	0	92
2484	1133	33	0	97
2485	1492	188	0	124
2486	362	242	0	27
2487	1368	193	0	126
2488	1705	184	0	134
2489	639	41	0	59
2490	542	56	0	57
2491	1384	124	0	116
2492	1133	97	0	95
2493	1192	31	0	98
2494	1076	262	0	70
2495	1484	253	0	127
2496	306	104	0	29
2497	1222	182	0	102
2498	974	41	0	97
2499	306	71	0	29
