0	935	170	0	37
1	1178	138	0	49
2	1382	217	0	64
3	1438	103	0	57
4	494	158	0	15
5	1028	332	0	28
6	1433	120	0	56
7	1195	159	0	49
8	177	341	0	2
9	359	41	0	18
10	1711	102	0	67
11	1453	177	0	61
12	1097	11	0	48
13	235	112	0	9
14	993	150	0	38
15	1088	266	0	28
16	1094	259	0	28
17	991	22	0	48
18	1359	107	0	55
19	933	259	0	27
20	1355	126	0	55
21	1102	102	0	43
22	416	180	0	14
23	890	329	0	27
24	171	341	0	2
25	226	121	0	9
26	868	66	0	45
27	1089	71	0	46
28	519	251	0	11
29	910	308	0	27
30	840	327	0	27
31	426	57	0	19
32	1076	134	0	43
33	953	180	0	38
34	753	162	0	26
35	1139	336	0	29
36	1096	6	0	48
37	1386	208	0	64
38	765	225	0	25
39	1405	254	0	65
40	902	42	0	45
41	1382	234	0	64
42	1131	293	0	28
43	1468	240	0	65
44	1085	81	0	46
45	449	82	0	19
46	1108	273	0	28
47	816	313	0	27
48	1115	303	0	28
49	1139	250	0	35
50	1724	95	0	67
51	977	141	0	38
52	914	258	0	27
53	1422	165	0	60
54	1783	591	0	73
55	1794	276	0	74
56	501	165	0	15
57	899	95	0	41
58	600	52	0	22
59	1164	251	0	35
60	1001	70	0	46
61	1072	123	0	43
62	1315	167	0	59
63	1607	193	0	69
64	1199	150	0	49
65	523	42	0	20
66	630	38	0	23
67	1504	129	0	58
68	1222	240	0	36
69	1894	272	0	75
70	1386	165	0	64
71	336	47	0	18
72	267	42	0	9
73	1431	247	0	65
74	1092	245	0	34
75	953	186	0	38
76	393	141	0	14
77	1523	229	0	65
78	1176	165	0	49
79	1117	55	0	46
80	1367	239	0	64
81	1362	236	0	64
82	1141	286	0	29
83	834	278	0	27
84	964	301	0	27
85	1102	245	0	34
86	1718	106	0	67
87	1256	366	0	51
88	420	78	0	19
89	1086	259	0	28
90	290	132	0	9
91	1007	9	0	48
92	429	182	0	14
93	500	118	0	15
94	1052	27	0	48
95	1515	175	0	62
96	1035	286	0	28
97	993	71	0	46
98	1362	174	0	64
99	963	65	0	45
100	397	68	0	19
101	1086	273	0	28
102	223	111	0	9
103	584	179	0	16
104	940	297	0	27
105	1604	190	0	69
106	1008	100	0	42
107	540	56	0	21
108	451	140	0	14
109	489	136	0	15
110	129	249	0	1
111	1791	238	0	72
112	1541	97	0	67
113	1417	232	0	65
114	1151	29	0	47
115	1433	99	0	56
116	1911	274	0	75
117	526	171	0	15
118	1478	132	0	57
119	1046	73	0	46
120	949	95	0	41
121	1238	180	0	49
122	844	79	0	45
123	1361	99	0	55
124	912	270	0	27
125	334	84	0	18
126	692	181	0	17
127	1249	379	0	52
128	1377	235	0	64
129	915	35	0	45
130	1305	540	0	53
131	1192	152	0	49
132	909	306	0	27
133	237	322	0	3
134	1479	188	0	62
135	578	250	0	12
136	927	257	0	27
137	447	54	0	19
138	1138	334	0	29
139	585	257	0	12
140	1249	176	0	49
141	1099	41	0	46
142	888	317	0	27
143	1122	98	0	44
144	1018	57	0	46
145	1019	259	0	28
146	1217	148	0	49
147	611	30	0	23
148	1133	300	0	28
149	1469	240	0	65
150	813	276	0	27
151	1368	117	0	55
152	1673	204	0	70
153	919	111	0	41
154	891	296	0	27
155	1500	180	0	62
156	1127	123	0	44
157	1208	34	0	47
158	1547	120	0	67
159	941	170	0	38
160	1512	88	0	58
161	1390	208	0	60
162	675	47	0	24
163	927	105	0	41
164	215	46	0	9
165	266	51	0	9
166	446	169	0	14
167	1155	301	0	29
168	1338	112	0	54
169	181	167	0	5
170	458	42	0	19
171	923	286	0	27
172	1716	101	0	67
173	242	304	0	3
174	486	239	0	10
175	242	36	0	9
176	1224	189	0	49
177	1094	112	0	43
178	517	145	0	15
179	345	174	0	8
180	487	162	0	15
181	1479	256	0	65
182	225	101	0	9
183	1242	173	0	49
184	467	251	0	10
185	737	174	0	17
186	948	189	0	38
187	1524	107	0	67
188	1016	140	0	40
189	1457	184	0	61
190	521	244	0	11
191	1640	104	0	67
192	1293	108	0	50
193	388	53	0	19
194	977	63	0	46
195	1439	236	0	65
196	1575	112	0	67
197	318	98	0	9
198	1896	271	0	75
199	875	37	0	45
200	1478	172	0	61
201	506	189	0	15
202	1007	322	0	28
203	1465	171	0	61
204	401	77	0	19
205	1031	126	0	42
206	346	39	0	18
207	771	146	0	26
208	881	63	0	45
209	1000	282	0	28
210	901	134	0	39
211	1121	39	0	46
212	1436	210	0	61
213	526	243	0	11
214	1013	274	0	28
215	894	289	0	27
216	1476	174	0	61
217	1606	114	0	67
218	306	108	0	9
219	1049	129	0	43
220	1431	97	0	56
221	982	110	0	42
222	1097	309	0	28
223	1532	130	0	67
224	219	40	0	9
225	931	131	0	41
226	1606	101	0	67
227	1461	125	0	57
228	1805	282	0	74
229	228	44	0	9
230	1800	226	0	72
231	863	333	0	27
232	1422	204	0	60
233	870	262	0	27
234	1792	598	0	73
235	920	51	0	45
236	1465	256	0	65
237	1902	259	0	75
238	1374	121	0	55
239	322	113	0	9
240	1167	283	0	29
241	284	126	0	9
242	1636	179	0	69
243	306	63	0	9
244	941	171	0	38
245	1686	120	0	67
246	1055	261	0	28
247	875	124	0	41
248	908	289	0	27
249	909	177	0	37
250	988	156	0	38
251	918	285	0	27
252	1257	390	0	52
253	396	80	0	19
254	248	123	0	9
255	1232	238	0	36
256	341	183	0	8
257	1519	191	0	62
258	1449	88	0	57
259	906	250	0	30
260	1559	78	0	66
261	1887	283	0	75
262	1928	264	0	75
263	1473	203	0	61
264	1042	321	0	28
265	1094	254	0	34
266	1474	124	0	57
267	673	171	0	17
268	1156	333	0	29
269	1288	533	0	53
270	1796	183	0	72
271	1088	57	0	46
272	1084	237	0	34
273	974	243	0	31
274	1510	239	0	65
275	1007	137	0	40
276	1515	257	0	65
277	477	35	0	19
278	1548	107	0	67
279	423	163	0	14
280	1611	104	0	67
281	1318	102	0	54
282	1318	110	0	54
283	1066	279	0	28
284	1365	177	0	64
285	491	168	0	15
286	437	149	0	14
287	243	63	0	9
288	937	293	0	27
289	1142	278	0	29
290	1372	174	0	64
291	1343	132	0	54
292	593	189	0	16
293	951	90	0	41
294	1456	233	0	65
295	1614	172	0	69
296	888	47	0	45
297	992	4	0	48
298	1007	138	0	40
299	475	245	0	10
300	185	186	0	5
301	1516	209	0	62
302	490	56	0	20
303	996	184	0	38
304	1810	237	0	72
305	927	136	0	37
306	1042	260	0	28
307	1308	117	0	50
308	1432	134	0	56
309	1497	229	0	65
310	251	329	0	3
311	1383	207	0	64
312	1134	82	0	47
313	1150	310	0	29
314	834	324	0	27
315	964	70	0	45
316	1195	40	0	47
317	1633	124	0	67
318	981	132	0	42
319	1594	76	0	66
320	1150	62	0	47
321	666	244	0	13
322	1246	243	0	36
323	255	82	0	9
324	1014	318	0	28
325	1474	134	0	57
326	276	89	0	9
327	254	63	0	9
328	1378	206	0	64
329	867	45	0	45
330	818	286	0	27
331	742	177	0	26
332	1627	77	0	66
333	919	327	0	27
334	1052	131	0	43
335	1470	225	0	65
336	748	147	0	26
337	1728	113	0	67
338	1070	243	0	34
339	112	247	0	1
340	1055	38	0	46
341	1429	225	0	65
342	1007	10	0	48
343	1179	179	0	49
344	536	165	0	16
345	1811	73	0	71
346	1454	105	0	57
347	976	94	0	42
348	1072	78	0	46
349	1021	279	0	28
350	1394	94	0	56
351	1415	231	0	65
352	852	65	0	45
353	778	230	0	25
354	934	119	0	41
355	1154	334	0	29
356	851	95	0	41
357	1050	291	0	28
358	997	0	0	48
359	276	497	0	4
360	1370	85	0	55
361	1612	195	0	69
362	1045	7	0	48
363	1030	163	0	40
364	1479	213	0	62
365	1590	79	0	66
366	414	154	0	14
367	756	138	0	26
368	1305	532	0	53
369	942	301	0	27
370	975	84	0	46
371	235	39	0	9
372	890	109	0	41
373	580	252	0	12
374	912	298	0	27
375	216	94	0	9
376	1114	261	0	28
377	1042	297	0	28
378	1026	120	0	42
379	1124	272	0	28
380	1707	132	0	67
381	221	110	0	9
382	1090	104	0	43
383	828	296	0	27
384	897	311	0	27
385	1029	146	0	40
386	1041	67	0	46
387	1863	282	0	75
388	1020	158	0	40
389	1127	129	0	44
390	414	153	0	14
391	924	284	0	27
392	1034	35	0	46
393	841	321	0	27
394	1058	33	0	46
395	1804	237	0	72
396	1415	117	0	56
397	293	105	0	9
398	1801	134	0	71
399	1007	124	0	42
400	1330	248	0	63
401	1425	230	0	65
402	410	75	0	19
403	1805	276	0	74
404	593	238	0	12
405	1648	97	0	67
406	374	75	0	18
407	1618	134	0	67
408	1631	73	0	66
409	538	36	0	21
410	893	315	0	27
411	412	158	0	14
412	940	317	0	27
413	1789	212	0	72
414	1008	130	0	42
415	397	174	0	14
416	1609	131	0	67
417	1160	82	0	47
418	1785	596	0	73
419	755	134	0	26
420	1010	145	0	40
421	1710	173	0	70
422	1179	58	0	47
423	1290	87	0	50
424	1815	270	0	74
425	1385	223	0	64
426	741	116	0	26
427	1672	103	0	67
428	497	137	0	15
429	406	141	0	14
430	495	241	0	11
431	497	55	0	20
432	225	93	0	9
433	1546	87	0	67
434	991	27	0	48
435	1579	201	0	68
436	953	141	0	38
437	1075	250	0	34
438	1450	210	0	61
439	1010	36	0	46
440	246	325	0	3
441	528	252	0	11
442	845	327	0	27
443	1390	128	0	56
444	1463	96	0	57
445	1053	290	0	28
446	1795	145	0	71
447	1072	70	0	46
448	990	293	0	28
449	895	240	0	30
450	501	189	0	15
451	1430	188	0	60
452	1616	204	0	69
453	870	265	0	27
454	1512	240	0	65
455	362	40	0	18
456	851	75	0	45
457	956	154	0	38
458	1399	103	0	56
459	1201	48	0	47
460	881	77	0	45
461	1574	113	0	67
462	1010	29	0	46
463	604	54	0	22
464	981	336	0	28
465	1380	237	0	64
466	683	183	0	17
467	1056	14	0	48
468	1083	62	0	46
469	1317	130	0	54
470	878	38	0	45
471	540	188	0	16
472	1469	237	0	65
473	717	177	0	17
474	1699	134	0	67
475	1428	236	0	65
476	1056	73	0	46
477	854	95	0	41
478	225	56	0	9
479	1045	319	0	28
480	1124	299	0	28
481	221	31	0	9
482	1385	168	0	64
483	765	182	0	26
484	837	310	0	27
485	349	256	0	7
486	473	56	0	19
487	373	248	0	7
488	1054	269	0	28
489	709	169	0	17
490	1168	254	0	35
491	764	155	0	26
492	283	134	0	9
493	427	154	0	14
494	1880	261	0	75
495	764	139	0	26
496	982	324	0	28
497	455	62	0	19
498	1801	88	0	71
499	253	29	0	9
500	903	128	0	41
501	1153	42	0	47
502	1123	46	0	46
503	1005	238	0	32
504	452	29	0	19
505	943	96	0	41
506	1270	390	0	52
507	938	76	0	45
508	1490	175	0	62
509	1037	106	0	42
510	1204	190	0	49
511	970	263	0	27
512	946	316	0	27
513	744	239	0	25
514	979	109	0	42
515	690	171	0	17
516	342	179	0	8
517	1177	74	0	47
518	1099	258	0	28
519	894	300	0	27
520	318	133	0	9
521	995	131	0	42
522	841	268	0	27
523	1397	206	0	60
524	953	262	0	27
525	1009	295	0	28
526	1086	293	0	28
527	227	91	0	9
528	934	79	0	45
529	848	256	0	30
530	1548	80	0	66
531	1113	79	0	46
532	919	77	0	45
533	1703	88	0	67
534	880	96	0	41
535	1000	249	0	31
536	1354	194	0	64
537	1209	240	0	36
538	219	77	0	9
539	826	293	0	27
540	421	68	0	19
541	339	178	0	8
542	1647	132	0	67
543	1481	179	0	62
544	171	336	0	2
545	1790	186	0	72
546	455	81	0	19
547	862	109	0	41
548	1008	8	0	48
549	969	145	0	38
550	1013	16	0	48
551	1514	247	0	65
552	1692	206	0	70
553	498	247	0	11
554	422	137	0	14
555	979	134	0	38
556	944	289	0	27
557	1603	193	0	69
558	1139	287	0	29
559	1402	194	0	60
560	1889	261	0	75
561	1429	106	0	56
562	1066	249	0	33
563	1723	105	0	67
564	1494	187	0	62
565	201	180	0	5
566	178	338	0	2
567	1484	107	0	58
568	1854	262	0	75
569	1059	44	0	46
570	1582	132	0	67
571	939	155	0	38
572	1460	176	0	61
573	1916	265	0	75
574	1469	238	0	65
575	943	331	0	27
576	1562	75	0	66
577	1206	33	0	47
578	428	140	0	14
579	780	244	0	25
580	1484	206	0	62
581	888	32	0	45
582	220	42	0	9
583	588	254	0	12
584	998	273	0	28
585	1647	214	0	70
586	407	80	0	19
587	1800	73	0	71
588	1595	171	0	68
589	669	252	0	13
590	317	58	0	9
591	415	153	0	14
592	514	141	0	15
593	1918	283	0	75
594	385	252	0	7
595	1459	98	0	57
596	766	146	0	26
597	764	122	0	26
598	1883	280	0	75
599	764	186	0	26
600	874	298	0	27
601	1662	88	0	67
602	1043	22	0	48
603	1607	173	0	69
604	1811	249	0	72
605	1081	3	0	48
606	524	160	0	15
607	963	302	0	27
608	1191	137	0	49
609	1268	372	0	51
610	850	43	0	45
611	1441	244	0	65
612	499	150	0	15
613	1422	243	0	65
614	746	137	0	26
615	526	129	0	15
616	439	70	0	19
617	1371	255	0	64
618	1664	107	0	67
619	969	285	0	27
620	869	245	0	30
621	1059	321	0	28
622	676	248	0	13
623	777	143	0	26
624	1344	117	0	55
625	1444	185	0	61
626	446	150	0	14
627	923	31	0	45
628	1788	198	0	72
629	104	237	0	1
630	1056	281	0	28
631	103	253	0	1
632	932	151	0	37
633	874	291	0	27
634	998	19	0	48
635	1061	66	0	46
636	1473	253	0	65
637	846	81	0	45
638	1695	202	0	70
639	1147	49	0	47
640	945	188	0	38
641	1443	227	0	65
642	1512	174	0	62
643	1000	113	0	42
644	227	326	0	3
645	404	51	0	19
646	1359	122	0	55
647	1595	126	0	67
648	1506	239	0	65
649	1066	8	0	48
650	831	281	0	27
651	878	134	0	39
652	1072	267	0	28
653	1032	90	0	42
654	366	33	0	18
655	935	59	0	45
656	1520	91	0	58
657	1171	180	0	49
658	437	58	0	19
659	869	314	0	27
660	1305	131	0	50
661	1007	319	0	28
662	1341	212	0	59
663	1133	252	0	35
664	350	246	0	7
665	1709	104	0	67
666	776	134	0	26
667	242	119	0	9
668	266	83	0	9
669	1077	3	0	48
670	549	189	0	16
671	217	66	0	9
672	899	139	0	39
673	1789	94	0	71
674	982	257	0	28
675	932	39	0	45
676	1039	97	0	43
677	1212	149	0	49
678	1042	90	0	43
679	1499	215	0	65
680	1603	90	0	67
681	1161	326	0	29
682	1083	269	0	28
683	1444	105	0	57
684	1139	37	0	47
685	1244	178	0	49
686	1357	119	0	55
687	1480	218	0	65
688	1403	176	0	60
689	1582	66	0	66
690	1554	100	0	67
691	1630	68	0	66
692	1154	61	0	47
693	1447	167	0	61
694	927	290	0	27
695	433	173	0	14
696	926	51	0	45
697	1693	100	0	67
698	869	42	0	45
699	274	31	0	9
700	1121	322	0	28
701	1479	239	0	65
702	1589	66	0	66
703	423	67	0	19
704	1679	198	0	70
705	1121	115	0	44
706	409	54	0	19
707	1523	131	0	58
708	243	93	0	9
709	965	142	0	38
710	1384	206	0	64
711	847	265	0	27
712	885	124	0	41
713	197	184	0	5
714	1614	208	0	69
715	641	29	0	23
716	1070	290	0	28
717	1233	190	0	49
718	524	256	0	11
719	1310	526	0	53
720	1444	190	0	61
721	1810	88	0	71
722	1059	72	0	46
723	1085	6	0	48
724	1575	68	0	66
725	503	247	0	11
726	523	150	0	15
727	498	157	0	15
728	1390	130	0	56
729	1116	290	0	28
730	1621	95	0	67
731	638	37	0	23
732	857	278	0	27
733	972	294	0	28
734	322	78	0	9
735	161	342	0	2
736	928	279	0	27
737	928	171	0	37
738	1360	165	0	64
739	964	81	0	45
740	209	74	0	9
741	475	84	0	19
742	262	36	0	9
743	577	191	0	16
744	1221	135	0	49
745	342	254	0	7
746	428	141	0	14
747	350	58	0	18
748	501	126	0	15
749	761	175	0	26
750	1881	261	0	75
751	964	270	0	27
752	611	29	0	23
753	968	59	0	45
754	1438	128	0	57
755	957	240	0	30
756	1145	245	0	35
757	1642	114	0	67
758	1253	369	0	51
759	442	152	0	14
760	477	251	0	10
761	887	253	0	30
762	1032	139	0	40
763	1680	92	0	67
764	737	175	0	17
765	979	135	0	38
766	971	31	0	45
767	984	33	0	46
768	446	70	0	19
769	487	160	0	15
770	239	62	0	9
771	249	306	0	3
772	1477	220	0	65
773	1578	194	0	68
774	948	102	0	41
775	1613	134	0	67
776	161	347	0	2
777	1366	201	0	64
778	1610	73	0	66
779	1357	184	0	64
780	355	72	0	18
781	1522	127	0	58
782	1369	220	0	64
783	1346	189	0	64
784	851	318	0	27
785	925	90	0	41
786	953	265	0	27
787	1315	191	0	59
788	1160	323	0	29
789	1451	224	0	65
790	1035	260	0	28
791	1009	68	0	46
792	1066	246	0	33
793	1378	230	0	64
794	908	62	0	45
795	1332	89	0	54
796	1657	120	0	67
797	521	155	0	15
798	256	65	0	9
799	1085	38	0	46
800	502	116	0	15
801	1495	166	0	62
802	1285	552	0	53
803	391	144	0	14
804	910	330	0	27
805	1023	328	0	28
806	768	220	0	25
807	1391	225	0	65
808	238	122	0	9
809	1059	249	0	33
810	462	32	0	19
811	312	53	0	9
812	456	62	0	19
813	1583	69	0	66
814	874	152	0	39
815	1798	165	0	72
816	878	51	0	45
817	1198	164	0	49
818	1803	221	0	72
819	857	104	0	41
820	1412	126	0	56
821	1125	321	0	28
822	1224	249	0	36
823	430	47	0	19
824	820	332	0	27
825	1453	202	0	61
826	440	143	0	14
827	988	40	0	46
828	1794	179	0	72
829	928	295	0	27
830	767	247	0	25
831	1623	125	0	67
832	1437	175	0	61
833	964	245	0	30
834	979	164	0	38
835	1446	205	0	61
836	943	37	0	45
837	1147	307	0	29
838	1588	211	0	68
839	410	53	0	19
840	207	92	0	9
841	860	50	0	45
842	1794	111	0	71
843	1805	227	0	72
844	1044	77	0	46
845	445	160	0	14
846	910	58	0	45
847	282	494	0	4
848	1028	11	0	48
849	1160	36	0	47
850	246	70	0	9
851	1877	262	0	75
852	308	98	0	9
853	1104	60	0	46
854	1373	106	0	55
855	1358	220	0	64
856	1421	175	0	60
857	891	305	0	27
858	282	38	0	9
859	1919	271	0	75
860	1134	50	0	47
861	1003	296	0	28
862	1328	192	0	59
863	1319	251	0	63
864	1624	188	0	69
865	486	122	0	15
866	320	63	0	9
867	997	180	0	38
868	1103	105	0	43
869	1631	164	0	69
870	910	127	0	41
871	1606	200	0	69
872	1006	105	0	42
873	1615	192	0	69
874	1594	192	0	68
875	1893	263	0	75
876	588	172	0	16
877	561	177	0	16
878	895	103	0	41
879	871	134	0	39
880	927	165	0	37
881	1483	177	0	62
882	888	48	0	45
883	877	315	0	27
884	1074	33	0	46
885	1222	139	0	49
886	972	84	0	46
887	1419	202	0	60
888	241	132	0	9
889	1124	75	0	46
890	1025	98	0	42
891	1425	89	0	56
892	163	337	0	2
893	505	55	0	20
894	1078	78	0	46
895	450	134	0	14
896	1509	200	0	62
897	1055	70	0	46
898	557	46	0	21
899	1642	97	0	67
900	913	258	0	27
901	980	109	0	42
902	637	51	0	23
903	1410	96	0	56
904	1085	106	0	43
905	311	89	0	9
906	919	116	0	41
907	1116	116	0	44
908	1112	21	0	48
909	1792	255	0	72
910	381	50	0	18
911	1806	125	0	71
912	1123	40	0	46
913	274	503	0	4
914	772	181	0	26
915	1200	171	0	49
916	663	187	0	17
917	1599	79	0	66
918	1147	66	0	47
919	1127	318	0	28
920	975	168	0	38
921	1244	176	0	49
922	1621	127	0	67
923	1213	142	0	49
924	489	143	0	15
925	1025	308	0	28
926	494	127	0	15
927	256	126	0	9
928	1571	95	0	67
929	1670	205	0	70
930	949	299	0	27
931	855	80	0	45
932	1181	188	0	49
933	445	67	0	19
934	999	320	0	28
935	1623	134	0	67
936	1562	119	0	67
937	1153	79	0	47
938	1026	308	0	28
939	1730	123	0	67
940	1193	68	0	47
941	1062	39	0	46
942	1108	108	0	44
943	1292	540	0	53
944	1789	585	0	73
945	1305	550	0	53
946	1107	274	0	28
947	438	69	0	19
948	1610	205	0	69
949	1589	75	0	66
950	875	239	0	30
951	1039	74	0	46
952	979	159	0	38
953	1484	171	0	62
954	493	41	0	20
955	1482	237	0	65
956	483	53	0	19
957	974	108	0	42
958	1053	1	0	48
959	1587	108	0	67
960	489	38	0	20
961	1205	29	0	47
962	1666	176	0	70
963	950	85	0	41
964	1218	177	0	49
965	1058	105	0	43
966	506	171	0	15
967	952	106	0	41
968	1725	123	0	67
969	330	53	0	18
970	1113	84	0	46
971	943	270	0	27
972	1371	240	0	64
973	1079	115	0	43
974	855	259	0	27
975	1068	118	0	43
976	764	231	0	25
977	488	128	0	15
978	758	189	0	26
979	1684	182	0	70
980	290	42	0	9
981	182	173	0	5
982	1228	186	0	49
983	1673	126	0	67
984	910	53	0	45
985	413	65	0	19
986	871	56	0	45
987	742	253	0	25
988	869	79	0	45
989	1331	247	0	63
990	1126	273	0	28
991	1500	102	0	58
992	1272	374	0	51
993	967	191	0	38
994	1085	279	0	28
995	914	137	0	37
996	180	348	0	2
997	1609	178	0	69
998	961	302	0	27
999	886	34	0	45
1000	1442	91	0	57
1001	1031	95	0	42
1002	492	136	0	15
1003	1540	86	0	67
1004	993	258	0	28
1005	597	255	0	12
1006	414	52	0	19
1007	552	48	0	21
1008	1036	152	0	40
1009	862	277	0	27
1010	1115	22	0	48
1011	435	136	0	14
1012	1058	241	0	33
1013	236	296	0	3
1014	1041	103	0	43
1015	270	119	0	9
1016	401	151	0	14
1017	1118	264	0	28
1018	821	259	0	27
1019	840	245	0	30
1020	1009	273	0	28
1021	963	172	0	38
1022	229	94	0	9
1023	981	329	0	28
1024	100	240	0	1
1025	1058	260	0	28
1026	587	250	0	12
1027	1783	586	0	73
1028	190	167	0	5
1029	1349	103	0	55
1030	363	254	0	7
1031	1394	129	0	56
1032	208	73	0	9
1033	1089	276	0	28
1034	1074	280	0	28
1035	237	92	0	9
1036	1144	33	0	47
1037	1051	87	0	43
1038	1407	191	0	60
1039	1021	313	0	28
1040	1446	164	0	61
1041	1654	94	0	67
1042	1266	399	0	52
1043	992	97	0	42
1044	1016	48	0	46
1045	949	31	0	45
1046	1483	235	0	65
1047	970	100	0	41
1048	1141	241	0	35
1049	1117	29	0	46
1050	758	231	0	25
1051	1204	39	0	47
1052	441	181	0	14
1053	650	34	0	23
1054	869	244	0	30
1055	1729	164	0	70
1056	758	240	0	25
1057	939	57	0	45
1058	1671	171	0	70
1059	455	155	0	14
1060	1714	208	0	70
1061	1461	169	0	61
1062	1008	269	0	28
1063	919	322	0	27
1064	1728	210	0	70
1065	457	157	0	14
1066	1710	88	0	67
1067	207	51	0	9
1068	1382	94	0	55
1069	980	172	0	38
1070	1045	29	0	46
1071	986	115	0	42
1072	1522	177	0	62
1073	1444	130	0	57
1074	1588	171	0	68
1075	1296	118	0	50
1076	1810	205	0	72
1077	946	49	0	45
1078	452	156	0	14
1079	1145	294	0	29
1080	775	115	0	26
1081	255	53	0	9
1082	865	87	0	41
1083	1506	131	0	58
1084	1475	173	0	61
1085	833	332	0	27
1086	1077	258	0	28
1087	1421	96	0	56
1088	587	251	0	12
1089	1799	145	0	71
1090	996	244	0	31
1091	391	73	0	19
1092	1185	177	0	49
1093	521	151	0	15
1094	744	164	0	26
1095	676	44	0	24
1096	387	36	0	19
1097	878	81	0	45
1098	923	190	0	37
1099	1365	217	0	64
1100	693	173	0	17
1101	499	54	0	20
1102	858	122	0	41
1103	733	171	0	17
1104	755	236	0	25
1105	1376	235	0	64
1106	872	242	0	30
1107	890	237	0	30
1108	1501	99	0	58
1109	496	180	0	15
1110	291	478	0	4
1111	361	47	0	18
1112	1715	126	0	67
1113	927	177	0	37
1114	240	133	0	9
1115	682	241	0	13
1116	1292	97	0	50
1117	1514	196	0	62
1118	982	182	0	38
1119	939	184	0	38
1120	1515	238	0	65
1121	1227	172	0	49
1122	1023	297	0	28
1123	88	242	0	1
1124	908	68	0	45
1125	1370	170	0	64
1126	825	302	0	27
1127	1090	29	0	46
1128	929	123	0	41
1129	1693	124	0	67
1130	779	122	0	26
1131	843	121	0	41
1132	579	188	0	16
1133	221	51	0	9
1134	408	46	0	19
1135	737	229	0	25
1136	226	88	0	9
1137	1345	191	0	64
1138	912	164	0	37
1139	1777	598	0	73
1140	1696	186	0	70
1141	885	73	0	45
1142	1476	117	0	57
1143	873	105	0	41
1144	913	165	0	37
1145	232	105	0	9
1146	1514	236	0	65
1147	863	299	0	27
1148	1331	125	0	54
1149	1714	189	0	70
1150	386	141	0	14
1151	1644	192	0	69
1152	1165	275	0	29
1153	1031	141	0	40
1154	1798	84	0	71
1155	970	94	0	41
1156	1389	192	0	60
1157	1219	135	0	49
1158	430	48	0	19
1159	919	168	0	37
1160	906	283	0	27
1161	1125	0	0	48
1162	418	42	0	19
1163	343	250	0	7
1164	1683	191	0	70
1165	1053	301	0	28
1166	1454	227	0	65
1167	1544	127	0	67
1168	1695	105	0	67
1169	863	85	0	41
1170	589	46	0	22
1171	970	278	0	27
1172	995	189	0	38
1173	1415	129	0	56
1174	501	147	0	15
1175	944	244	0	30
1176	1327	222	0	63
1177	1428	164	0	60
1178	1537	127	0	67
1179	1177	139	0	49
1180	1324	87	0	54
1181	1121	269	0	28
1182	977	28	0	48
1183	1432	107	0	56
1184	1725	102	0	67
1185	1056	119	0	43
1186	1469	87	0	57
1187	410	63	0	19
1188	437	46	0	19
1189	988	297	0	28
1190	1114	322	0	28
1191	1799	195	0	72
1192	1642	75	0	66
1193	1431	215	0	65
1194	1015	156	0	40
1195	747	169	0	26
1196	900	274	0	27
1197	1159	260	0	29
1198	1669	90	0	67
1199	956	121	0	41
1200	1445	224	0	65
1201	946	180	0	38
1202	1089	308	0	28
1203	931	43	0	45
1204	260	110	0	9
1205	498	55	0	20
1206	213	46	0	9
1207	1591	97	0	67
1208	1519	187	0	62
1209	974	88	0	42
1210	1300	538	0	53
1211	1168	297	0	29
1212	1787	594	0	73
1213	1471	250	0	65
1214	726	182	0	17
1215	970	300	0	27
1216	437	32	0	19
1217	685	42	0	24
1218	1194	176	0	49
1219	1369	210	0	64
1220	398	183	0	14
1221	1151	71	0	47
1222	1415	86	0	56
1223	1293	123	0	50
1224	1181	149	0	49
1225	671	178	0	17
1226	998	121	0	42
1227	983	271	0	28
1228	963	268	0	27
1229	1672	114	0	67
1230	1123	260	0	28
1231	978	276	0	28
1232	1897	270	0	75
1233	1561	109	0	67
1234	902	156	0	39
1235	961	237	0	30
1236	964	87	0	41
1237	321	134	0	9
1238	316	118	0	9
1239	1671	101	0	67
1240	1039	54	0	46
1241	939	317	0	27
1242	1586	68	0	66
1243	1606	129	0	67
1244	1145	58	0	47
1245	878	266	0	27
1246	1174	40	0	47
1247	947	152	0	38
1248	1082	80	0	46
1249	1288	554	0	53
1250	1315	132	0	54
1251	823	299	0	27
1252	1385	250	0	64
1253	1087	58	0	46
1254	458	173	0	14
1255	938	287	0	27
1256	1146	297	0	29
1257	1348	218	0	64
1258	290	65	0	9
1259	742	159	0	26
1260	592	189	0	16
1261	648	45	0	23
1262	1485	194	0	62
1263	915	323	0	27
1264	511	148	0	15
1265	347	37	0	18
1266	900	48	0	45
1267	1004	53	0	46
1268	1038	245	0	33
1269	982	255	0	31
1270	1795	146	0	71
1271	901	34	0	45
1272	1042	79	0	46
1273	1391	95	0	56
1274	193	184	0	5
1275	1549	82	0	66
1276	278	91	0	9
1277	1026	51	0	46
1278	863	131	0	41
1279	1036	101	0	42
1280	1170	142	0	49
1281	1299	535	0	53
1282	1538	108	0	67
1283	568	171	0	16
1284	230	325	0	3
1285	927	321	0	27
1286	1221	253	0	36
1287	1522	189	0	62
1288	1429	184	0	60
1289	1049	286	0	28
1290	872	75	0	45
1291	497	135	0	15
1292	870	55	0	45
1293	664	165	0	17
1294	1390	198	0	60
1295	399	71	0	19
1296	1711	95	0	67
1297	1330	98	0	54
1298	1100	252	0	34
1299	690	181	0	17
1300	344	239	0	7
1301	837	333	0	27
1302	1158	309	0	29
1303	1510	251	0	65
1304	903	325	0	27
1305	325	36	0	9
1306	1210	58	0	47
1307	552	45	0	21
1308	1049	238	0	33
1309	1469	169	0	61
1310	1404	212	0	60
1311	1815	79	0	71
1312	263	99	0	9
1313	1298	540	0	53
1314	1267	385	0	52
1315	1035	105	0	42
1316	906	91	0	41
1317	992	142	0	38
1318	1600	91	0	67
1319	1616	125	0	67
1320	1592	214	0	68
1321	475	56	0	19
1322	348	42	0	18
1323	1026	297	0	28
1324	949	254	0	30
1325	1357	113	0	55
1326	1004	290	0	28
1327	1714	116	0	67
1328	447	174	0	14
1329	242	255	0	6
1330	1926	258	0	75
1331	1723	87	0	67
1332	406	136	0	14
1333	910	74	0	45
1334	856	323	0	27
1335	1210	48	0	47
1336	360	37	0	18
1337	1450	121	0	57
1338	654	29	0	23
1339	136	237	0	1
1340	384	56	0	18
1341	1683	105	0	67
1342	1467	216	0	65
1343	1501	116	0	58
1344	1801	260	0	74
1345	1625	169	0	69
1346	1516	107	0	58
1347	952	98	0	41
1348	1112	291	0	28
1349	273	59	0	9
1350	1084	318	0	28
1351	1176	186	0	49
1352	858	316	0	27
1353	1561	95	0	67
1354	1305	86	0	50
1355	1066	309	0	28
1356	214	86	0	9
1357	984	312	0	28
1358	1311	88	0	50
1359	1393	171	0	60
1360	1725	172	0	70
1361	989	74	0	46
1362	1803	197	0	72
1363	1261	371	0	51
1364	1544	125	0	67
1365	750	235	0	25
1366	905	171	0	37
1367	210	79	0	9
1368	869	295	0	27
1369	762	126	0	26
1370	887	238	0	30
1371	1103	300	0	28
1372	506	55	0	20
1373	224	112	0	9
1374	656	30	0	23
1375	685	40	0	24
1376	852	322	0	27
1377	355	80	0	18
1378	1131	284	0	28
1379	1053	126	0	43
1380	746	253	0	25
1381	524	174	0	15
1382	1816	270	0	74
1383	905	137	0	37
1384	915	112	0	41
1385	1009	17	0	48
1386	901	241	0	30
1387	1801	228	0	72
1388	1474	244	0	65
1389	984	266	0	28
1390	1261	365	0	51
1391	1084	93	0	43
1392	1683	211	0	70
1393	979	177	0	38
1394	1134	66	0	47
1395	1479	122	0	58
1396	408	155	0	14
1397	1611	180	0	69
1398	1116	12	0	48
1399	852	98	0	41
1400	1321	221	0	63
1401	973	21	0	48
1402	591	53	0	22
1403	760	249	0	25
1404	1079	126	0	43
1405	1612	169	0	69
1406	1065	273	0	28
1407	899	146	0	39
1408	462	249	0	10
1409	1340	193	0	59
1410	1002	12	0	48
1411	596	33	0	22
1412	1363	126	0	55
1413	1035	290	0	28
1414	1021	21	0	48
1415	974	51	0	46
1416	1057	300	0	28
1417	1594	98	0	67
1418	1004	62	0	46
1419	1460	225	0	65
1420	966	90	0	41
1421	1036	14	0	48
1422	770	251	0	25
1423	1009	36	0	46
1424	855	276	0	27
1425	1387	249	0	64
1426	999	305	0	28
1427	1637	84	0	66
1428	990	304	0	28
1429	1671	209	0	70
1430	1395	105	0	56
1431	775	245	0	25
1432	1110	88	0	44
1433	1492	238	0	65
1434	880	164	0	39
1435	541	46	0	21
1436	1092	293	0	28
1437	1129	130	0	44
1438	1533	83	0	66
1439	519	168	0	15
1440	1361	212	0	64
1441	1318	89	0	54
1442	305	123	0	9
1443	862	126	0	41
1444	1585	213	0	68
1445	607	56	0	22
1446	917	251	0	30
1447	1425	132	0	56
1448	1219	182	0	49
1449	346	182	0	8
1450	1808	82	0	71
1451	925	292	0	27
1452	307	93	0	9
1453	931	258	0	27
1454	919	125	0	41
1455	299	119	0	9
1456	1475	90	0	57
1457	866	306	0	27
1458	871	313	0	27
1459	355	79	0	18
1460	228	89	0	9
1461	1064	84	0	46
1462	1241	184	0	49
1463	251	115	0	9
1464	942	51	0	45
1465	1617	194	0	69
1466	1551	105	0	67
1467	1609	167	0	69
1468	820	335	0	27
1469	965	155	0	38
1470	1380	248	0	64
1471	915	182	0	37
1472	1536	79	0	66
1473	1062	18	0	48
1474	1517	177	0	62
1475	891	161	0	39
1476	1123	302	0	28
1477	438	67	0	19
1478	1133	53	0	46
1479	1188	185	0	49
1480	764	174	0	26
1481	1681	191	0	70
1482	1069	300	0	28
1483	882	140	0	39
1484	1791	201	0	72
1485	1034	144	0	40
1486	1370	106	0	55
1487	759	161	0	26
1488	943	158	0	38
1489	1041	54	0	46
1490	1131	306	0	28
1491	1146	65	0	47
1492	956	312	0	27
1493	909	59	0	45
1494	676	239	0	13
1495	1364	96	0	55
1496	285	38	0	9
1497	1800	68	0	71
1498	389	74	0	19
1499	1092	255	0	34
1500	255	111	0	9
1501	1396	89	0	56
1502	275	124	0	9
1503	1579	99	0	67
1504	887	115	0	41
1505	168	336	0	2
1506	1818	84	0	71
1507	1635	188	0	69
1508	286	132	0	9
1509	947	256	0	30
1510	879	252	0	30
1511	1164	31	0	47
1512	924	177	0	37
1513	955	100	0	41
1514	1030	293	0	28
1515	1093	249	0	34
1516	921	244	0	30
1517	651	51	0	23
1518	238	331	0	3
1519	1371	197	0	64
1520	468	84	0	19
1521	777	177	0	26
1522	869	251	0	30
1523	1681	180	0	70
1524	1655	194	0	70
1525	477	245	0	10
1526	889	149	0	39
1527	717	180	0	17
1528	339	182	0	8
1529	868	37	0	45
1530	969	175	0	38
1531	1400	171	0	60
1532	1304	544	0	53
1533	938	182	0	38
1534	304	89	0	9
1535	1211	247	0	36
1536	1152	258	0	29
1537	1120	267	0	28
1538	1210	81	0	47
1539	999	265	0	28
1540	251	127	0	9
1541	98	257	0	1
1542	882	282	0	27
1543	1645	209	0	69
1544	1903	275	0	75
1545	240	71	0	9
1546	505	54	0	20
1547	1170	82	0	47
1548	849	293	0	27
1549	1052	272	0	28
1550	1623	203	0	69
1551	688	170	0	17
1552	903	51	0	45
1553	428	190	0	14
1554	1130	69	0	46
1555	842	76	0	45
1556	405	71	0	19
1557	539	166	0	16
1558	1120	111	0	44
1559	299	86	0	9
1560	1399	97	0	56
1561	420	167	0	14
1562	1437	166	0	61
1563	438	48	0	19
1564	418	154	0	14
1565	514	118	0	15
1566	1137	255	0	35
1567	1354	189	0	64
1568	397	160	0	14
1569	910	70	0	45
1570	853	118	0	41
1571	1693	200	0	70
1572	755	173	0	26
1573	935	177	0	37
1574	1420	134	0	56
1575	1081	61	0	46
1576	839	318	0	27
1577	1693	181	0	70
1578	942	247	0	30
1579	1203	83	0	47
1580	1498	256	0	65
1581	882	308	0	27
1582	1176	54	0	47
1583	1049	81	0	46
1584	432	61	0	19
1585	756	234	0	25
1586	1505	207	0	62
1587	1070	52	0	46
1588	1408	251	0	65
1589	601	175	0	16
1590	223	62	0	9
1591	1035	95	0	42
1592	1350	181	0	64
1593	1097	238	0	34
1594	405	153	0	14
1595	1027	76	0	46
1596	1321	91	0	54
1597	987	41	0	46
1598	523	246	0	11
1599	1404	210	0	60
1600	352	69	0	18
1601	1628	81	0	66
1602	1484	102	0	58
1603	1709	129	0	67
1604	854	108	0	41
1605	1705	195	0	70
1606	570	46	0	21
1607	882	114	0	41
1608	422	159	0	14
1609	236	57	0	9
1610	470	58	0	19
1611	1529	114	0	67
1612	245	126	0	9
1613	772	122	0	26
1614	1671	214	0	70
1615	830	299	0	27
1616	863	249	0	30
1617	323	46	0	9
1618	356	34	0	18
1619	1203	161	0	49
1620	966	176	0	38
1621	231	46	0	9
1622	872	86	0	41
1623	1055	114	0	43
1624	1431	178	0	60
1625	1367	225	0	64
1626	1356	194	0	64
1627	948	135	0	38
1628	1036	278	0	28
1629	1205	57	0	47
1630	293	109	0	9
1631	1165	264	0	29
1632	1344	164	0	64
1633	1705	108	0	67
1634	1446	227	0	65
1635	1086	285	0	28
1636	484	64	0	19
1637	1349	234	0	64
1638	827	287	0	27
1639	1411	169	0	60
1640	839	108	0	41
1641	1668	182	0	70
1642	1116	92	0	44
1643	1679	181	0	70
1644	1127	311	0	28
1645	1815	87	0	71
1646	1027	26	0	48
1647	868	35	0	45
1648	863	238	0	30
1649	590	181	0	16
1650	1903	279	0	75
1651	1436	133	0	57
1652	759	133	0	26
1653	677	44	0	24
1654	1324	91	0	54
1655	285	483	0	4
1656	499	167	0	15
1657	923	247	0	30
1658	1069	273	0	28
1659	966	252	0	30
1660	1386	167	0	64
1661	1641	207	0	69
1662	1196	80	0	47
1663	1647	211	0	70
1664	753	244	0	25
1665	1587	188	0	68
1666	414	140	0	14
1667	874	141	0	39
1668	1372	101	0	55
1669	255	110	0	9
1670	1640	129	0	67
1671	1482	117	0	58
1672	928	337	0	27
1673	1640	176	0	69
1674	1469	192	0	61
1675	301	33	0	9
1676	912	51	0	45
1677	331	44	0	18
1678	991	284	0	28
1679	1238	159	0	49
1680	1133	107	0	44
1681	1662	86	0	67
1682	444	174	0	14
1683	1027	285	0	28
1684	663	53	0	24
1685	915	324	0	27
1686	494	190	0	15
1687	1563	82	0	66
1688	995	77	0	46
1689	1158	330	0	29
1690	1657	204	0	70
1691	1442	239	0	65
1692	235	315	0	3
1693	1371	124	0	55
1694	1044	75	0	46
1695	1103	90	0	43
1696	1851	261	0	75
1697	1285	119	0	50
1698	169	343	0	2
1699	1150	278	0	29
1700	862	307	0	27
1701	1305	545	0	53
1702	1312	125	0	54
1703	574	43	0	21
1704	1093	78	0	46
1705	890	154	0	39
1706	1433	231	0	65
1707	216	117	0	9
1708	1581	210	0	68
1709	1477	247	0	65
1710	769	157	0	26
1711	1804	75	0	71
1712	1147	248	0	35
1713	560	47	0	21
1714	578	170	0	16
1715	1468	95	0	57
1716	1140	82	0	47
1717	128	252	0	1
1718	311	38	0	9
1719	1409	105	0	56
1720	278	51	0	9
1721	1128	47	0	46
1722	982	79	0	46
1723	1093	283	0	28
1724	313	59	0	9
1725	768	166	0	26
1726	1114	264	0	28
1727	917	323	0	27
1728	1026	292	0	28
1729	1220	188	0	49
1730	1434	211	0	61
1731	1169	323	0	29
1732	843	103	0	41
1733	1331	97	0	54
1734	486	118	0	15
1735	856	270	0	27
1736	1034	300	0	28
1737	284	484	0	4
1738	320	90	0	9
1739	1711	172	0	70
1740	274	481	0	4
1741	977	89	0	42
1742	1631	76	0	66
1743	913	73	0	45
1744	241	34	0	9
1745	752	121	0	26
1746	1367	104	0	55
1747	1508	134	0	58
1748	420	56	0	19
1749	1497	117	0	58
1750	439	45	0	19
1751	1095	71	0	46
1752	894	128	0	41
1753	923	137	0	37
1754	1534	86	0	67
1755	1260	378	0	52
1756	319	110	0	9
1757	984	70	0	46
1758	974	65	0	46
1759	1279	396	0	52
1760	295	121	0	9
1761	1660	173	0	70
1762	1392	208	0	60
1763	882	143	0	39
1764	1445	219	0	65
1765	1811	115	0	71
1766	745	144	0	26
1767	1473	200	0	61
1768	756	170	0	26
1769	1097	246	0	34
1770	1087	110	0	43
1771	1384	111	0	55
1772	1003	90	0	42
1773	1852	274	0	75
1774	1325	98	0	54
1775	966	142	0	38
1776	1680	170	0	70
1777	263	92	0	9
1778	975	101	0	42
1779	496	120	0	15
1780	1121	329	0	28
1781	1651	192	0	70
1782	927	34	0	45
1783	887	49	0	45
1784	1388	94	0	55
1785	1386	246	0	64
1786	1138	272	0	29
1787	1773	596	0	73
1788	1093	0	0	48
1789	1049	304	0	28
1790	960	124	0	41
1791	1497	185	0	62
1792	935	139	0	37
1793	391	34	0	19
1794	570	164	0	16
1795	1150	269	0	29
1796	273	126	0	9
1797	1025	65	0	46
1798	131	237	0	1
1799	859	49	0	45
1800	1379	194	0	64
1801	1664	214	0	70
1802	1247	174	0	49
1803	1371	111	0	55
1804	1024	126	0	42
1805	924	310	0	27
1806	1580	165	0	68
1807	1028	125	0	42
1808	765	233	0	25
1809	1370	185	0	64
1810	952	263	0	27
1811	869	243	0	30
1812	888	134	0	39
1813	1321	121	0	54
1814	691	189	0	17
1815	872	322	0	27
1816	1479	124	0	58
1817	895	141	0	39
1818	881	337	0	27
1819	448	153	0	14
1820	1570	170	0	68
1821	898	265	0	27
1822	1533	103	0	67
1823	1596	89	0	67
1824	177	351	0	2
1825	1495	85	0	58
1826	931	174	0	37
1827	1033	107	0	42
1828	891	319	0	27
1829	986	102	0	42
1830	168	330	0	2
1831	1431	170	0	60
1832	1080	50	0	46
1833	773	228	0	25
1834	1356	210	0	64
1835	1095	238	0	34
1836	959	311	0	27
1837	483	49	0	19
1838	620	55	0	23
1839	1080	292	0	28
1840	1124	99	0	44
1841	290	58	0	9
1842	589	40	0	22
1843	1773	586	0	73
1844	236	67	0	9
1845	523	154	0	15
1846	1806	237	0	72
1847	1399	109	0	56
1848	1806	148	0	71
1849	935	100	0	41
1850	853	318	0	27
1851	933	293	0	27
1852	1143	32	0	47
1853	1494	122	0	58
1854	1416	237	0	65
1855	1702	130	0	67
1856	1368	219	0	64
1857	1168	316	0	29
1858	1801	213	0	72
1859	962	68	0	45
1860	1054	240	0	33
1861	937	268	0	27
1862	912	329	0	27
1863	897	163	0	39
1864	1612	198	0	69
1865	520	149	0	15
1866	291	45	0	9
1867	1643	115	0	67
1868	1129	60	0	46
1869	288	99	0	9
1870	689	189	0	17
1871	1407	185	0	60
1872	1010	294	0	28
1873	1033	43	0	46
1874	330	70	0	18
1875	1148	298	0	29
1876	1112	1	0	48
1877	1073	293	0	28
1878	1114	123	0	44
1879	1256	396	0	52
1880	1354	171	0	64
1881	1123	267	0	28
1882	1491	198	0	62
1883	1262	362	0	51
1884	896	238	0	30
1885	1638	207	0	69
1886	383	79	0	18
1887	1367	100	0	55
1888	1086	279	0	28
1889	1069	126	0	43
1890	266	130	0	9
1891	1294	113	0	50
1892	1807	241	0	72
1893	917	183	0	37
1894	933	304	0	27
1895	1359	235	0	64
1896	1675	104	0	67
1897	1334	90	0	54
1898	259	45	0	9
1899	1191	31	0	47
1900	1393	191	0	60
1901	1305	551	0	53
1902	222	59	0	9
1903	862	300	0	27
1904	1139	262	0	29
1905	1319	237	0	63
1906	1516	176	0	62
1907	1645	198	0	69
1908	1152	238	0	35
1909	973	175	0	38
1910	683	253	0	13
1911	743	160	0	26
1912	1095	18	0	48
1913	1673	97	0	67
1914	1096	310	0	28
1915	1663	202	0	70
1916	834	328	0	27
1917	536	187	0	16
1918	1674	181	0	70
1919	585	44	0	22
1920	1027	136	0	40
1921	1004	29	0	46
1922	1127	132	0	44
1923	358	240	0	7
1924	1443	176	0	61
1925	1184	181	0	49
1926	1212	34	0	47
1927	920	155	0	37
1928	1855	267	0	75
1929	499	43	0	20
1930	1412	213	0	60
1931	1070	237	0	34
1932	499	130	0	15
1933	1206	157	0	49
1934	289	84	0	9
1935	1067	92	0	43
1936	1640	110	0	67
1937	1148	273	0	29
1938	1504	203	0	62
1939	943	70	0	45
1940	922	43	0	45
1941	1569	90	0	67
1942	1232	142	0	49
1943	1423	118	0	56
1944	1789	584	0	73
1945	813	279	0	27
1946	1005	269	0	28
1947	1513	237	0	65
1948	1514	177	0	62
1949	927	176	0	37
1950	1527	112	0	67
1951	1883	282	0	75
1952	1334	111	0	54
1953	978	146	0	38
1954	1067	300	0	28
1955	246	35	0	9
1956	941	318	0	27
1957	1116	323	0	28
1958	739	138	0	26
1959	861	29	0	45
1960	1802	254	0	72
1961	1074	49	0	46
1962	1421	112	0	56
1963	1110	6	0	48
1964	1038	95	0	43
1965	856	90	0	41
1966	305	39	0	9
1967	750	127	0	26
1968	1139	325	0	29
1969	1348	112	0	55
1970	976	10	0	48
1971	1559	106	0	67
1972	250	78	0	9
1973	1280	108	0	50
1974	1012	285	0	28
1975	1075	76	0	46
1976	1434	96	0	57
1977	569	32	0	21
1978	1177	34	0	47
1979	822	327	0	27
1980	378	239	0	7
1981	1004	102	0	42
1982	1578	67	0	66
1983	1102	87	0	43
1984	905	33	0	45
1985	999	80	0	46
1986	1618	83	0	66
1987	595	171	0	16
1988	670	46	0	24
1989	1006	27	0	48
1990	967	63	0	45
1991	1649	182	0	70
1992	1433	187	0	60
1993	273	118	0	9
1994	1041	90	0	43
1995	646	46	0	23
1996	235	100	0	9
1997	874	321	0	27
1998	739	158	0	26
1999	354	29	0	18
2000	286	128	0	9
2001	846	268	0	27
2002	1258	384	0	52
2003	854	117	0	41
2004	1083	95	0	43
2005	1142	240	0	35
2006	1913	281	0	75
2007	1113	307	0	28
2008	1595	70	0	66
2009	851	30	0	45
2010	268	65	0	9
2011	1689	98	0	67
2012	1033	52	0	46
2013	1130	56	0	46
2014	1300	130	0	50
2015	1037	92	0	42
2016	1855	275	0	75
2017	1077	86	0	43
2018	1168	36	0	47
2019	683	242	0	13
2020	329	32	0	18
2021	905	290	0	27
2022	1219	190	0	49
2023	680	38	0	24
2024	1212	41	0	47
2025	964	131	0	41
2026	833	306	0	27
2027	837	323	0	27
2028	1021	35	0	46
2029	886	112	0	41
2030	863	50	0	45
2031	1206	161	0	49
2032	894	38	0	45
2033	944	52	0	45
2034	1388	180	0	60
2035	995	332	0	28
2036	245	39	0	9
2037	1807	215	0	72
2038	302	130	0	9
2039	1603	99	0	67
2040	1301	121	0	50
2041	536	166	0	16
2042	1511	183	0	62
2043	1054	39	0	46
2044	485	49	0	19
2045	1508	173	0	62
2046	1312	234	0	63
2047	413	168	0	14
2048	1059	81	0	46
2049	1063	305	0	28
2050	421	185	0	14
2051	1550	65	0	66
2052	692	179	0	17
2053	234	323	0	3
2054	978	47	0	46
2055	1912	281	0	75
2056	1041	45	0	46
2057	983	21	0	48
2058	1409	101	0	56
2059	970	167	0	38
2060	1025	244	0	32
2061	312	39	0	9
2062	902	89	0	41
2063	1499	171	0	62
2064	1092	316	0	28
2065	1623	176	0	69
2066	913	138	0	37
2067	951	42	0	45
2068	965	69	0	45
2069	422	178	0	14
2070	1095	247	0	34
2071	1166	282	0	29
2072	1067	14	0	48
2073	114	242	0	1
2074	1217	146	0	49
2075	1577	112	0	67
2076	696	175	0	17
2077	402	146	0	14
2078	1813	104	0	71
2079	1380	177	0	64
2080	413	52	0	19
2081	419	66	0	19
2082	1064	127	0	43
2083	459	47	0	19
2084	1071	306	0	28
2085	1062	251	0	33
2086	1116	316	0	28
2087	1520	191	0	62
2088	422	31	0	19
2089	1171	49	0	47
2090	1118	332	0	28
2091	757	152	0	26
2092	1022	5	0	48
2093	754	133	0	26
2094	1597	81	0	66
2095	876	316	0	27
2096	249	79	0	9
2097	423	30	0	19
2098	1815	77	0	71
2099	284	34	0	9
2100	589	33	0	22
2101	1043	308	0	28
2102	1669	212	0	70
2103	223	63	0	9
2104	380	75	0	18
2105	1665	184	0	70
2106	1507	230	0	65
2107	852	100	0	41
2108	912	136	0	37
2109	1106	326	0	28
2110	1799	147	0	71
2111	990	130	0	42
2112	494	156	0	15
2113	224	132	0	9
2114	1245	164	0	49
2115	1709	175	0	70
2116	1656	113	0	67
2117	1032	113	0	42
2118	1011	270	0	28
2119	1249	178	0	49
2120	1462	255	0	65
2121	423	44	0	19
2122	441	77	0	19
2123	1245	243	0	36
2124	838	328	0	27
2125	338	42	0	18
2126	1069	61	0	46
2127	357	44	0	18
2128	1490	188	0	62
2129	337	85	0	18
2130	264	106	0	9
2131	1333	165	0	59
2132	1052	25	0	48
2133	1021	81	0	46
2134	1067	109	0	43
2135	1533	132	0	67
2136	1001	278	0	28
2137	1145	244	0	35
2138	555	34	0	21
2139	743	185	0	26
2140	1334	178	0	59
2141	1685	90	0	67
2142	977	75	0	46
2143	772	257	0	25
2144	220	79	0	9
2145	1330	257	0	63
2146	1334	205	0	59
2147	232	44	0	9
2148	1257	364	0	51
2149	1120	109	0	44
2150	1659	184	0	70
2151	1614	104	0	67
2152	923	307	0	27
2153	896	297	0	27
2154	1339	181	0	59
2155	1150	309	0	29
2156	390	49	0	19
2157	230	61	0	9
2158	371	83	0	18
2159	1023	118	0	42
2160	273	500	0	4
2161	1139	279	0	29
2162	602	180	0	16
2163	1928	278	0	75
2164	1018	93	0	42
2165	1108	7	0	48
2166	557	39	0	21
2167	1814	136	0	71
2168	304	67	0	9
2169	1123	4	0	48
2170	913	48	0	45
2171	1198	29	0	47
2172	868	33	0	45
2173	1805	109	0	71
2174	1168	245	0	35
2175	1644	207	0	69
2176	1123	111	0	44
2177	271	33	0	9
2178	768	239	0	25
2179	1594	127	0	67
2180	1094	113	0	43
2181	914	262	0	27
2182	1071	268	0	28
2183	1523	76	0	66
2184	487	185	0	15
2185	1717	185	0	70
2186	1799	151	0	71
2187	1562	72	0	66
2188	1711	180	0	70
2189	335	178	0	8
2190	1537	74	0	66
2191	1058	24	0	48
2192	868	273	0	27
2193	1598	87	0	67
2194	1361	113	0	55
2195	1140	326	0	29
2196	832	270	0	27
2197	1707	98	0	67
2198	1800	217	0	72
2199	686	178	0	17
2200	1395	214	0	60
2201	1084	2	0	48
2202	1712	98	0	67
2203	1163	52	0	47
2204	1489	200	0	62
2205	323	72	0	9
2206	849	311	0	27
2207	745	163	0	26
2208	572	47	0	21
2209	1007	164	0	40
2210	1145	48	0	47
2211	997	128	0	42
2212	974	184	0	38
2213	1485	114	0	58
2214	1327	126	0	54
2215	957	289	0	27
2216	1903	278	0	75
2217	1716	195	0	70
2218	883	309	0	27
2219	176	329	0	2
2220	312	107	0	9
2221	260	101	0	9
2222	1790	81	0	71
2223	960	160	0	38
2224	842	262	0	27
2225	884	128	0	41
2226	442	71	0	19
2227	934	174	0	37
2228	1815	242	0	72
2229	1423	202	0	60
2230	1383	213	0	64
2231	245	48	0	9
2232	1463	167	0	61
2233	898	153	0	39
2234	1210	29	0	47
2235	196	167	0	5
2236	953	125	0	41
2237	896	102	0	41
2238	1004	2	0	48
2239	211	63	0	9
2240	487	177	0	15
2241	1519	239	0	65
2242	999	187	0	38
2243	751	246	0	25
2244	358	249	0	7
2245	254	256	0	6
2246	1410	237	0	65
2247	1389	112	0	56
2248	1615	194	0	69
2249	1168	298	0	29
2250	987	28	0	48
2251	1449	114	0	57
2252	1085	104	0	43
2253	211	123	0	9
2254	1183	45	0	47
2255	523	124	0	15
2256	519	53	0	20
2257	1710	180	0	70
2258	1056	306	0	28
2259	865	319	0	27
2260	1612	116	0	67
2261	779	158	0	26
2262	1114	100	0	44
2263	310	116	0	9
2264	1398	231	0	65
2265	441	156	0	14
2266	1426	257	0	65
2267	1050	333	0	28
2268	1810	77	0	71
2269	410	85	0	19
2270	1362	235	0	64
2271	932	100	0	41
2272	345	63	0	18
2273	1087	238	0	34
2274	1344	191	0	64
2275	860	95	0	41
2276	1110	0	0	48
2277	756	222	0	25
2278	442	77	0	19
2279	987	74	0	46
2280	875	276	0	27
2281	1037	164	0	40
2282	1102	105	0	43
2283	353	84	0	18
2284	1327	252	0	63
2285	965	310	0	27
2286	660	247	0	13
2287	1092	252	0	34
2288	1340	234	0	63
2289	1803	267	0	74
2290	1058	330	0	28
2291	545	36	0	21
2292	1498	246	0	65
2293	1514	255	0	65
2294	299	115	0	9
2295	1086	120	0	43
2296	1649	85	0	67
2297	1143	37	0	47
2298	984	36	0	46
2299	332	29	0	18
2300	1318	248	0	63
2301	1479	215	0	65
2302	1073	109	0	43
2303	1697	86	0	67
2304	1567	126	0	67
2305	1670	128	0	67
2306	1803	103	0	71
2307	1232	144	0	49
2308	940	187	0	38
2309	1008	337	0	28
2310	511	133	0	15
2311	1083	27	0	48
2312	898	97	0	41
2313	1171	35	0	47
2314	1238	167	0	49
2315	758	178	0	26
2316	438	171	0	14
2317	1104	74	0	46
2318	460	68	0	19
2319	1812	256	0	72
2320	1057	296	0	28
2321	1568	91	0	67
2322	998	168	0	38
2323	1521	229	0	65
2324	1513	233	0	65
2325	882	55	0	45
2326	407	61	0	19
2327	871	34	0	45
2328	1152	243	0	35
2329	242	310	0	3
2330	1413	196	0	60
2331	1364	86	0	55
2332	1808	192	0	72
2333	1067	70	0	46
2334	246	81	0	9
2335	1163	257	0	29
2336	1685	110	0	67
2337	1172	162	0	49
2338	379	237	0	7
2339	1124	270	0	28
2340	1300	551	0	53
2341	901	62	0	45
2342	1132	43	0	46
2343	431	78	0	19
2344	1463	89	0	57
2345	1093	95	0	43
2346	1472	88	0	57
2347	867	91	0	41
2348	285	103	0	9
2349	1126	293	0	28
2350	920	273	0	27
2351	230	329	0	3
2352	913	284	0	27
2353	979	120	0	42
2354	995	46	0	46
2355	769	228	0	25
2356	983	237	0	31
2357	1399	176	0	60
2358	274	479	0	4
2359	840	336	0	27
2360	1055	117	0	43
2361	618	44	0	23
2362	869	265	0	27
2363	679	184	0	17
2364	241	105	0	9
2365	393	146	0	14
2366	1034	52	0	46
2367	207	45	0	9
2368	1462	204	0	61
2369	971	63	0	45
2370	1694	124	0	67
2371	1663	105	0	67
2372	841	102	0	41
2373	1360	115	0	55
2374	1540	91	0	67
2375	1722	101	0	67
2376	949	53	0	45
2377	1253	382	0	52
2378	1678	172	0	70
2379	1116	87	0	44
2380	1310	101	0	50
2381	1008	158	0	40
2382	1207	184	0	49
2383	1133	254	0	35
2384	928	101	0	41
2385	1708	96	0	67
2386	1053	102	0	43
2387	1504	128	0	58
2388	1395	249	0	65
2389	245	132	0	9
2390	1035	13	0	48
2391	1052	104	0	43
2392	1327	234	0	63
2393	265	103	0	9
2394	1085	101	0	43
2395	1170	144	0	49
2396	953	52	0	45
2397	1056	249	0	33
2398	377	247	0	7
2399	1811	163	0	71
2400	865	116	0	41
2401	1161	262	0	29
2402	579	175	0	16
2403	1015	289	0	28
2404	214	51	0	9
2405	1510	219	0	65
2406	1197	143	0	49
2407	1007	114	0	42
2408	1061	86	0	43
2409	1288	548	0	53
2410	369	69	0	18
2411	917	60	0	45
2412	917	74	0	45
2413	1519	190	0	62
2414	1442	187	0	61
2415	1071	325	0	28
2416	1503	191	0	62
2417	1494	234	0	65
2418	1172	80	0	47
2419	1044	298	0	28
2420	970	153	0	38
2421	848	111	0	41
2422	922	45	0	45
2423	1112	263	0	28
2424	1162	256	0	35
2425	1009	130	0	42
2426	775	256	0	25
2427	1241	172	0	49
2428	509	132	0	15
2429	1121	40	0	46
2430	1522	208	0	62
2431	1452	115	0	57
2432	1391	173	0	60
2433	1293	91	0	50
2434	1501	250	0	65
2435	1109	43	0	46
2436	1002	330	0	28
2437	1571	206	0	68
2438	1210	44	0	47
2439	1558	125	0	67
2440	1496	188	0	62
2441	1710	103	0	67
2442	1379	235	0	64
2443	540	50	0	21
2444	1055	262	0	28
2445	361	250	0	7
2446	1569	124	0	67
2447	860	100	0	41
2448	586	33	0	22
2449	1157	43	0	47
2450	1293	538	0	53
2451	879	274	0	27
2452	1493	215	0	65
2453	362	36	0	18
2454	1008	307	0	28
2455	929	152	0	37
2456	1201	58	0	47
2457	1546	75	0	66
2458	884	33	0	45
2459	1373	183	0	64
2460	454	77	0	19
2461	765	162	0	26
2462	1104	39	0	46
2463	375	248	0	7
2464	1566	79	0	66
2465	1166	29	0	47
2466	1634	92	0	67
2467	1374	254	0	64
2468	1453	182	0	61
2469	264	101	0	9
2470	1186	162	0	49
2471	1322	118	0	54
2472	1794	99	0	71
2473	1340	210	0	59
2474	987	157	0	38
2475	1815	194	0	72
2476	386	140	0	14
2477	1801	207	0	72
2478	1298	128	0	50
2479	1367	233	0	64
2480	1209	82	0	47
2481	1125	83	0	46
2482	1223	150	0	49
2483	844	114	0	41
2484	1133	33	0	46
2485	1492	188	0	62
2486	362	242	0	7
2487	1368	193	0	64
2488	1705	184	0	70
2489	639	41	0	23
2490	542	56	0	21
2491	1384	124	0	55
2492	1133	97	0	44
2493	1192	31	0	47
2494	1076	262	0	28
2495	1484	253	0	65
2496	306	104	0	9
2497	1222	182	0	49
2498	974	41	0	46
2499	306	71	0	9
