point  k
255.0,68.0,0    200
1530.0,129.0,0  200
1716.0,167.0,0  200
252.0,247.0,0   200
1603.0,98.0,0   200
1793.0,149.0,0  200
239.0,307.0,0   200
344.0,241.0,0   200
1571.0,71.0,0   200
1788.0,242.0,0  200

255.0,68.0,0    400
1530.0,129.0,0  400
1716.0,167.0,0  400
252.0,247.0,0   400
1603.0,98.0,0   400
1793.0,149.0,0  400
239.0,307.0,0   400
344.0,241.0,0   400
1571.0,71.0,0   400
1788.0,242.0,0  400

255.0,68.0,0    600
1530.0,129.0,0  600
1716.0,167.0,0  600
252.0,247.0,0   600
1603.0,98.0,0   600
1793.0,149.0,0  600
239.0,307.0,0   600
344.0,241.0,0   600
1571.0,71.0,0   600
1788.0,242.0,0  600

255.0,68.0,0    800
1530.0,129.0,0  800
1716.0,167.0,0  800
252.0,247.0,0   800
1603.0,98.0,0   800
1793.0,149.0,0  800
239.0,307.0,0   800
344.0,241.0,0   800
1571.0,71.0,0   800
1788.0,242.0,0  800

255.0,68.0,0    1000
1530.0,129.0,0  1000
1716.0,167.0,0  1000
252.0,247.0,0   1000
1603.0,98.0,0   1000
1793.0,149.0,0  1000
239.0,307.0,0   1000
344.0,241.0,0   1000
1571.0,71.0,0   1000
1788.0,242.0,0  1000
