point  k
645.0,1386.0,4  1
879.0,810.0,5   1
896.0,1743.0,1  1
1121.0,1045.0,1 1
1305.0,1044.0,0 1
1179.0,1844.0,2 1
1460.0,1732.0,0 1
1309.0,1103.0,6 1
568.0,1715.0,3  1
621.0,1545.0,3  1

645.0,1386.0,4  5
879.0,810.0,5   5
896.0,1743.0,1  5
1121.0,1045.0,1 5
1305.0,1044.0,0 5
1179.0,1844.0,2 5
1460.0,1732.0,0 5
1309.0,1103.0,6 5
568.0,1715.0,3  5
621.0,1545.0,3  5

645.0,1386.0,4  10
879.0,810.0,5   10
896.0,1743.0,1  10
1121.0,1045.0,1 10
1305.0,1044.0,0 10
1179.0,1844.0,2 10
1460.0,1732.0,0 10
1309.0,1103.0,6 10
568.0,1715.0,3  10
621.0,1545.0,3  10

645.0,1386.0,4  50
879.0,810.0,5   50
896.0,1743.0,1  50
1121.0,1045.0,1 50
1305.0,1044.0,0 50
1179.0,1844.0,2 50
1460.0,1732.0,0 50
1309.0,1103.0,6 50
568.0,1715.0,3  50
621.0,1545.0,3  50

645.0,1386.0,4  100
879.0,810.0,5   100
896.0,1743.0,1  100
1121.0,1045.0,1 100
1305.0,1044.0,0 100
1179.0,1844.0,2 100
1460.0,1732.0,0 100
1309.0,1103.0,6 100
568.0,1715.0,3  100
621.0,1545.0,3  100


