point  k
84.0,11.0,0 1
64.0,22.0,8 1
25.0,25.0,5 1
76.0,20.0,9 1
119.0,25.0,7    1
8.0,29.0,1  1
43.0,24.0,15    1
48.0,31.0,12    1
74.0,4.0,8  1
45.0,24.0,8 1

84.0,11.0,0 5
64.0,22.0,8 5
25.0,25.0,5 5
76.0,20.0,9 5
119.0,25.0,7    5
8.0,29.0,1  5
43.0,24.0,15    5
48.0,31.0,12    5
74.0,4.0,8  5
45.0,24.0,8 5

84.0,11.0,0 10
64.0,22.0,8 10
25.0,25.0,5 10
76.0,20.0,9 10
119.0,25.0,7    10
8.0,29.0,1  10
43.0,24.0,15    10
48.0,31.0,12    10
74.0,4.0,8  10
45.0,24.0,8 10

84.0,11.0,0 50
64.0,22.0,8 50
25.0,25.0,5 50
76.0,20.0,9 50
119.0,25.0,7    50
8.0,29.0,1  50
43.0,24.0,15    50
48.0,31.0,12    50
74.0,4.0,8  50
45.0,24.0,8 50

84.0,11.0,0 100
64.0,22.0,8 100
25.0,25.0,5 100
76.0,20.0,9 100
119.0,25.0,7    100
8.0,29.0,1  100
43.0,24.0,15    100
48.0,31.0,12    100
74.0,4.0,8  100
45.0,24.0,8 100