point  k
1198.0,128.0,1  1
365.0,877.0,0   1
248.0,63.0,2    1
453.0,1210.0,0  1
485.0,209.0,0   1
1232.0,4.0,1    1
967.0,746.0,2   1
1203.0,1297.0,0 1
1119.0,1277.0,0 1
1265.0,1362.0,1 1

1198.0,128.0,1  5
365.0,877.0,0   5
248.0,63.0,2    5
453.0,1210.0,0  5
485.0,209.0,0   5
1232.0,4.0,1    5
967.0,746.0,2   5
1203.0,1297.0,0 5
1119.0,1277.0,0 5
1265.0,1362.0,1 5

1198.0,128.0,1  10
365.0,877.0,0   10
248.0,63.0,2    10
453.0,1210.0,0  10
485.0,209.0,0   10
1232.0,4.0,1    10
967.0,746.0,2   10
1203.0,1297.0,0 10
1119.0,1277.0,0 10
1265.0,1362.0,1 10

1198.0,128.0,1  50
365.0,877.0,0   50
248.0,63.0,2    50
453.0,1210.0,0  50
485.0,209.0,0   50
1232.0,4.0,1    50
967.0,746.0,2   50
1203.0,1297.0,0 50
1119.0,1277.0,0 50
1265.0,1362.0,1 50

1198.0,128.0,1  100
365.0,877.0,0   100
248.0,63.0,2    100
453.0,1210.0,0  100
485.0,209.0,0   100
1232.0,4.0,1    100
967.0,746.0,2   100
1203.0,1297.0,0 100
1119.0,1277.0,0 100
1265.0,1362.0,1 100
