point  range
255.0,68.0,0    1
1530.0,129.0,0  1
1716.0,167.0,0  1
252.0,247.0,0   1
1603.0,98.0,0   1
1793.0,149.0,0  1
239.0,307.0,0   1
344.0,241.0,0   1
1571.0,71.0,0   1
1788.0,242.0,0  1

255.0,68.0,0    5
1530.0,129.0,0  5
1716.0,167.0,0  5
252.0,247.0,0   5
1603.0,98.0,0   5
1793.0,149.0,0  5
239.0,307.0,0   5
344.0,241.0,0   5
1571.0,71.0,0   5
1788.0,242.0,0  5

255.0,68.0,0    10
1530.0,129.0,0  10
1716.0,167.0,0  10
252.0,247.0,0   10
1603.0,98.0,0   10
1793.0,149.0,0  10
239.0,307.0,0   10
344.0,241.0,0   10
1571.0,71.0,0   10
1788.0,242.0,0  10

255.0,68.0,0    50
1530.0,129.0,0  50
1716.0,167.0,0  50
252.0,247.0,0   50
1603.0,98.0,0   50
1793.0,149.0,0  50
239.0,307.0,0   50
344.0,241.0,0   50
1571.0,71.0,0   50
1788.0,242.0,0  50

255.0,68.0,0    100
1530.0,129.0,0  100
1716.0,167.0,0  100
252.0,247.0,0   100
1603.0,98.0,0   100
1793.0,149.0,0  100
239.0,307.0,0   100
344.0,241.0,0   100
1571.0,71.0,0   100
1788.0,242.0,0  100
