point  range
645.0,1386.0,4  200
879.0,810.0,5   200
896.0,1743.0,1  200
1121.0,1045.0,1 200
1305.0,1044.0,0 200
1179.0,1844.0,2 200
1460.0,1732.0,0 200
1309.0,1103.0,6 200
568.0,1715.0,3  200
621.0,1545.0,3  200

645.0,1386.0,4  400
879.0,810.0,5   400
896.0,1743.0,1  400
1121.0,1045.0,1 400
1305.0,1044.0,0 400
1179.0,1844.0,2 400
1460.0,1732.0,0 400
1309.0,1103.0,6 400
568.0,1715.0,3  400
621.0,1545.0,3  400

645.0,1386.0,4  600
879.0,810.0,5   600
896.0,1743.0,1  600
1121.0,1045.0,1 600
1305.0,1044.0,0 600
1179.0,1844.0,2 600
1460.0,1732.0,0 600
1309.0,1103.0,6 600
568.0,1715.0,3  600
621.0,1545.0,3  600

645.0,1386.0,4  800
879.0,810.0,5   800
896.0,1743.0,1  800
1121.0,1045.0,1 800
1305.0,1044.0,0 800
1179.0,1844.0,2 800
1460.0,1732.0,0 800
1309.0,1103.0,6 800
568.0,1715.0,3  800
621.0,1545.0,3  800

645.0,1386.0,4  1000
879.0,810.0,5   1000
896.0,1743.0,1  1000
1121.0,1045.0,1 1000
1305.0,1044.0,0 1000
1179.0,1844.0,2 1000
1460.0,1732.0,0 1000
1309.0,1103.0,6 1000
568.0,1715.0,3  1000
621.0,1545.0,3  1000


