point  range
84.0,11.0,0 200
64.0,22.0,8 200
25.0,25.0,5 200
76.0,20.0,9 200
119.0,25.0,7    200
8.0,29.0,1  200
43.0,24.0,15    200
48.0,31.0,12    200
74.0,4.0,8  200
45.0,24.0,8 200

84.0,11.0,0 400
64.0,22.0,8 400
25.0,25.0,5 400
76.0,20.0,9 400
119.0,25.0,7    400
8.0,29.0,1  400
43.0,24.0,15    400
48.0,31.0,12    400
74.0,4.0,8  400
45.0,24.0,8 400

84.0,11.0,0 600
64.0,22.0,8 600
25.0,25.0,5 600
76.0,20.0,9 600
119.0,25.0,7    600
8.0,29.0,1  600
43.0,24.0,15    600
48.0,31.0,12    600
74.0,4.0,8  600
45.0,24.0,8 600

84.0,11.0,0 800
64.0,22.0,8 800
25.0,25.0,5 800
76.0,20.0,9 800
119.0,25.0,7    800
8.0,29.0,1  800
43.0,24.0,15    800
48.0,31.0,12    800
74.0,4.0,8  800
45.0,24.0,8 800

84.0,11.0,0 1000
64.0,22.0,8 1000
25.0,25.0,5 1000
76.0,20.0,9 1000
119.0,25.0,7    1000
8.0,29.0,1  1000
43.0,24.0,15    1000
48.0,31.0,12    1000
74.0,4.0,8  1000
45.0,24.0,8 1000