point  range
1198.0,128.0,1  200
365.0,877.0,0   200
248.0,63.0,2    200
453.0,1210.0,0  200
485.0,209.0,0   200
1232.0,4.0,1    200
967.0,746.0,2   200
1203.0,1297.0,0 200
1119.0,1277.0,0 200
1265.0,1362.0,1 200

1198.0,128.0,1  400
365.0,877.0,0   400
248.0,63.0,2    400
453.0,1210.0,0  400
485.0,209.0,0   400
1232.0,4.0,1    400
967.0,746.0,2   400
1203.0,1297.0,0 400
1119.0,1277.0,0 400
1265.0,1362.0,1 400

1198.0,128.0,1  600
365.0,877.0,0   600
248.0,63.0,2    600
453.0,1210.0,0  600
485.0,209.0,0   600
1232.0,4.0,1    600
967.0,746.0,2   600
1203.0,1297.0,0 600
1119.0,1277.0,0 600
1265.0,1362.0,1 600

1198.0,128.0,1  800
365.0,877.0,0   800
248.0,63.0,2    800
453.0,1210.0,0  800
485.0,209.0,0   800
1232.0,4.0,1    800
967.0,746.0,2   800
1203.0,1297.0,0 800
1119.0,1277.0,0 800
1265.0,1362.0,1 800

1198.0,128.0,1  1000
365.0,877.0,0   1000
248.0,63.0,2    1000
453.0,1210.0,0  1000
485.0,209.0,0   1000
1232.0,4.0,1    1000
967.0,746.0,2   1000
1203.0,1297.0,0 1000
1119.0,1277.0,0 1000
1265.0,1362.0,1 1000
