point1 point2
840.0,1369.0,1  816.0,1727.0,6
1146.0,1474.0,6 1168.0,914.0,4
1367.0,787.0,3  1114.0,1652.0,3
951.0,764.0,2   1407.0,1249.0,2
595.0,1847.0,5  715.0,1672.0,6
888.0,778.0,2   1447.0,883.0,2
1252.0,680.0,6  616.0,1246.0,5
514.0,1842.0,1  1179.0,1545.0,2
1683.0,1289.0,4 1087.0,1853.0,1
712.0,1526.0,5  1375.0,1870.0,5

840.0,1369.0,1  953.0,865.0,2
1146.0,1474.0,6 1426.0,888.0,0
1367.0,787.0,3  1030.0,1567.0,5
951.0,764.0,2   1575.0,1195.0,2
595.0,1847.0,5  1636.0,1515.0,1
888.0,778.0,2   1302.0,1029.0,0
1252.0,680.0,6  1514.0,1655.0,2
514.0,1842.0,1  814.0,1589.0,6
1683.0,1289.0,4 1640.0,1413.0,2
712.0,1526.0,5  1339.0,1430.0,2

840.0,1369.0,1  645.0,1386.0,4
1146.0,1474.0,6 879.0,810.0,5
1367.0,787.0,3  896.0,1743.0,1
951.0,764.0,2   1121.0,1045.0,1
595.0,1847.0,5  1305.0,1044.0,0
888.0,778.0,2   1179.0,1844.0,2
1252.0,680.0,6  1460.0,1732.0,0
514.0,1842.0,1  1309.0,1103.0,6
1683.0,1289.0,4 568.0,1715.0,3
712.0,1526.0,5  621.0,1545.0,3

840.0,1369.0,1  612.0,750.0,2
1146.0,1474.0,6 635.0,766.0,2
1367.0,787.0,3  1634.0,1818.0,2
951.0,764.0,2   912.0,1241.0,1
595.0,1847.0,5  814.0,927.0,3
888.0,778.0,2   1180.0,1639.0,1
1252.0,680.0,6  1646.0,1794.0,0
514.0,1842.0,1  1047.0,953.0,3
1683.0,1289.0,4 580.0,864.0,3
712.0,1526.0,5  621.0,1141.0,3

840.0,1369.0,1  904.0,712.0,4
1146.0,1474.0,6 902.0,652.0,3
1367.0,787.0,3  1765.0,1867.0,3
951.0,764.0,2   1177.0,2046.0,4
595.0,1847.0,5  686.0,746.0,3
888.0,778.0,2   690.0,1421.0,1
1252.0,680.0,6  1761.0,1750.0,0
514.0,1842.0,1  614.0,879.0,3
1683.0,1289.0,4 565.0,1152.0,1
712.0,1526.0,5  674.0,1107.0,4
