point1 point2
1299.0,1127.0,1 491.0,800.0,0
214.0,242.0,2   1027.0,147.0,2
1159.0,1206.0,0 180.0,759.0,0
1327.0,1161.0,1 1197.0,831.0,2
79.0,164.0,1    590.0,881.0,1
1235.0,36.0,1   1026.0,428.0,0
58.0,226.0,1    562.0,785.0,2
1180.0,1210.0,2 802.0,595.0,0
77.0,1355.0,1   853.0,566.0,1
138.0,1199.0,0  399.0,931.0,1

1299.0,1127.0,1 1032.0,240.0,0
214.0,242.0,2   193.0,12.0,0
1159.0,1206.0,0 214.0,574.0,2
1327.0,1161.0,1 1071.0,197.0,2
79.0,164.0,1    297.0,329.0,0
1235.0,36.0,1   442.0,191.0,0
58.0,226.0,1    613.0,1059.0,2
1180.0,1210.0,2 213.0,530.0,2
77.0,1355.0,1   1252.0,1168.0,1
138.0,1199.0,0  1165.0,629.0,1

1299.0,1127.0,1 210.0,545.0,2
214.0,242.0,2   1125.0,1346.0,2
1159.0,1206.0,0 204.0,370.0,1
1327.0,1161.0,1 440.0,380.0,0
79.0,164.0,1    1044.0,868.0,2
1235.0,36.0,1   592.0,973.0,0
58.0,226.0,1    852.0,887.0,2
1180.0,1210.0,2 1242.0,1318.0,1
77.0,1355.0,1   1116.0,331.0,1
138.0,1199.0,0  1121.0,1367.0,2

1299.0,1127.0,1 212.0,333.0,2
214.0,242.0,2   1204.0,1059.0,1
1159.0,1206.0,0 66.0,24.0,0
1327.0,1161.0,1 348.0,293.0,0
79.0,164.0,1    12.0,11.0,0
1235.0,36.0,1   421.0,1181.0,2
58.0,226.0,1    1130.0,1316.0,1
1180.0,1210.0,2 279.0,299.0,0
77.0,1355.0,1   5.0,106.0,2
138.0,1199.0,0  1208.0,419.0,2

1299.0,1127.0,1 113.0,153.0,2
214.0,242.0,2   1359.0,1221.0,0
1159.0,1206.0,0 84.0,145.0,1
1327.0,1161.0,1 13.0,244.0,0
79.0,164.0,1    1190.0,1227.0,0
1235.0,36.0,1   209.0,1183.0,0
58.0,226.0,1    1059.0,1180.0,2
1180.0,1210.0,2 239.0,58.0,1
77.0,1355.0,1   1165.0,134.0,0
138.0,1199.0,0  1360.0,118.0,2