point1 point2
289.0,478.0,0 979.0,265.0,0
1788.0,594.0,0  1140.0,254.0,0
287.0,499.0,0   924.0,150.0,0
1801.0,272.0,0  908.0,301.0,0
1800.0,283.0,0  867.0,120.0,0
216.0,34.0,0    1306.0,91.0,0
1871.0,265.0,0  1036.0,36.0,0
1663.0,195.0,0  632.0,32.0,0
136.0,257.0,0   1157.0,243.0,0
1538.0,73.0,0   663.0,170.0,0

289.0,478.0,0   1152.0,248.0,0
1788.0,594.0,0  1201.0,32.0,0
287.0,499.0,0   1219.0,245.0,0
1801.0,272.0,0  671.0,50.0,0
1800.0,283.0,0  573.0,177.0,0
216.0,34.0,0    1420.0,187.0,0
1871.0,265.0,0  755.0,170.0,0
1663.0,195.0,0  364.0,51.0,0
136.0,257.0,0   1365.0,242.0,0
1538.0,73.0,0   473.0,34.0,0

289.0,478.0,0   1319.0,248.0,0
1788.0,594.0,0  716.0,169.0,0
287.0,499.0,0   1410.0,108.0,0
1801.0,272.0,0  423.0,143.0,0
1800.0,283.0,0  458.0,157.0,0
216.0,34.0,0    1693.0,184.0,0
1871.0,265.0,0  581.0,30.0,0
1663.0,195.0,0  287.0,41.0,0
136.0,257.0,0   1396.0,248.0,0
1538.0,73.0,0   356.0,248.0,0

289.0,478.0,0   1482.0,220.0,0
1788.0,594.0,0  583.0,56.0,0
287.0,499.0,0   1487.0,172.0,0
1801.0,272.0,0  230.0,71.0,0
1800.0,283.0,0  240.0,32.0,0
216.0,34.0,0    1898.0,279.0,0
1871.0,265.0,0  345.0,240.0,0
1663.0,195.0,0  234.0,323.0,0
136.0,257.0,0   1794.0,128.0,0
1538.0,73.0,0   227.0,310.0,0

289.0,478.0,0   1804.0,108.0,0
1788.0,594.0,0  384.0,253.0,0
287.0,499.0,0   1568.0,98.0,0
1801.0,272.0,0  94.0,250.0,0
1800.0,283.0,0  180.0,351.0,0
216.0,34.0,0    1882.0,261.0,0
1871.0,265.0,0  108.0,257.0,0
1663.0,195.0,0  294.0,502.0,0
136.0,257.0,0   1818.0,273.0,0
1538.0,73.0,0   292.0,483.0,0

