point1 point2
34.0,5.0,0  55.0,10.0,0
56.0,9.0,13 70.0,34.0,13
61.0,33.0,16    93.0,33.0,16
79.0,9.0,3  52.0,28.0,3
32.0,6.0,0  67.0,2.0,0
59.0,18.0,5 80.0,30.0,5
121.0,24.0,15   96.0,26.0,15
61.0,23.0,16    55.0,5.0,16
90.0,1.0,0  67.0,32.0,1
61.0,33.0,11    71.0,9.0,11

34.0,5.0,0  101.0,16.0,0
56.0,9.0,13 19.0,33.0,13
61.0,33.0,16    121.0,30.0,16
79.0,9.0,3  115.0,28.0,3
32.0,6.0,0  86.0,18.0,1
59.0,18.0,5 14.0,34.0,5
121.0,24.0,15   65.0,32.0,14
61.0,23.0,16    13.0,28.0,16
90.0,1.0,0  48.0,33.0,1
61.0,33.0,11    3.0,33.0,11

34.0,5.0,0  7.0,20.0,1
56.0,9.0,13 112.0,27.0,11
61.0,33.0,16    16.0,33.0,10
79.0,9.0,3  104.0,20.0,0
32.0,6.0,0  116.0,32.0,1
59.0,18.0,5 18.0,26.0,9
121.0,24.0,15   80.0,13.0,0
61.0,23.0,16    30.0,32.0,15
90.0,1.0,0  9.0,13.0,0
61.0,33.0,11    24.0,30.0,14

34.0,5.0,0  111.0,24.0,6
56.0,9.0,13 82.0,34.0,8
61.0,33.0,16    47.0,28.0,12
79.0,9.0,3  74.0,12.0,11
32.0,6.0,0  114.0,27.0,3
59.0,18.0,5 71.0,13.0,9
121.0,24.0,15   57.0,5.0,1
61.0,23.0,16    111.0,28.0,1
90.0,1.0,0  97.0,26.0,3
61.0,33.0,11    29.0,18.0,0

34.0,5.0,0  24.0,31.0,11
56.0,9.0,13 56.0,3.0,6
61.0,33.0,16    55.0,17.0,8
79.0,9.0,3  56.0,15.0,13
32.0,6.0,0  102.0,28.0,15
59.0,18.0,5 60.0,7.0,15
121.0,24.0,15   5.0,25.0,8
61.0,23.0,16    76.0,14.0,2
90.0,1.0,0  81.0,23.0,11
61.0,33.0,11    69.0,24.0,1