0	603	1805	3	592
1	778	1581	6	923
2	976	743	3	547
3	1500	1107	1	263
4	981	1791	3	482
5	892	1923	5	758
6	598	1220	4	656
7	1493	1576	3	559
8	1338	1819	1	203
9	772	1914	0	1
10	979	1241	1	213
11	1215	1780	1	203
12	1298	1650	2	401
13	769	1637	6	923
14	1102	1629	4	677
15	1560	1893	1	210
16	1362	1168	6	907
17	915	1024	5	896
18	1091	938	3	507
19	1106	1588	0	77
20	651	834	6	1028
21	601	671	5	866
22	677	1955	1	151
23	1219	1719	1	203
24	1014	883	4	733
25	538	1562	0	55
26	757	1414	6	950
27	1118	1181	3	545
28	725	1645	5	819
29	1266	1704	2	399
30	1235	1353	5	790
31	1550	1464	4	670
32	1314	1913	2	345
33	1287	720	6	990
34	1015	1033	2	418
35	965	1228	2	363
36	1327	870	6	929
37	1348	1759	3	534
38	798	1858	5	829
39	1056	1311	5	882
40	1379	1029	4	705
41	1018	1347	4	732
42	718	833	4	728
43	1237	1727	0	53
44	764	1527	2	323
45	1673	1256	6	983
46	843	715	3	588
47	1000	1924	6	919
48	641	1045	1	152
49	1305	1786	1	203
50	692	1781	3	529
51	1321	1214	5	899
52	1330	1543	4	692
53	954	1214	0	63
54	1079	1099	1	268
55	839	1373	1	298
56	1048	1571	2	377
57	1028	783	6	1012
58	1160	1440	0	43
59	1154	995	4	745
60	626	1566	4	669
61	545	1700	1	181
62	1196	868	4	691
63	779	1403	6	950
64	940	1339	4	663
65	529	1765	0	35
66	1598	1945	3	510
67	1545	1920	0	60
68	1336	777	1	212
69	1417	1355	4	687
70	964	1438	5	813
71	713	1480	5	887
72	1096	1188	4	724
73	944	1918	5	753
74	765	1469	4	616
75	1121	906	5	883
76	637	1666	0	31
77	824	1163	2	310
78	1507	1859	6	1040
79	728	836	3	578
80	657	654	0	82
81	800	1857	2	379
82	965	1487	0	63
83	1378	1090	6	907
84	1532	1130	4	666
85	1125	1084	2	395
86	1488	1509	1	237
87	1003	748	0	112
88	1055	1679	0	21
89	645	1976	4	742
90	755	1065	1	200
91	611	1216	0	56
92	634	849	0	28
93	1024	1296	4	710
94	1303	1985	5	879
95	1500	1187	2	366
96	1642	1685	0	0
97	1020	978	6	957
98	1366	1718	2	325
99	1172	1594	0	143
100	1009	962	4	657
101	1634	1478	5	820
102	775	783	4	720
103	1340	842	0	29
104	1172	1174	1	299
105	1117	1961	5	783
106	1163	1421	3	493
107	909	1122	6	973
108	671	1464	2	437
109	683	1645	6	969
110	712	1689	2	369
111	1103	892	0	133
112	1132	1698	5	771
113	1389	1343	0	87
114	744	1766	5	829
115	1433	1593	0	109
116	1103	1440	0	95
117	1374	984	1	255
118	1166	1110	2	445
119	673	777	5	870
120	1251	811	0	29
121	597	1908	5	785
122	1396	1238	0	131
123	925	1838	6	1008
124	1144	1793	5	771
125	650	671	1	232
126	729	1907	4	601
127	1393	990	1	255
128	818	1155	2	310
129	1134	1274	4	695
130	1212	1957	4	645
131	1098	1137	0	88
132	1504	1773	1	290
133	974	1961	1	153
134	1430	1356	1	237
135	892	1063	1	296
136	869	1395	0	144
137	685	1249	1	206
138	488	1447	6	955
139	579	1801	5	785
140	939	1190	2	363
141	646	660	3	532
142	1305	802	4	629
143	732	1836	0	79
144	1260	1264	4	717
145	623	1422	6	974
146	1109	1304	6	995
147	1374	1551	2	409
148	1671	1634	5	844
149	1364	1668	5	796
150	1428	1509	0	87
151	904	1259	2	326
152	508	1592	0	31
153	784	1467	0	16
154	609	1602	6	931
155	1255	1822	6	953
156	816	949	2	357
157	1062	1543	3	527
158	800	1415	1	200
159	606	1254	2	356
160	1671	1500	0	70
161	1086	1314	3	582
162	788	654	5	888
163	1257	1490	2	392
164	785	1034	6	950
165	1097	1225	4	724
166	1408	936	4	698
167	1267	1885	1	195
168	844	1982	0	8
169	1644	1586	2	394
170	811	712	3	588
171	750	1359	6	950
172	1364	796	6	965
173	1116	1449	6	995
174	1264	1013	2	441
175	1544	1121	4	713
176	663	1812	1	229
177	1578	1956	4	660
178	1471	1748	1	161
179	1328	1136	4	607
180	1617	1897	6	960
181	665	1393	4	737
182	1474	1198	4	607
183	1280	846	0	29
184	1246	1015	6	1041
185	604	696	3	566
186	1475	1409	6	987
187	1606	1994	0	60
188	1487	1916	1	204
189	932	967	2	357
190	1250	1956	2	345
191	1176	958	5	807
192	842	1978	1	158
193	1007	1979	6	919
194	570	1708	4	631
195	1316	761	0	90
196	1169	872	6	991
197	1446	1348	1	237
198	1512	1453	4	670
199	802	1600	6	923
200	1170	1044	2	445
201	571	1312	1	206
202	1056	1677	1	171
203	616	900	3	452
204	613	1208	5	806
205	926	993	6	1046
206	1121	1205	4	695
207	867	1293	0	26
208	1536	1297	3	533
209	1700	1931	1	210
210	569	1450	6	974
211	1102	1611	6	977
212	661	1531	4	674
213	714	1967	0	1
214	1256	1602	5	821
215	679	1128	2	356
216	1140	1395	0	95
217	976	743	6	997
218	1058	1112	4	688
219	607	1223	0	56
220	609	1778	3	592
221	939	1386	6	963
222	1104	905	3	583
223	1452	1535	6	987
224	863	681	0	97
225	1625	1909	1	210
226	498	1765	6	935
227	499	1829	4	635
228	1351	905	5	848
229	1416	1962	0	114
230	1146	633	2	411
231	592	1725	4	631
232	587	1409	5	824
233	1643	1963	3	510
234	558	1682	4	631
235	571	1817	5	785
236	662	1755	4	631
237	1217	1483	1	242
238	1691	1958	3	510
239	1083	1619	0	77
240	767	1548	6	923
241	941	1309	1	213
242	1324	635	5	854
243	1577	1485	5	820
244	1201	1789	0	53
245	1295	924	3	591
246	977	922	1	284
247	611	1839	2	442
248	1088	1974	4	619
249	1044	1893	4	619
250	860	1928	1	158
251	920	1442	4	744
252	1019	1836	4	708
253	1033	1837	1	258
254	1276	1278	5	867
255	527	1905	3	485
256	624	1754	4	631
257	937	1490	0	63
258	1540	1600	2	342
259	1523	1424	0	70
260	647	1570	5	819
261	867	1118	6	973
262	862	1362	1	298
263	1354	1426	3	493
264	1451	1214	5	881
265	619	678	4	716
266	1027	624	0	112
267	833	1419	1	294
268	977	968	4	657
269	901	805	1	247
270	1055	1884	3	469
271	662	890	0	2
272	1656	1833	6	1040
273	1169	1464	6	943
274	1423	1768	1	234
275	1233	1291	2	417
276	494	1779	1	185
277	1130	851	4	691
278	763	1099	5	800
279	517	1448	1	205
280	870	1387	2	309
281	832	1490	3	466
282	802	1598	0	23
283	1322	1241	0	149
284	981	870	6	1034
285	1295	1378	2	352
286	806	1310	4	650
287	1138	836	4	691
288	1665	1421	0	70
289	1055	1309	2	432
290	824	1098	4	746
291	1586	1525	4	670
292	976	1326	0	63
293	1085	625	5	862
294	1257	1732	1	203
295	1181	1814	6	953
296	548	1956	1	172
297	1070	1606	5	827
298	1344	836	0	29
299	1429	1908	4	654
300	1578	1686	4	600
301	685	1146	4	656
302	517	1981	6	922
303	883	1343	1	298
304	1288	1821	3	503
305	723	989	2	302
306	1213	1216	2	449
307	754	810	6	1028
308	932	1222	6	963
309	1316	1006	5	891
310	1678	1464	5	820
311	1389	874	5	779
312	1033	1190	5	874
313	1283	653	5	854
314	1433	1505	3	537
315	963	690	1	247
316	1152	1162	4	695
317	582	1896	5	785
318	921	1090	5	896
319	571	1866	3	485
320	1341	961	2	398
321	1028	829	3	583
322	575	707	1	266
323	949	910	4	734
324	1559	1343	0	76
325	1669	1739	5	885
326	981	872	0	134
327	1055	1381	0	102
328	1087	1772	3	471
329	1432	1719	6	984
330	1455	1211	1	281
331	1363	1798	1	154
332	1383	1740	6	984
333	602	1861	2	442
334	1129	1994	1	183
335	959	1161	1	213
336	782	852	0	139
337	1441	1604	6	1009
338	697	1284	1	206
339	1339	1471	0	43
340	580	1052	6	956
341	1336	1095	1	157
342	1116	1465	6	995
343	1204	1839	6	953
344	1505	1873	4	740
345	806	1281	6	950
346	1382	1578	6	1009
347	1020	1848	2	408
348	1310	1059	2	307
349	1037	1636	1	171
350	1495	1737	3	461
351	932	1388	2	363
352	1123	889	0	133
353	1410	897	0	98
354	1039	1210	3	574
355	919	1124	2	373
356	499	1961	2	322
357	512	1795	4	635
358	964	1781	4	632
359	1724	1790	5	890
360	1263	1296	5	867
361	928	1104	4	673
362	1273	1573	0	67
363	1157	947	6	957
364	990	1770	3	482
365	1499	1190	6	966
366	1060	1939	1	169
367	555	1934	6	922
368	1034	944	2	357
369	1231	1728	5	803
370	1299	1446	0	43
371	1062	1013	6	1018
372	782	752	5	888
373	1376	1010	0	105
374	1161	931	0	57
375	1371	1220	4	731
376	982	1869	3	558
377	1534	1505	3	520
378	558	958	3	452
379	1544	1770	3	590
380	1321	1616	3	556
381	1325	1659	6	1001
382	961	1223	4	663
383	1250	1694	6	999
384	464	1727	5	886
385	883	1151	1	160
386	544	1679	5	781
387	1013	1917	4	619
388	1040	1891	3	469
389	1711	1845	3	590
390	1356	727	6	965
391	517	1849	1	185
392	1300	851	4	629
393	757	1943	5	751
394	1474	1499	1	237
395	1244	666	3	525
396	502	1836	3	485
397	1516	1821	0	140
398	922	806	2	434
399	1126	1747	3	471
400	768	1134	2	350
401	820	638	4	738
402	670	1255	2	356
403	1177	1597	5	893
404	756	678	4	682
405	1279	849	0	29
406	685	1040	3	452
407	1116	1490	5	845
408	583	862	0	28
409	708	795	6	1020
410	1588	1924	5	810
411	1673	1707	4	600
412	655	890	6	902
413	1108	1524	5	827
414	910	869	1	284
415	1445	1398	3	537
416	1698	1743	0	135
417	1552	1048	5	863
418	1482	1793	2	311
419	1096	667	2	412
420	500	1463	4	655
421	628	1319	0	56
422	1351	1489	6	992
423	1310	1965	5	795
424	992	1097	2	418
425	1163	725	2	425
426	621	629	3	566
427	1180	1808	4	653
428	1679	1677	4	600
429	1066	1120	1	238
430	856	792	4	697
431	639	949	6	902
432	1340	635	5	854
433	854	1185	2	310
434	927	1012	0	146
435	916	1276	4	626
436	1268	1639	5	851
437	776	955	3	507
438	622	1330	1	206
439	1403	1109	5	757
440	983	1900	4	603
441	587	1624	5	781
442	1270	1349	3	502
443	639	1343	5	806
444	1033	643	3	562
445	1431	1300	3	567
446	1394	1333	5	837
447	1537	1302	3	526
448	650	1166	0	56
449	1037	1211	3	574
450	1508	1761	4	740
451	679	1340	6	956
452	1123	688	0	112
453	1404	1596	2	409
454	516	1913	0	35
455	590	1163	4	656
456	743	976	0	18
457	1349	1445	2	343
458	609	1781	4	742
459	938	873	1	284
460	1029	1403	5	897
461	1683	1988	5	810
462	930	1307	6	963
463	1679	1840	3	590
464	789	1419	3	500
465	593	693	4	716
466	694	1296	2	356
467	1240	1830	0	53
468	1097	1080	0	118
469	1455	1406	0	87
470	694	1917	4	601
471	1494	1232	5	833
472	837	1806	1	182
473	1007	1028	6	1018
474	1098	918	5	883
475	668	1387	3	587
476	715	1920	2	301
477	1169	1459	3	493
478	755	1749	5	829
479	1610	1575	5	844
480	1367	1114	6	907
481	1350	1814	3	553
482	1238	707	2	375
483	1713	1822	4	740
484	1510	1968	3	510
485	1631	1828	2	440
486	709	1589	3	519
487	833	1992	3	458
488	658	765	2	420
489	1372	1413	6	987
490	1341	1767	1	203
491	1136	1174	1	245
492	869	1359	4	748
493	509	1467	3	505
494	799	1116	1	200
495	725	958	6	902
496	1491	1041	0	113
497	794	1323	3	500
498	505	1438	6	955
499	1221	1109	0	7
500	785	823	1	289
501	970	1471	5	813
502	1346	1235	0	149
503	1595	1284	6	983
504	774	670	6	982
505	1121	1788	5	771
506	1293	1794	3	503
507	745	1318	1	200
508	1524	1127	2	366
509	1214	1153	5	895
510	746	1250	6	950
511	1413	895	3	548
512	567	1956	4	622
513	1472	1018	2	405
514	1016	1488	4	613
515	1149	1434	1	245
516	1510	1179	0	66
517	1679	1612	3	544
518	667	846	2	428
519	850	1161	3	460
520	1572	1857	6	1040
521	886	1456	1	166
522	946	968	2	357
523	731	1425	1	200
524	858	1104	4	673
525	1761	1728	4	735
526	1263	1744	3	503
527	814	1914	0	59
528	1177	736	0	125
529	1116	1792	0	21
530	804	1897	4	659
531	881	1249	2	310
532	961	1133	6	963
533	713	1824	3	529
534	1078	1530	4	677
535	703	1706	5	819
536	618	1088	0	56
537	1669	1556	3	544
538	859	1448	4	744
539	1063	1081	3	568
540	864	1745	4	632
541	1373	1913	4	654
542	638	785	4	716
543	1049	1965	2	319
544	798	1052	0	50
545	1372	1681	0	46
546	595	731	3	566
547	1528	1980	0	60
548	1087	1260	0	110
549	1173	1721	0	53
550	1264	1674	2	399
551	551	1678	1	181
552	1239	1824	0	53
553	902	1795	0	32
554	548	1673	1	181
555	447	1763	4	736
556	558	1300	6	956
557	811	1051	4	650
558	807	652	0	138
559	1211	1074	0	145
560	1038	688	2	412
561	847	1742	3	482
562	627	875	2	328
563	1547	1050	1	263
564	1251	1327	3	490
565	875	1872	4	708
566	616	977	3	452
567	1477	1044	5	863
568	1167	1661	0	21
569	1308	899	5	891
570	818	1213	5	760
571	1061	1936	2	319
572	840	939	6	957
573	1299	1322	4	652
574	727	1249	4	656
575	947	1719	0	32
576	1526	1867	1	290
577	1197	1883	2	345
578	1565	1608	5	844
579	910	764	3	547
580	1346	1454	4	643
581	1451	1035	3	555
582	1050	1633	3	527
583	1096	764	3	562
584	934	938	2	357
585	1328	1511	6	992
586	1367	1936	2	354
587	729	1382	3	500
588	838	1133	5	823
589	836	821	2	439
590	626	1330	4	656
591	1724	1784	2	440
592	1435	1190	0	7
593	812	1218	2	350
594	959	1414	6	963
595	1430	953	4	698
596	1210	1446	5	793
597	572	1829	2	335
598	797	691	1	288
599	1130	1118	0	95
600	1105	1584	2	377
601	604	849	3	478
602	1550	1189	0	66
603	728	1028	6	950
604	499	1950	0	22
605	1575	1297	1	233
606	628	1011	1	152
607	1372	1413	4	687
608	1322	1664	5	851
609	1058	1467	2	313
610	1153	962	6	957
611	1393	1780	0	14
612	894	1463	1	166
613	1200	1014	5	895
614	1507	1140	6	966
615	1679	1652	4	694
616	1325	963	2	441
617	1090	965	4	657
618	828	1586	2	323
619	994	1102	0	88
620	1591	1778	3	590
621	1255	1638	2	399
622	1702	1789	6	1040
623	854	1337	1	298
624	1412	1024	2	405
625	1450	1103	6	907
626	1252	1869	1	203
627	970	1468	5	813
628	854	972	5	807
629	1367	1423	2	343
630	1444	1806	3	464
631	650	1492	3	524
632	730	1292	0	50
633	1018	1274	1	260
634	1581	1385	4	670
635	1312	1865	3	503
636	1695	1733	3	585
637	1563	1529	2	370
638	564	1864	1	185
639	1063	798	3	583
640	1332	1870	5	795
641	1229	1037	4	741
642	1420	1196	4	607
643	501	1826	0	35
644	1544	1670	2	300
645	1452	1423	6	987
646	711	1565	0	69
647	1262	998	3	591
648	1082	1815	3	558
649	1208	1700	1	249
650	628	974	6	902
651	1426	1244	2	431
652	1048	1863	1	258
653	899	1243	6	910
654	1445	1144	0	7
655	1187	1786	6	953
656	1590	1649	0	94
657	511	1590	5	781
658	512	1556	2	355
659	1068	1374	6	1002
660	558	1765	0	35
661	598	1947	4	742
662	875	1363	5	898
663	1297	1089	3	457
664	630	1365	0	56
665	685	1515	4	737
666	1440	994	3	555
667	1382	1376	3	537
668	807	1673	3	473
669	1235	1958	1	195
670	593	1736	4	631
671	1549	1798	2	440
672	1549	1443	0	70
673	1605	1543	3	520
674	990	1380	2	402
675	637	1532	2	374
676	1083	1143	2	388
677	1065	1938	1	169
678	725	1362	3	506
679	1304	1657	3	551
680	942	1381	6	963
681	820	1012	0	146
682	1091	1401	2	447
683	1102	1482	6	995
684	1110	1164	2	395
685	1240	1322	1	190
686	520	1723	1	181
687	1148	741	0	125
688	1645	1906	4	660
689	1019	1047	1	268
690	1169	664	0	111
691	1188	962	0	57
692	967	676	3	547
693	981	1836	1	258
694	1165	1229	4	749
695	615	1035	5	752
696	1455	994	2	405
697	652	1985	0	142
698	1061	770	6	1012
699	1169	1649	4	699
700	1132	847	3	541
701	749	890	4	618
702	1441	1795	4	614
703	1497	1197	2	366
704	544	1592	1	181
705	1285	1546	3	542
706	627	1681	3	481
707	861	1221	4	610
708	970	917	1	284
709	627	1602	1	181
710	1179	1099	0	145
711	1049	1136	3	538
712	559	1685	1	181
713	1508	1646	0	130
714	724	1362	4	656
715	558	1217	2	356
716	1254	1340	2	340
717	590	1437	6	974
718	1470	1745	4	611
719	975	1323	4	663
720	1016	1202	6	1024
721	742	1655	2	323
722	738	636	0	82
723	851	1826	5	858
724	1681	1452	6	970
725	853	638	3	547
726	1399	1385	4	687
727	1379	926	3	548
728	818	775	0	120
729	1488	1066	4	607
730	1259	970	0	141
731	1145	1117	4	695
732	533	1652	4	631
733	1756	1868	1	290
734	1007	1767	4	632
735	848	1841	5	858
736	732	1673	6	923
737	1481	1181	2	307
738	1069	1407	3	597
739	1100	1569	1	227
740	920	1968	1	158
741	638	950	5	752
742	679	1594	3	519
743	626	1328	4	656
744	1574	1172	0	66
745	715	1598	6	969
746	1369	1134	4	607
747	752	791	4	720
748	750	858	5	878
749	1566	1256	5	833
750	1246	1203	2	307
751	567	1290	1	206
752	1256	1490	5	842
753	1010	867	1	283
754	1519	1481	0	70
755	1616	1990	3	510
756	1521	1504	5	820
757	1239	1841	6	953
758	1317	704	2	404
759	707	1461	5	887
760	1361	1813	6	1003
761	1377	1863	1	253
762	1182	1685	0	99
763	1635	1481	2	370
764	819	727	3	588
765	1640	1681	5	750
766	882	1423	2	444
767	1385	1071	6	907
768	1431	1280	5	867
769	990	1360	3	582
770	1339	1630	6	1006
771	1097	1191	5	874
772	937	1369	6	963
773	1430	1021	2	405
774	1241	1997	4	729
775	662	1151	6	956
776	1577	1536	0	70
777	821	1714	3	473
778	1427	1273	5	867
779	925	1492	5	766
780	1515	1972	3	510
781	1331	948	3	591
782	1063	754	5	862
783	709	1047	5	752
784	716	1021	5	752
785	1610	1723	5	885
786	1163	1317	6	940
787	719	1276	2	356
788	976	838	2	434
789	1108	1217	6	995
790	1713	1834	6	1040
791	1521	1851	3	590
792	1457	1048	0	113
793	1307	995	5	891
794	781	1353	3	500
795	1464	1915	5	804
796	904	1421	6	1044
797	1657	1977	4	660
798	573	1552	2	381
799	1545	1744	4	605
800	1346	779	1	212
801	526	1515	2	355
802	1560	1658	3	580
803	842	1767	4	632
804	1257	1071	1	157
805	1564	1238	3	533
806	1079	1017	2	418
807	961	1249	6	963
808	1361	752	1	215
809	823	1318	6	1048
810	940	647	1	247
811	1241	985	5	891
812	1101	1812	4	708
813	905	1750	5	782
814	1284	1231	6	1049
815	557	1925	5	772
816	1636	1867	3	590
817	1372	802	4	629
818	741	1315	1	200
819	1398	1787	2	314
820	1477	1803	6	911
821	503	1508	6	955
822	697	1325	2	356
823	1501	1890	4	660
824	1386	1925	6	954
825	1093	1511	3	527
826	921	1830	1	258
827	1646	1263	0	83
828	1533	1280	3	533
829	1091	1823	3	558
830	1610	1508	0	70
831	865	1113	1	223
832	1222	1791	6	953
833	1217	965	6	1041
834	801	705	3	588
835	539	1519	3	505
836	1431	911	0	98
837	935	1791	2	332
838	1378	1678	1	196
839	994	1151	6	1024
840	1638	1832	2	440
841	1130	1937	1	183
842	1339	1171	1	157
843	1296	673	3	554
844	1314	1838	1	203
845	694	984	1	152
846	1443	1676	3	489
847	929	1412	3	594
848	1371	1541	6	987
849	679	865	2	428
850	771	1284	1	200
851	1235	683	3	525
852	583	665	3	566
853	997	980	0	57
854	506	1577	5	805
855	734	640	6	982
856	1634	1706	6	900
857	646	1780	6	1042
858	1059	1031	5	868
859	1439	1760	3	534
860	989	1965	6	903
861	1352	1118	4	607
862	1540	1084	1	263
863	508	1882	4	635
864	1258	1802	4	653
865	872	976	3	507
866	1109	715	2	412
867	873	819	2	439
868	1251	630	1	225
869	995	656	1	247
870	1547	1481	2	370
871	1259	1337	6	940
872	705	1355	4	656
873	658	1072	5	806
874	628	1209	2	356
875	1390	1911	1	204
876	1119	1565	4	743
877	677	1437	0	137
878	1678	1820	4	740
879	1201	1073	1	295
880	965	1776	5	782
881	744	1122	1	200
882	755	1212	0	50
883	1227	1761	1	203
884	1028	652	5	862
885	1104	1136	2	395
886	878	1828	5	858
887	1187	1183	5	899
888	1394	1592	3	559
889	1304	712	4	690
890	1356	982	5	855
891	1229	692	2	375
892	967	1073	1	213
893	613	687	4	716
894	624	1365	5	806
895	1671	1821	0	140
896	689	705	1	232
897	785	1313	5	800
898	603	819	3	478
899	1329	1201	6	907
900	1104	1136	6	995
901	1137	636	6	1011
902	896	1168	4	610
903	604	1489	4	674
904	1245	1220	1	299
905	649	1656	2	331
906	835	877	0	139
907	900	1764	1	182
908	1238	729	2	375
909	909	1045	5	896
910	985	1249	0	124
911	1008	1908	3	469
912	627	938	5	752
913	1041	1979	2	319
914	1080	763	5	862
915	981	748	6	997
916	1193	918	6	991
917	989	1832	0	108
918	1641	1837	4	740
919	889	1316	0	148
920	571	1718	1	181
921	1324	906	4	741
922	1160	1821	6	1008
923	592	1375	6	956
924	1552	1874	1	290
925	967	1752	0	32
926	734	1637	6	923
927	589	1981	2	322
928	1221	719	2	375
929	1669	1255	5	833
930	1256	1796	2	353
931	958	1062	3	513
932	1226	1706	3	549
933	1237	1571	0	71
934	1622	1592	6	994
935	772	1098	2	350
936	748	1011	4	650
937	1068	1952	0	19
938	1424	1665	2	346
939	1056	790	6	1012
940	1051	692	6	1012
941	1406	1641	2	346
942	699	1204	0	56
943	873	1855	3	558
944	1368	1414	5	793
945	1311	822	2	329
946	1427	1557	1	259
947	758	666	1	232
948	601	1124	2	356
949	1244	1238	1	299
950	768	1184	2	350
951	1386	1449	6	987
952	812	1690	5	773
953	713	1877	6	901
954	1522	1898	5	810
955	493	1866	4	635
956	1127	1956	5	783
957	1453	1040	2	413
958	756	1775	5	829
959	944	658	6	997
960	897	1421	2	444
961	874	953	0	57
962	596	1803	2	335
963	624	1932	5	892
964	947	1314	3	513
965	816	1000	5	896
966	722	1223	4	656
967	1038	1791	5	771
968	785	845	1	289
969	582	726	3	566
970	629	1577	2	369
971	1303	976	3	591
972	831	1101	0	146
973	1013	782	1	262
974	1479	1220	6	1031
975	968	1482	0	63
976	1666	1651	1	244
977	973	1203	2	363
978	1556	1364	3	526
979	749	626	6	982
980	672	1667	0	69
981	942	1043	3	513
982	939	1188	3	513
983	1136	1157	4	695
984	1390	1490	6	987
985	1474	1876	0	54
986	942	964	4	657
987	1100	1512	3	527
988	1477	1598	6	1009
989	1252	1875	4	645
990	1001	1769	6	932
991	554	1433	4	655
992	1232	1996	5	879
993	1565	1588	6	994
994	770	1836	2	379
995	1044	762	4	712
996	1649	1899	1	210
997	816	969	0	57
998	1307	1320	1	202
999	1360	1792	1	154
1000	791	1075	2	350
1001	1423	1279	5	867
1002	703	918	1	152
1003	890	1470	1	166
1004	1101	960	5	807
1005	1387	1288	3	567
1006	1269	1425	6	943
1007	1474	1616	1	259
1008	1522	1999	3	510
1009	1535	1114	6	1013
1010	1142	818	3	541
1011	1495	1585	3	559
1012	553	1809	3	485
1013	764	1399	2	350
1014	734	1420	1	200
1015	857	1831	0	108
1016	552	1520	0	55
1017	588	805	6	928
1018	1452	1989	0	89
1019	1316	1166	4	607
1020	986	823	5	884
1021	1567	1657	2	394
1022	700	1909	4	601
1023	1000	641	0	112
1024	848	1866	3	558
1025	1450	1443	4	687
1026	1157	1324	5	790
1027	1075	733	2	412
1028	1274	1508	2	392
1029	1188	1486	3	542
1030	1088	1319	6	1032
1031	997	983	0	57
1032	1553	1269	0	83
1033	648	1158	0	56
1034	863	1096	4	746
1035	1634	1230	2	383
1036	1507	1262	3	533
1037	666	1648	4	669
1038	994	1761	0	32
1039	617	1686	1	181
1040	1263	1244	0	149
1041	1553	1207	2	366
1042	812	840	1	289
1043	1158	1572	3	593
1044	1609	1668	2	300
1045	910	1106	4	673
1046	1636	1694	4	600
1047	1699	1764	3	590
1048	1596	1750	0	140
1049	562	1287	4	656
1050	1618	1592	6	994
1051	964	1033	3	513
1052	1263	883	2	441
1053	1185	1788	1	203
1054	1466	1455	3	537
1055	524	1421	4	655
1056	1305	1511	5	842
1057	1286	1767	6	953
1058	707	940	5	752
1059	839	1834	4	708
1060	542	1620	5	781
1061	1084	953	4	657
1062	984	1441	5	897
1063	1082	828	5	883
1064	765	692	4	682
1065	720	1234	4	656
1066	762	1943	6	901
1067	820	1023	0	146
1068	984	1981	4	603
1069	1047	1614	0	77
1070	560	1864	2	335
1071	1707	1622	5	780
1072	757	1504	5	773
1073	1291	963	4	741
1074	556	672	6	1016
1075	776	1957	4	659
1076	838	902	3	589
1077	730	1999	2	301
1078	1211	1086	1	295
1079	573	1517	4	674
1080	628	1553	1	219
1081	941	1442	5	813
1082	1331	1043	6	1041
1083	1667	1929	1	210
1084	644	1063	5	806
1085	599	1334	2	356
1086	692	643	2	382
1087	842	820	5	889
1088	922	739	3	547
1089	1257	1310	2	340
1090	1104	681	4	712
1091	1511	1682	6	900
1092	1223	1781	5	803
1093	1226	1414	1	193
1094	578	1222	2	356
1095	697	1152	6	956
1096	970	1441	6	963
1097	1249	1135	2	307
1098	1723	1815	1	290
1099	1532	1865	5	890
1100	845	874	5	889
1101	1400	999	2	405
1102	1661	1410	4	670
1103	1177	1563	2	443
1104	510	1615	5	781
1105	1353	1103	1	157
1106	569	1744	6	931
1107	699	702	3	532
1108	1244	1971	6	945
1109	1286	1976	4	645
1110	548	1691	6	931
1111	1309	1564	0	67
1112	1030	1120	1	238
1113	731	1316	6	950
1114	812	1138	4	650
1115	1396	1692	6	946
1116	1238	1592	3	521
1117	1266	1417	1	193
1118	849	654	2	397
1119	1444	1750	2	384
1120	616	1722	2	331
1121	617	842	6	928
1122	1190	1416	4	643
1123	1413	1558	4	709
1124	1332	1600	5	817
1125	1029	794	1	262
1126	937	1434	0	63
1127	1653	1677	5	750
1128	1396	1824	2	396
1129	1093	928	3	507
1130	1591	1302	6	976
1131	812	1475	1	166
1132	1161	1363	2	340
1133	900	1248	0	10
1134	1047	1006	4	718
1135	1228	1738	3	503
1136	1265	1752	1	203
1137	1090	1171	1	274
1138	739	785	4	720
1139	596	1824	6	935
1140	1493	1083	6	1013
1141	1165	1545	6	992
1142	1480	1292	6	1017
1143	1349	1090	3	457
1144	1517	1396	0	70
1145	1387	814	2	329
1146	1361	1281	4	717
1147	1267	1641	3	549
1148	637	1899	2	442
1149	819	757	1	288
1150	1180	1264	6	1017
1151	994	709	6	997
1152	1365	1225	5	881
1153	529	1562	6	955
1154	966	1360	2	363
1155	1584	1456	2	370
1156	1347	1397	2	343
1157	1074	1014	6	1018
1158	512	1888	3	485
1159	650	788	2	420
1160	733	1773	3	529
1161	554	1481	4	655
1162	818	1909	2	359
1163	744	921	0	18
1164	1566	1446	5	820
1165	1035	1020	2	418
1166	890	1392	0	144
1167	1535	1204	4	666
1168	588	1971	4	622
1169	1707	1754	1	290
1170	1523	1204	2	366
1171	823	1473	5	766
1172	1372	1618	6	1009
1173	533	1421	6	955
1174	1098	1439	3	597
1175	551	1427	4	655
1176	505	1779	0	35
1177	609	1589	1	181
1178	821	1945	1	209
1179	1123	1737	1	171
1180	1461	1123	2	307
1181	539	1382	5	805
1182	1211	850	4	691
1183	1676	1553	2	394
1184	1070	1134	2	388
1185	1371	1889	5	804
1186	1563	1592	1	244
1187	1350	1119	5	757
1188	1518	1392	3	520
1189	1569	1677	5	750
1190	562	1936	4	622
1191	721	878	3	452
1192	1150	1111	0	95
1193	1286	643	0	104
1194	1226	1169	3	457
1195	1091	1130	2	388
1196	1532	1420	6	970
1197	1633	1377	1	220
1198	746	1882	4	601
1199	1208	1470	1	193
1200	1365	1287	4	717
1201	803	1004	1	200
1202	1202	1843	4	653
1203	801	1293	5	800
1204	514	1830	1	185
1205	1590	1309	6	976
1206	847	714	6	1038
1207	941	1034	3	513
1208	994	715	4	697
1209	1589	1921	5	810
1210	1556	1825	3	590
1211	652	800	4	720
1212	745	1758	6	979
1213	530	1517	3	505
1214	1345	636	4	704
1215	1250	1445	1	193
1216	709	1519	6	1037
1217	682	1167	6	956
1218	1010	946	2	357
1219	1021	1350	4	732
1220	1042	902	6	1033
1221	865	1324	6	1048
1222	680	762	5	870
1223	827	1483	2	316
1224	717	1383	5	887
1225	1160	1137	6	1045
1226	663	808	0	128
1227	1588	1340	4	676
1228	958	1765	2	332
1229	601	827	4	628
1230	1371	1009	6	1005
1231	1491	1177	3	516
1232	1187	1796	3	503
1233	1342	1007	1	255
1234	926	990	4	657
1235	973	1719	2	332
1236	1115	1222	5	845
1237	737	1442	4	650
1238	1104	1941	6	933
1239	1573	1543	3	520
1240	1248	1868	6	953
1241	1460	1198	5	757
1242	1521	1467	0	70
1243	1292	1922	2	345
1244	819	1579	3	473
1245	545	1508	4	655
1246	1383	1059	3	457
1247	741	954	6	918
1248	1073	1959	5	769
1249	806	1942	5	809
1250	698	1321	4	656
1251	1324	1644	6	1001
1252	1058	1968	4	619
1253	903	1489	6	916
1254	623	1621	1	181
1255	1519	1216	3	533
1256	1087	1128	6	988
1257	734	925	1	168
1258	1527	1479	5	820
1259	603	1752	6	931
1260	705	974	1	152
1261	1255	1362	2	340
1262	779	962	6	957
1263	1042	864	0	133
1264	1190	1315	5	790
1265	683	971	2	302
1266	1315	1678	6	1001
1267	1094	943	3	507
1268	1187	1170	6	1045
1269	1223	1443	4	643
1270	1583	1251	2	383
1271	1288	1388	0	43
1272	750	1186	3	500
1273	896	1764	3	482
1274	648	665	2	382
1275	963	1741	0	32
1276	1595	1273	2	383
1277	933	780	5	847
1278	727	1647	2	369
1279	716	1194	0	56
1280	1313	1940	1	195
1281	643	1697	3	481
1282	1415	1989	3	564
1283	846	1436	3	594
1284	1315	1991	2	429
1285	1550	1772	6	1040
1286	1516	1524	6	970
1287	1165	1103	2	445
1288	1501	1427	0	70
1289	1661	1732	5	885
1290	1406	1152	4	607
1291	997	1864	1	258
1292	1376	1418	3	537
1293	1510	1817	1	290
1294	1239	1477	2	343
1295	1001	1010	4	718
1296	1229	1169	4	607
1297	610	1858	1	292
1298	1477	1811	3	461
1299	922	836	4	734
1300	1616	1575	3	544
1301	1036	789	6	1012
1302	1317	669	3	554
1303	757	664	6	982
1304	1110	1998	6	933
1305	992	1726	2	332
1306	892	1072	4	746
1307	727	1711	1	219
1308	1279	1008	3	591
1309	1225	1016	4	741
1310	1362	1063	1	157
1311	744	1420	0	50
1312	1401	1317	5	837
1313	980	1288	5	813
1314	1266	847	6	929
1315	1162	1085	1	295
1316	712	1621	4	669
1317	677	1963	5	751
1318	760	900	6	918
1319	687	1462	5	887
1320	621	1466	4	674
1321	515	1650	4	631
1322	977	726	1	247
1323	947	1320	2	363
1324	782	709	5	888
1325	1260	1326	6	940
1326	1133	1064	5	845
1327	1109	1804	6	921
1328	1514	1514	1	220
1329	747	875	3	578
1330	611	1415	3	524
1331	662	1278	1	206
1332	1359	965	6	1005
1333	1552	1688	2	300
1334	1272	682	6	1004
1335	955	1905	4	603
1336	762	1450	2	316
1337	926	624	4	697
1338	1459	1433	4	687
1339	1551	1825	4	740
1340	884	1420	5	894
1341	760	790	0	120
1342	1019	705	4	712
1343	772	1237	2	350
1344	828	1397	0	144
1345	1128	1180	2	395
1346	1718	1820	2	440
1347	1372	853	6	929
1348	1110	1269	4	695
1349	1287	1965	3	495
1350	1051	1833	2	408
1351	547	1855	5	785
1352	1103	1372	3	545
1353	522	1522	3	505
1354	1298	1261	3	567
1355	1416	966	6	1005
1356	792	1087	2	350
1357	727	1857	1	229
1358	991	1061	4	718
1359	1321	989	1	291
1360	1071	1018	5	868
1361	1284	1464	2	343
1362	1585	1838	6	1040
1363	1686	1895	5	810
1364	1140	1558	5	893
1365	684	1322	3	506
1366	1191	1082	1	295
1367	809	1534	0	23
1368	487	1456	6	955
1369	829	1593	2	323
1370	1109	1188	5	845
1371	564	1256	4	656
1372	593	1227	5	806
1373	953	1723	0	32
1374	1306	825	0	29
1375	1246	1621	3	521
1376	876	1276	3	476
1377	1359	916	2	398
1378	636	1325	0	56
1379	1080	953	1	207
1380	901	1187	6	910
1381	1319	1515	4	692
1382	575	710	1	266
1383	1598	1430	4	670
1384	672	824	6	1028
1385	1283	989	3	591
1386	981	1276	0	63
1387	1248	822	2	329
1388	1552	1103	6	1013
1389	1678	1782	1	290
1390	499	1891	1	185
1391	1472	1176	2	307
1392	635	1979	0	142
1393	689	1866	1	229
1394	1386	1589	5	859
1395	1635	1356	2	376
1396	1676	1804	5	890
1397	1469	1816	5	869
1398	1316	829	4	629
1399	738	804	5	870
1400	1295	953	5	891
1401	1661	1921	6	960
1402	750	1577	6	923
1403	1281	1707	4	701
1404	732	1937	1	151
1405	1531	1656	6	1030
1406	1354	1891	5	804
1407	793	1125	3	500
1408	1134	1820	2	408
1409	734	1923	3	451
1410	956	1844	4	708
1411	722	1618	5	819
1412	1461	1631	3	559
1413	1470	1137	1	157
1414	1304	692	4	704
1415	1061	1676	1	171
1416	615	1638	2	331
1417	807	1455	2	316
1418	549	1808	5	785
1419	1108	1943	0	33
1420	600	1267	1	206
1421	1610	1210	1	233
1422	505	1507	3	505
1423	951	915	4	734
1424	788	1334	1	200
1425	752	1497	5	773
1426	810	1495	0	23
1427	1113	1037	2	395
1428	800	1383	5	800
1429	1564	1648	0	94
1430	1113	1340	2	395
1431	727	1564	4	669
1432	1246	793	0	90
1433	566	1757	6	931
1434	1337	778	1	212
1435	1760	1946	5	810
1436	750	636	1	232
1437	1656	1745	6	1035
1438	622	979	5	752
1439	1484	968	1	255
1440	776	910	6	1039
1441	1645	1455	3	520
1442	937	1340	3	513
1443	958	747	4	697
1444	1713	1661	0	30
1445	1352	1961	3	572
1446	944	1218	0	63
1447	615	970	2	302
1448	901	1883	6	908
1449	1206	1937	3	495
1450	753	1667	4	623
1451	1290	1832	3	503
1452	1656	1275	1	233
1453	1511	1043	0	113
1454	705	814	5	878
1455	851	1846	3	558
1456	1001	1269	6	1010
1457	590	1185	0	56
1458	1246	806	2	329
1459	1516	1831	5	890
1460	957	1077	1	213
1461	1352	1104	4	607
1462	874	1057	1	296
1463	1035	986	1	207
1464	1179	839	5	841
1465	700	1262	6	956
1466	1093	1976	2	319
1467	1367	1606	5	859
1468	641	945	2	302
1469	1620	1985	6	960
1470	1697	1712	2	435
1471	663	1748	4	679
1472	1352	942	2	398
1473	1370	948	1	248
1474	1316	752	0	90
1475	1136	674	2	411
1476	1116	852	3	583
1477	1213	819	3	541
1478	1398	1329	3	537
1479	906	705	1	247
1480	1359	790	2	365
1481	1149	926	4	691
1482	810	847	0	139
1483	1251	1915	4	645
1484	1186	920	6	991
1485	1404	1625	1	259
1486	598	1779	5	892
1487	1362	1799	6	904
1488	882	1176	1	160
1489	1507	1964	6	960
1490	1383	1552	4	709
1491	1451	1851	3	569
1492	1312	1446	5	793
1493	647	1378	6	956
1494	1165	1500	3	542
1495	744	713	0	82
1496	1318	1232	0	149
1497	1086	1384	1	252
1498	1094	1152	3	574
1499	789	1110	1	200
1500	826	1391	2	309
1501	1317	1016	1	291
1502	1605	1527	2	370
1503	1316	1596	1	217
1504	1071	1457	0	13
1505	1493	1641	0	39
1506	1028	666	2	412
1507	918	915	6	1034
1508	698	1283	0	56
1509	1307	1369	1	202
1510	1420	1249	6	1031
1511	808	865	2	439
1512	794	1903	2	359
1513	1289	865	4	629
1514	1241	1008	6	1041
1515	905	1943	2	308
1516	1164	1011	6	1045
1517	969	1141	2	363
1518	875	826	6	1039
1519	1632	1282	3	533
1520	1301	726	4	690
1521	1204	1063	6	1045
1522	1311	1567	3	517
1523	1380	790	6	965
1524	1221	1573	3	521
1525	506	1792	5	785
1526	1304	1151	5	757
1527	922	732	3	547
1528	930	1447	4	663
1529	1324	923	2	441
1530	1348	1124	1	157
1531	755	1674	3	473
1532	1600	1192	4	666
1533	751	1263	2	350
1534	974	763	4	697
1535	1297	1935	4	645
1536	1459	1097	4	607
1537	1167	1456	5	793
1538	995	1080	6	1018
1539	999	1159	5	874
1540	610	927	2	302
1541	612	1059	1	206
1542	983	1186	0	124
1543	1298	1459	2	343
1544	1416	1269	3	567
1545	1047	772	1	262
1546	464	1811	6	1036
1547	1673	1609	2	394
1548	1456	1121	5	757
1549	1446	1382	5	837
1550	1037	1623	1	227
1551	1734	1842	1	290
1552	770	1645	0	23
1553	1138	981	5	807
1554	804	1119	6	950
1555	673	1771	5	829
1556	878	1200	2	310
1557	1660	1682	5	750
1558	1269	1133	0	7
1559	1122	1104	3	545
1560	684	1183	0	56
1561	986	929	1	207
1562	1498	1840	3	590
1563	1524	1438	0	70
1564	1034	1182	2	424
1565	462	1810	2	436
1566	1513	1544	6	970
1567	695	1789	4	679
1568	898	1428	2	444
1569	777	1462	4	616
1570	1422	1811	2	314
1571	1422	928	0	98
1572	691	1830	0	79
1573	493	1524	6	955
1574	1213	1438	3	493
1575	765	873	3	578
1576	1717	1761	2	440
1577	1085	934	1	207
1578	1707	1927	0	60
1579	593	1825	3	485
1580	1296	1622	4	706
1581	1141	1348	5	845
1582	1273	1402	1	193
1583	813	841	0	139
1584	742	1826	5	829
1585	1673	1845	6	1040
1586	1348	1029	3	555
1587	1044	1595	0	77
1588	1122	1878	0	33
1589	656	765	6	1020
1590	559	876	6	902
1591	1639	1820	4	740
1592	1491	1607	4	709
1593	839	726	4	738
1594	1491	1327	3	526
1595	920	1160	6	910
1596	941	1117	2	363
1597	707	1461	3	587
1598	992	1896	1	169
1599	600	1638	1	181
1600	662	1354	5	806
1601	686	1460	2	437
1602	1623	1409	4	670
1603	544	1530	4	655
1604	738	1372	1	200
1605	961	1841	1	258
1606	1335	1778	2	353
1607	1295	1800	0	53
1608	723	923	6	902
1609	1153	753	4	641
1610	1414	1992	6	1014
1611	1208	1899	3	495
1612	590	958	0	2
1613	1247	825	2	329
1614	982	705	0	97
1615	1335	1632	4	701
1616	1327	1382	5	793
1617	1377	1270	5	867
1618	795	1416	5	800
1619	918	870	0	134
1620	1136	1390	1	245
1621	533	1395	5	805
1622	676	1238	5	806
1623	594	1522	1	224
1624	786	1779	2	379
1625	549	1498	1	205
1626	1593	1917	0	60
1627	1435	1789	5	764
1628	626	1281	5	806
1629	1643	1672	6	900
1630	1613	1966	3	510
1631	1132	1685	5	771
1632	1507	1525	3	520
1633	1664	1600	1	244
1634	1644	1561	6	994
1635	630	1063	1	206
1636	799	976	5	807
1637	878	1476	0	16
1638	644	849	1	178
1639	1309	1436	4	643
1640	1485	1204	0	7
1641	1233	789	5	840
1642	1066	1586	3	527
1643	681	1383	4	737
1644	1640	1876	4	740
1645	851	866	1	289
1646	1405	1658	5	796
1647	1703	1824	6	1040
1648	1273	1284	1	267
1649	952	875	3	584
1650	1243	715	3	525
1651	1207	1851	2	353
1652	687	898	5	752
1653	1551	1577	1	192
1654	562	1600	3	481
1655	594	978	4	602
1656	1002	1895	3	469
1657	1435	1210	4	731
1658	1541	1410	1	220
1659	900	1954	4	608
1660	1059	1034	4	718
1661	1584	1906	3	510
1662	1492	1314	4	676
1663	921	1479	1	166
1664	877	1043	2	446
1665	649	1772	6	1042
1666	1058	1627	5	827
1667	1478	1827	6	1019
1668	1204	961	0	57
1669	1161	1035	1	295
1670	728	1501	3	473
1671	998	1840	0	108
1672	1011	665	2	412
1673	753	963	0	18
1674	835	717	1	288
1675	1048	1464	4	613
1676	882	1367	4	748
1677	560	749	4	716
1678	890	1757	3	482
1679	1494	1891	3	504
1680	650	1657	1	181
1681	780	1885	1	209
1682	995	1805	3	482
1683	1008	1147	6	1024
1684	1332	1421	2	343
1685	1127	1494	6	995
1686	1677	1559	6	994
1687	841	1225	5	760
1688	861	1747	4	632
1689	1030	1087	4	718
1690	1169	1564	4	743
1691	574	1070	0	56
1692	577	1807	1	185
1693	1569	1995	3	510
1694	614	1173	0	56
1695	732	1496	2	323
1696	1293	1245	5	899
1697	674	1566	4	669
1698	1701	1977	3	510
1699	816	1982	1	209
1700	1437	1306	1	237
1701	953	744	4	697
1702	713	1367	4	656
1703	1197	1473	4	643
1704	901	1929	6	908
1705	906	1939	4	608
1706	1678	1464	1	220
1707	578	1717	3	481
1708	1612	1571	0	94
1709	1211	1535	3	542
1710	1379	1865	2	354
1711	1035	737	2	412
1712	1006	744	6	1012
1713	656	1449	1	224
1714	706	1733	0	79
1715	1243	1881	1	195
1716	966	1474	6	963
1717	800	1365	4	650
1718	1168	1557	3	593
1719	1181	709	3	575
1720	546	1597	6	931
1721	1000	1135	6	988
1722	1637	1321	5	826
1723	1136	1969	1	183
1724	1218	1939	1	195
1725	1526	1475	0	70
1726	895	856	4	739
1727	936	1297	1	213
1728	1251	1437	3	493
1729	688	1347	2	356
1730	1158	1973	1	183
1731	1248	1049	1	291
1732	957	1121	2	363
1733	1524	1298	4	683
1734	1173	1793	1	203
1735	1271	1700	3	551
1736	695	1654	3	519
1737	582	1266	1	206
1738	922	1223	5	760
1739	1057	1936	5	769
1740	757	1743	6	979
1741	841	1735	0	32
1742	1100	1889	6	919
1743	1276	1024	5	891
1744	1215	1431	0	43
1745	1180	1220	6	1049
1746	1146	1804	0	21
1747	622	639	4	716
1748	848	1217	5	760
1749	1489	1405	4	687
1750	1436	1539	2	387
1751	1258	1310	6	940
1752	1193	1557	4	671
1753	926	767	3	547
1754	672	1428	3	587
1755	1126	687	6	1012
1756	633	1702	1	181
1757	761	1265	0	50
1758	1174	723	5	875
1759	1165	1738	3	471
1760	1338	1060	1	157
1761	697	1960	3	451
1762	1541	1412	5	820
1763	1724	1865	6	1040
1764	1151	962	2	357
1765	917	728	2	397
1766	808	905	4	739
1767	1359	918	6	998
1768	1229	877	2	329
1769	788	1050	6	950
1770	688	1690	2	369
1771	1341	1126	5	757
1772	799	1441	6	950
1773	841	1123	0	73
1774	1473	1238	0	131
1775	1224	1281	3	567
1776	1503	1654	1	280
1777	789	1114	3	500
1778	1198	1556	6	971
1779	1236	850	2	329
1780	1289	1082	3	457
1781	969	1836	2	408
1782	1163	894	5	841
1783	578	1797	6	935
1784	1473	1613	2	409
1785	937	976	3	507
1786	1171	1700	0	99
1787	1323	1154	6	907
1788	1157	1452	6	943
1789	534	1564	2	355
1790	666	984	1	152
1791	1689	1947	6	960
1792	1539	1960	5	810
1793	889	1347	4	748
1794	893	1754	5	782
1795	628	850	6	928
1796	1201	1838	2	353
1797	1313	1973	3	495
1798	1028	791	1	262
1799	778	794	6	1020
1800	1241	945	4	741
1801	1406	1918	3	504
1802	581	1612	1	181
1803	1410	1170	2	307
1804	1169	1186	3	599
1805	1494	1814	0	119
1806	654	832	3	578
1807	584	1023	2	302
1808	1502	1458	4	670
1809	1388	1493	6	987
1810	1627	1437	1	220
1811	610	1604	1	181
1812	684	686	6	982
1813	918	1152	0	10
1814	1210	1860	4	653
1815	1066	706	0	112
1816	1327	790	2	362
1817	645	1472	1	224
1818	1265	1953	4	645
1819	753	802	0	120
1820	749	1910	4	601
1821	762	1570	2	323
1822	1026	787	5	862
1823	1083	1237	0	124
1824	1301	1651	5	851
1825	822	723	4	738
1826	1140	1773	4	621
1827	1437	1205	0	7
1828	812	1968	1	209
1829	1107	1383	4	695
1830	1209	1760	0	53
1831	597	1348	1	206
1832	1037	1580	3	527
1833	763	1586	6	923
1834	995	923	6	1034
1835	962	1711	2	332
1836	467	1711	0	136
1837	1316	1692	0	101
1838	594	835	6	928
1839	1229	738	4	690
1840	587	1920	6	922
1841	670	1144	2	356
1842	588	1859	0	35
1843	1223	1361	5	790
1844	994	1294	3	560
1845	1187	744	0	90
1846	688	1371	1	206
1847	1025	1401	4	747
1848	1491	1122	6	1013
1849	1197	1622	2	371
1850	959	1356	5	813
1851	1335	684	6	1004
1852	1266	1603	3	521
1853	1348	1263	5	867
1854	975	925	4	734
1855	1324	1872	2	345
1856	801	1482	4	616
1857	808	1056	5	800
1858	618	885	0	2
1859	1515	1183	6	966
1860	763	733	3	532
1861	1171	1073	4	745
1862	933	1918	2	308
1863	1267	707	6	990
1864	1531	1268	4	683
1865	1172	1439	5	793
1866	1150	1087	0	95
1867	1073	1726	2	321
1868	1116	1415	0	95
1869	512	1669	3	481
1870	800	1431	1	200
1871	623	1160	1	206
1872	699	1728	1	229
1873	901	1132	4	673
1874	570	1916	4	635
1875	716	1774	3	529
1876	1177	1470	5	793
1877	1132	1545	5	893
1878	1064	824	3	583
1879	1360	1118	4	607
1880	574	1112	0	56
1881	1315	1534	1	242
1882	571	1659	3	481
1883	1307	1017	0	141
1884	1241	923	4	741
1885	1273	845	0	29
1886	926	785	5	847
1887	1123	1467	2	395
1888	1053	661	4	712
1889	1281	1203	3	457
1890	839	1769	0	32
1891	787	668	4	738
1892	1608	1632	6	994
1893	1332	1470	2	343
1894	1092	1769	5	771
1895	1035	1293	5	860
1896	1495	1640	6	939
1897	1037	932	0	57
1898	1527	1616	1	192
1899	514	1452	1	205
1900	690	1083	5	806
1901	1534	1150	5	816
1902	857	1742	2	332
1903	1194	1338	2	340
1904	1337	1907	2	345
1905	1256	967	1	291
1906	510	1870	6	935
1907	1434	1550	2	409
1908	1392	1448	5	837
1909	1410	1034	0	105
1910	1076	1450	2	313
1911	1447	1759	2	384
1912	906	1207	4	610
1913	767	1779	1	229
1914	729	700	0	82
1915	1138	1171	5	845
1916	1399	1729	1	234
1917	944	1057	0	63
1918	780	1798	0	79
1919	623	848	4	628
1920	1709	1750	1	290
1921	917	985	4	657
1922	885	1118	2	373
1923	787	645	0	138
1924	766	1521	0	23
1925	1164	748	3	491
1926	574	1102	1	206
1927	1211	741	6	990
1928	1765	1906	4	660
1929	941	723	2	397
1930	1369	1439	4	643
1931	1279	1061	1	157
1932	697	1239	4	656
1933	792	1078	3	500
1934	1046	906	0	133
1935	704	1301	5	806
1936	1368	1741	4	625
1937	1582	1825	0	140
1938	679	900	0	2
1939	1198	1869	5	803
1940	757	911	1	168
1941	694	1923	3	451
1942	940	1481	2	363
1943	731	1167	5	800
1944	1008	703	0	112
1945	951	1096	1	213
1946	1365	836	3	479
1947	528	1457	5	805
1948	824	740	4	738
1949	776	1676	1	173
1950	1071	1314	5	882
1951	1140	1131	6	995
1952	1106	1188	3	545
1953	1219	1057	3	457
1954	891	1296	6	926
1955	1143	1955	1	183
1956	1120	1909	0	33
1957	967	1936	6	903
1958	1192	1144	1	295
1959	571	1979	3	472
1960	1442	1063	3	457
1961	794	1086	0	50
1962	1112	647	5	862
1963	520	1423	3	505
1964	1502	1832	4	740
1965	1753	1986	4	660
1966	881	1296	5	776
1967	1674	1530	1	220
1968	651	1157	0	56
1969	495	1467	6	955
1970	1224	1261	3	567
1971	1754	1775	3	590
1972	1472	1243	6	1031
1973	731	1305	6	950
1974	1180	1968	4	645
1975	1303	1805	6	953
1976	828	1866	2	379
1977	920	721	3	547
1978	1461	1489	3	537
1979	877	1107	1	223
1980	1436	1623	1	259
1981	707	1034	3	452
1982	1301	1761	6	953
1983	1041	1870	1	258
1984	907	1483	4	616
1985	1156	1911	2	333
1986	1622	1487	2	370
1987	1306	1338	2	352
1988	1525	1099	1	263
1989	613	800	5	866
1990	1525	1479	6	970
1991	703	1540	3	587
1992	698	1727	0	79
1993	735	1254	3	500
1994	1340	1649	6	1001
1995	967	1175	1	213
1996	1155	1088	0	145
1997	1436	966	4	705
1998	564	668	5	866
1999	845	1289	0	26
2000	766	949	3	468
2001	1164	803	1	241
2002	1314	1599	0	67
2003	683	1832	2	379
2004	511	1596	0	31
2005	503	1594	2	331
2006	1018	1757	0	32
2007	933	1787	4	632
2008	551	1574	2	355
2009	1429	1118	2	307
2010	606	634	5	866
2011	794	767	0	120
2012	1608	1675	2	300
2013	883	1037	2	446
2014	543	1692	3	481
2015	1296	923	4	741
2016	1262	1993	3	579
2017	1218	1808	0	53
2018	707	951	1	152
2019	1104	1340	4	695
2020	1130	1131	4	695
2021	1040	1545	0	77
2022	1233	1960	6	945
2023	901	1313	2	448
2024	1334	775	6	962
2025	1258	1649	2	399
2026	1421	1668	6	946
2027	923	1951	4	608
2028	1331	1532	4	692
2029	1220	1304	4	640
2030	1227	1745	4	653
2031	1727	1825	1	290
2032	919	846	5	884
2033	1457	1969	0	89
2034	1581	1655	0	94
2035	1056	1795	4	621
2036	828	632	4	738
2037	1137	1712	0	21
2038	1434	1529	4	687
2039	1244	1773	3	503
2040	811	1738	0	79
2041	944	1779	0	32
2042	1147	1326	1	245
2043	1268	1092	3	457
2044	1622	1506	0	70
2045	805	1717	0	23
2046	446	1720	2	436
2047	505	1706	3	481
2048	1587	1129	1	216
2049	613	1250	1	206
2050	1589	1282	2	383
2051	718	1560	3	519
2052	455	1723	2	436
2053	649	1069	5	806
2054	1233	1009	0	141
2055	1461	1473	0	87
2056	1169	1680	3	549
2057	749	1226	6	950
2058	1462	1236	4	731
2059	1175	1367	1	190
2060	940	1118	0	63
2061	1384	1709	5	796
2062	1095	791	4	712
2063	703	1280	1	206
2064	685	848	1	278
2065	1152	1923	5	783
2066	1210	808	5	841
2067	705	1453	3	587
2068	1582	1430	1	220
2069	806	1599	1	173
2070	1008	1840	0	108
2071	758	945	1	168
2072	713	678	6	982
2073	895	1779	5	782
2074	633	1637	0	31
2075	898	1476	2	316
2076	613	1727	2	331
2077	1602	1566	0	94
2078	1581	1867	5	890
2079	1460	1520	3	537
2080	1167	854	3	541
2081	977	976	3	507
2082	1595	1285	2	383
2083	614	850	0	28
2084	865	978	4	657
2085	1156	940	4	657
2086	1147	1639	1	171
2087	532	1935	5	772
2088	846	716	2	438
2089	801	1242	4	650
2090	602	1994	0	142
2091	633	1959	1	292
2092	986	945	4	657
2093	1457	1980	2	389
2094	678	1506	6	1037
2095	1522	1672	4	600
2096	661	734	1	232
2097	884	995	0	146
2098	612	1924	1	292
2099	1318	836	2	329
2100	1333	1391	5	793
2101	1021	977	2	357
2102	1390	963	2	398
2103	1525	1925	2	360
2104	514	1894	1	185
2105	828	1855	4	679
2106	1355	1966	6	1022
2107	1530	1350	5	826
2108	1283	837	6	929
2109	1552	1165	1	216
2110	802	1431	1	200
2111	1535	1638	0	130
2112	1485	1568	1	259
2113	850	1368	4	748
2114	870	804	2	397
2115	1328	1008	5	891
2116	1228	766	1	240
2117	821	1445	3	594
2118	651	1428	1	224
2119	858	1717	5	782
2120	720	1788	0	79
2121	758	1956	4	601
2122	671	1693	2	369
2123	991	1751	3	482
2124	1507	1996	4	660
2125	1555	1327	6	976
2126	678	743	2	382
2127	1324	774	4	662
2128	797	1534	4	623
2129	592	1917	1	172
2130	1409	1832	5	846
2131	834	1071	0	146
2132	982	1901	2	303
2133	608	933	3	452
2134	1108	1918	6	933
2135	639	1172	1	206
2136	1178	1914	6	945
2137	869	1334	3	598
2138	1629	1214	5	833
2139	1444	1782	1	164
2140	1527	1810	5	890
2141	946	1352	5	813
2142	1066	1142	5	838
2143	1290	1864	6	953
2144	1255	854	1	179
2145	800	1457	2	316
2146	1046	1833	1	258
2147	1232	632	5	825
2148	1004	920	1	283
2149	528	1599	1	181
2150	1482	1103	0	7
2151	1133	1440	5	845
2152	969	1118	4	663
2153	542	1381	5	805
2154	1097	1977	5	769
2155	1145	748	6	941
2156	811	1191	1	200
2157	907	1928	4	608
2158	1394	1839	5	846
2159	1179	1234	5	899
2160	930	907	5	884
2161	1562	1645	1	280
2162	1294	1297	3	567
2163	1063	864	4	733
2164	534	1855	1	185
2165	567	1123	6	956
2166	1253	965	0	141
2167	1531	1613	5	792
2168	1659	1606	4	694
2169	1113	1508	2	443
2170	1434	1684	4	639
2171	1677	1922	1	210
2172	638	1031	2	302
2173	1338	1048	6	1013
2174	569	1226	5	806
2175	1195	1888	6	945
2176	923	1843	3	558
2177	1162	1555	1	293
2178	850	655	5	847
2179	1349	1313	4	652
2180	662	1154	5	806
2181	743	1768	1	229
2182	739	1959	1	151
2183	1339	1841	6	953
2184	952	1108	4	663
2185	1456	976	5	855
2186	573	1052	1	206
2187	1249	1366	1	190
2188	967	1335	2	363
2189	1244	1005	5	891
2190	1142	1832	6	1008
2191	990	678	1	247
2192	1074	1370	0	132
2193	1339	1765	6	953
2194	531	1619	5	781
2195	1503	1461	4	670
2196	1439	1140	4	607
2197	987	1342	5	882
2198	1584	1189	3	516
2199	1018	1858	2	408
2200	707	1397	5	887
2201	763	708	3	532
2202	688	1261	0	56
2203	824	1904	5	809
2204	1325	786	6	962
2205	939	774	4	697
2206	705	1048	2	302
2207	717	1007	3	452
2208	669	1492	6	1037
2209	836	832	6	1039
2210	537	1432	5	805
2211	1101	1592	1	227
2212	1271	706	4	690
2213	1599	1554	1	244
2214	629	955	0	2
2215	773	1563	0	23
2216	1173	710	0	125
2217	1731	1798	4	740
2218	610	715	1	266
2219	1273	1326	1	202
2220	1682	1617	6	994
2221	1048	1267	6	1010
2222	1225	1413	0	43
2223	921	1320	3	598
2224	1300	1837	0	53
2225	1510	1758	3	590
2226	1023	1133	0	88
2227	637	1988	0	142
2228	634	1343	4	656
2229	1179	1716	5	803
2230	1084	636	0	112
2231	1237	1133	0	7
2232	997	901	6	1034
2233	1031	1904	2	319
2234	863	1416	0	144
2235	750	1211	1	200
2236	1614	1804	5	890
2237	1058	1907	4	619
2238	860	1906	0	8
2239	1736	1754	6	1040
2240	791	1626	5	773
2241	1182	1010	4	745
2242	791	1878	1	209
2243	1147	783	5	791
2244	1268	638	1	254
2245	1224	1976	6	945
2246	1630	1285	1	233
2247	1526	1501	2	370
2248	712	755	2	382
2249	1671	1495	4	670
2250	1610	1672	5	750
2251	648	1607	5	781
2252	1486	1096	0	7
2253	772	1646	1	173
2254	1611	1594	3	544
2255	1096	630	6	1012
2256	660	694	3	532
2257	1581	1393	2	370
2258	1241	1438	4	643
2259	1189	1675	5	849
2260	735	1274	1	200
2261	777	1537	5	773
2262	916	1335	3	598
2263	722	1865	4	679
2264	701	1095	1	206
2265	629	1437	2	374
2266	674	1983	4	601
2267	1589	1739	5	755
2268	1489	1546	1	237
2269	773	1291	6	950
2270	1262	1524	5	842
2271	1306	1022	1	291
2272	704	1518	5	887
2273	1310	1313	0	52
2274	750	1673	4	623
2275	1473	1582	2	409
2276	1300	1946	6	945
2277	503	1687	3	481
2278	1653	1974	4	660
2279	629	1250	1	206
2280	645	1874	3	592
2281	1023	1178	4	724
2282	1042	1335	1	282
2283	976	1903	6	903
2284	1025	1961	5	769
2285	1065	1097	3	568
2286	1603	1928	2	360
2287	1339	1436	3	493
2288	1221	1956	5	795
2289	1114	1914	2	333
2290	771	1273	6	950
2291	533	1796	0	35
2292	1142	1409	2	395
2293	1211	1600	5	821
2294	897	1823	2	408
2295	1042	839	5	883
2296	932	1017	2	363
2297	620	1017	3	452
2298	711	1718	4	669
2299	620	1965	1	292
2300	722	1183	3	506
2301	696	1779	4	679
2302	1493	1820	3	569
2303	1494	1718	0	11
2304	616	643	4	716
2305	1158	1142	4	745
2306	1004	735	0	112
2307	1120	681	0	112
2308	1063	627	5	862
2309	1434	1155	3	457
2310	1469	1669	5	789
2311	1371	1149	2	307
2312	1297	1080	0	7
2313	1277	1307	5	802
2314	1191	1136	0	145
2315	1248	744	5	840
2316	1650	1515	1	220
2317	650	1284	0	56
2318	1713	1835	2	440
2319	1078	1218	4	724
2320	1154	984	4	657
2321	1619	1524	3	520
2322	1399	1835	6	996
2323	1334	1968	5	795
2324	864	1475	3	466
2325	1252	1157	5	757
2326	496	1465	3	505
2327	651	723	1	232
2328	1095	757	5	862
2329	673	1074	6	956
2330	629	1884	6	1042
2331	866	738	0	97
2332	1218	997	0	141
2333	1105	1289	6	995
2334	950	1318	4	663
2335	1247	972	2	441
2336	1469	1331	4	687
2337	1413	1957	3	564
2338	1492	1333	3	526
2339	771	1151	2	350
2340	896	1422	1	294
2341	814	1231	2	310
2342	1336	1403	1	193
2343	1188	891	2	391
2344	490	1496	6	955
2345	1064	714	1	262
2346	552	1525	6	955
2347	758	1842	4	679
2348	992	1124	3	538
2349	752	729	0	82
2350	1176	1897	2	345
2351	852	1123	3	523
2352	932	885	4	734
2353	984	715	4	697
2354	1421	1818	6	996
2355	1690	1959	1	210
2356	696	884	0	2
2357	1029	1862	3	558
2358	956	1810	0	32
2359	793	1689	4	623
2360	571	1337	4	656
2361	673	654	6	982
2362	1167	640	1	261
2363	1177	1361	1	190
2364	963	1313	2	363
2365	586	877	4	602
2366	876	1924	4	608
2367	1313	747	0	90
2368	611	1083	0	56
2369	630	751	0	116
2370	1269	1274	6	1017
2371	1452	996	4	705
2372	527	1561	0	55
2373	1137	1901	1	183
2374	1706	1999	1	210
2375	749	1345	3	500
2376	780	1822	4	679
2377	871	988	3	507
2378	1620	1827	3	590
2379	662	1942	3	592
2380	685	1834	1	229
2381	839	721	4	738
2382	880	674	4	697
2383	1027	1196	0	124
2384	1379	1320	4	687
2385	1486	1978	0	89
2386	745	744	6	982
2387	640	1577	3	519
2388	1330	1710	4	701
2389	1023	1865	2	408
2390	1149	957	1	207
2391	894	1413	1	294
2392	1637	1803	6	1040
2393	670	785	1	270
2394	1082	1863	1	258
2395	1230	1698	0	99
2396	1744	1899	0	60
2397	998	639	5	847
2398	1339	1306	1	202
2399	1532	1343	6	976
2400	1751	1903	1	210
2401	690	1078	5	806
2402	637	847	4	628
2403	1020	1113	0	88
2404	1411	1188	1	157
2405	980	736	1	247
2406	1477	1276	4	717
2407	1012	1992	6	919
2408	1669	1381	5	820
2409	1144	1210	0	95
2410	1343	1944	1	195
2411	1171	1109	3	595
2412	678	1705	3	519
2413	636	1771	0	142
2414	952	878	1	284
2415	1546	1378	4	670
2416	571	1241	2	356
2417	1537	1163	0	66
2418	1000	1313	2	432
2419	1390	1452	3	537
2420	1202	1524	6	992
2421	1576	1885	5	890
2422	885	1315	6	1048
2423	1510	1041	4	713
2424	1249	1943	6	945
2425	590	1362	5	806
2426	923	1230	0	10
2427	1578	1629	2	394
2428	1331	1171	1	157
2429	731	1724	6	979
2430	567	1398	1	224
2431	1395	1534	4	687
2432	1086	1085	0	118
2433	543	1514	2	355
2434	1261	1211	3	599
2435	946	1145	3	513
2436	858	1429	2	444
2437	1122	924	0	133
2438	1681	1477	5	820
2439	1115	662	2	412
2440	1117	1913	5	783
2441	1373	1652	4	646
2442	657	660	0	82
2443	1131	1051	3	545
2444	656	1662	2	331
2445	585	1930	3	472
2446	598	748	3	566
2447	999	725	1	247
2448	1249	1740	0	53
2449	861	1763	2	332
2450	1346	1770	0	4
2451	1653	1325	3	526
2452	678	733	3	532
2453	1020	841	4	733
2454	1100	1584	5	827
2455	1258	1947	3	495
2456	1201	743	6	990
2457	1269	1212	1	299
2458	1249	1065	3	457
2459	1152	1606	6	1043
2460	1003	1243	5	874
2461	1110	1819	2	408
2462	780	814	6	1039
2463	1499	1981	0	60
2464	1096	1699	6	921
2465	1421	1250	6	1031
2466	1042	1515	4	677
2467	1562	1297	6	983
2468	1026	1209	4	724
2469	1108	1431	6	995
2470	1559	1908	4	660
2471	1323	1629	1	256
2472	951	938	2	357
2473	511	1996	1	172
2474	1281	1745	4	653
2475	645	1246	0	56
2476	650	1250	0	56
2477	1257	896	3	591
2478	958	672	4	697
2479	1697	1843	2	440
2480	1638	1960	1	210
2481	781	1325	1	200
2482	1382	712	3	515
2483	702	1435	4	737
2484	642	1734	0	31
2485	586	1904	3	485
2486	1631	1661	0	0
2487	1145	1110	0	95
2488	1246	1158	0	7
2489	1040	1675	1	171
2490	755	900	6	918
2491	1307	1672	5	851
2492	780	1568	3	473
2493	825	1422	0	144
2494	1169	1825	0	53
2495	727	1494	5	887
2496	944	1809	1	182
2497	1761	1826	2	440
2498	801	1429	1	200
2499	1305	1308	0	52
