0	1424.17	1863.18	0	0	7.0	23.0	54	96	
1	1364.46	2017.78	0	0	8.0	22.0	34	64	
2	996.35	2623.59	0	0	9.0	21.3	37	12	
3	1154.94	796.6	0	0	10.0	21.0	91	41	
4	1473.37	1863.18	0	0	10.3	19.0	119	54	
5	795.29	772.95	0	0	11.0	17.0	120	138	
6	594.65	1573.45	0	0	14.0	15.0	69	81	
7	1472.86	2002.94	0	0	7.0	23.0	89	34	
8	1498.58	2234.17	0	0	8.0	22.0	44	61	
9	1280.22	804.35	0	0	9.0	21.3	29	36	
10	1370.97	1863.18	0	0	10.0	21.0	54	103	
11	1369.66	1945.18	0	0	10.3	19.0	54	122	
12	644.74	1547.46	0	0	11.0	17.0	69	74	
13	1513.77	1547.23	0	0	14.0	15.0	42	70	
14	645.39	828.37	0	0	7.0	23.0	128	28	
15	1562.02	1471.01	0	0	8.0	22.0	94	70	
16	691.13	1378.25	0	0	9.0	21.3	56	137	
17	693.08	805.45	0	0	10.0	21.0	128	120	
18	1376.5	1631.6	0	0	10.3	19.0	46	109	
19	713.1	758.41	0	0	11.0	17.0	120	82	
20	1476.87	2136.23	0	0	14.0	15.0	47	48	
21	606.66	805.45	0	0	7.0	23.0	116	28	
22	487.0	1783.96	0	0	8.0	22.0	136	35	
23	1360.23	1768.13	0	0	9.0	21.3	84	4	
24	1390.37	1710.75	0	0	10.0	21.0	84	46	
25	1051.95	2599.79	0	0	10.3	19.0	37	17	
26	1260.67	2186.62	0	0	11.0	17.0	129	58	
27	1372.21	1743.18	0	0	14.0	15.0	84	25	
28	1403.03	1768.13	0	0	7.0	23.0	14	84	
29	1108.55	2623.79	0	0	8.0	22.0	68	37	
30	513.45	2690.75	0	0	9.0	21.3	80	
31	1484.86	2218.65	0	0	10.0	21.0	61	48	
32	508.76	2460.29	0	0	10.3	19.0	107	80	
33	1359.87	2218.65	0	0	11.0	17.0	48	72	
34	487.0	1738.29	0	0	14.0	15.0	136	31	
35	1473.66	1945.18	0	0	7.0	23.0	89	54	
36	542.69	1583.11	0	0	8.0	22.0	55	31	
37	1765.75	2635.49	0	0	9.0	21.3	93	
38	661.05	1504.89	0	0	10.0	21.0	137	74	
39	555.75	775.25	0	0	10.3	19.0	116	
40	1052.12	2690.75	0	0	11.0	17.0	37	
41	972.04	2690.75	0	0	14.0	15.0	12	
42	1423.66	1945.18	0	0	7.0	23.0	114	54	
43	1765.75	2673.77	0	0	8.0	22.0	93	
44	1133.37	2690.75	0	0	9.0	21.3	68	
45	1217.01	737.6	0	0	10.0	21.0	90	75	
46	862.89	766.45	0	0	10.3	19.0	120	126	
47	1349.0	745.36	0	0	11.0	17.0	90	65	
48	1765.75	1966.41	0	0	14.0	15.0	60	
49	877.95	779.99	0	0	7.0	23.0	97	120	
50	1458.79	2093.04	0	0	8.0	22.0	51	47	
51	1245.75	624.0	0	0	9.0	21.3	75	
52	487.0	2587.02	0	0	10.0	21.0	80	
53	555.75	843.97	0	0	10.3	19.0	28	
54	1215.55	805.45	0	0	11.0	17.0	91	29	90	
55	1478.07	2063.97	0	0	14.0	15.0	34	47	
56	1323.22	804.35	0	0	7.0	23.0	29	62	
57	1578.4650000000001	1710.75	0	0	8.0	22.0	0	5	
58	1683.25	1685.175	0	0	9.0	21.3	0	30	
59	1495.46	1668.425	0	0	10.0	21.0	0	39	
60	1576.1	1659.6	0	0	10.3	19.0	0	130	
61	772.8	1971.23	0	0	11.0	17.0	1	59	
62	662.6400000000001	1971.23	0	0	14.0	15.0	1	142	
63	717.73	1875.7199999999998	0	0	7.0	23.0	1	79	
64	717.73	2066.74	0	0	8.0	22.0	1	49	
65	727.42	933.9100000000001	0	0	9.0	21.3	2	18	
66	686.405	875.22	0	0	10.0	21.0	2	128	
67	727.42	1021.0050000000001	0	0	10.3	19.0	2	50	
68	991.16	1971.23	0	0	11.0	17.0	3	19	
69	964.99	1875.7199999999998	0	0	14.0	15.0	3	108	
70	938.8199999999999	1971.23	0	0	7.0	23.0	3	8	
71	964.99	2066.74	0	0	8.0	22.0	3	49	
72	1495.45	1733.6999999999998	0	0	9.0	21.3	5	11	
73	824.75	2214.39	0	0	10.0	21.0	6	20	
74	772.8	2214.39	0	0	10.3	19.0	6	121	
75	798.775	2309.71	0	0	11.0	17.0	6	86	
76	798.775	2119.08	0	0	14.0	15.0	6	49	
77	1419.9299999999998	1209.42	0	0	7.0	23.0	7	131	
78	1449.016051132694	1167.8649496267954	0	0	8.0	22.0	7	66	
79	1372.454954057036	1091.832444766992	0	0	9.0	21.3	7	113	
80	1276.28	1056.95	0	0	10.0	21.0	7	141	
81	1304.455613785168	1189.7076384858988	0	0	10.3	19.0	7	149	
82	1336.75	1209.42	0	0	11.0	17.0	7	149	
83	1215.23	1079.455	0	0	14.0	15.0	7	145	
84	1249.0557204890524	1135.2254152443816	0	0	7.0	23.0	7	145	
85	884.025	1875.7199999999998	0	0	8.0	22.0	8	108	
86	824.75	1971.23	0	0	9.0	21.3	8	59	
87	881.79	2066.74	0	0	10.0	21.0	8	49	
88	929.57	1382.72	0	0	10.3	19.0	9	63	
89	871.71	1391.51	0	0	11.0	17.0	9	144	
90	871.71	1373.93	0	0	14.0	15.0	9	148	
91	813.8599999999999	1382.72	0	0	7.0	23.0	9	50	
92	871.71	1145.42	0	0	8.0	22.0	10	73	
93	929.57	1201.5700000000002	0	0	9.0	21.3	10	63	
94	871.71	1257.72	0	0	10.0	21.0	10	26	
95	813.8599999999999	1201.5700000000002	0	0	10.3	19.0	10	50	
96	1460.42	1733.6999999999998	0	0	11.0	17.0	11	84	
97	996.35	2487.925	0	0	14.0	15.0	12	17	
98	967.585	2376.06	0	0	7.0	23.0	12	86	
99	938.8199999999999	2633.1949999999997	0	0	8.0	22.0	12	123	
100	938.82	2517.965	0	0	9.0	21.3	12	115	
101	938.82	2418.175	0	0	10.0	21.0	12	107	
102	1040.6599999999999	1449.62	0	0	10.3	19.0	13	147	
103	1099.01	1472.3049999999998	0	0	11.0	17.0	13	95	
104	982.3000000000001	1472.3049999999998	0	0	14.0	15.0	13	63	
105	1100.93	2214.39	0	0	7.0	23.0	15	24	
106	991.16	2214.39	0	0	8.0	22.0	15	38	
107	1046.045	2309.71	0	0	9.0	21.3	15	86	
108	1046.045	2119.08	0	0	10.0	21.0	15	49	
109	929.57	1472.3049999999998	0	0	10.3	19.0	16	63	
110	871.71	1449.62	0	0	11.0	17.0	16	144	
111	727.4	1472.3049999999998	0	0	14.0	15.0	16	137	
112	770.635	1449.62	0	0	7.0	23.0	16	50	
113	778.3199999999999	1494.9899999999998	0	0	8.0	22.0	16	23	
114	1108.55	2487.925	0	0	9.0	21.3	17	68	
115	1052.45	2376.06	0	0	10.0	21.0	17	86	
116	768.83	901.54	0	0	10.3	19.0	18	139	
117	748.1299999999999	875.22	0	0	11.0	17.0	18	128	
118	768.83	960.22	0	0	14.0	15.0	18	57	
119	748.1299999999999	992.59	0	0	7.0	23.0	18	50	
120	1100.93	1971.23	0	0	8.0	22.0	19	33	
121	1046.045	1875.7199999999998	0	0	9.0	21.3	19	108	
122	1046.045	2066.74	0	0	10.0	21.0	19	49	
123	938.8199999999999	2214.39	0	0	10.3	19.0	20	38	
124	881.79	2309.71	0	0	11.0	17.0	20	86	
125	881.79	2119.08	0	0	14.0	15.0	20	49	
126	1167.41	1674.415	0	0	7.0	23.0	21	99	
127	1167.41	1762.31	0	0	8.0	22.0	21	53	
128	1069.4900000000002	1635.1	0	0	9.0	21.3	21	77	
129	1098.275	1810.37	0	0	10.0	21.0	21	108	
130	1029.14	1760.215	0	0	10.3	19.0	21	32	
131	597.45	1993.52	0	0	11.0	17.0	22	142	
132	828.75	1716.4499999999998	0	0	14.0	15.0	23	32	
133	727.41	1665.655	0	0	7.0	23.0	23	69	
134	778.3199999999999	1722.84	0	0	8.0	22.0	23	79	
135	1167.41	2168.865	0	0	9.0	21.3	24	127	
136	1167.41	2300.615	0	0	10.0	21.0	24	85	
137	1167.41	2271.03	0	0	10.3	19.0	24	78	
138	1167.41	2234.59	0	0	11.0	17.0	24	72	
139	1134.17	2309.7	0	0	14.0	15.0	24	86	
140	1134.17	2119.08	0	0	7.0	23.0	24	49	
141	929.57	1278.96	0	0	8.0	22.0	26	63	
142	871.71	1300.2	0	0	9.0	21.3	26	148	
143	813.8599999999999	1278.96	0	0	10.0	21.0	26	50	
144	597.45	2146.34	0	0	10.3	19.0	27	142	
145	1276.28	880.75	0	0	11.0	17.0	29	141	
146	1215.23	843.1	0	0	14.0	15.0	29	91	
147	615.7149999999999	1637.69	0	0	7.0	23.0	31	69	
148	636.78	1659.17	0	0	8.0	22.0	31	69	
149	649.4749999999999	1701.745	0	0	9.0	21.3	31	69	
150	629.81	1722.84	0	0	10.0	21.0	31	142	
151	597.45	1743.17	0	0	10.3	19.0	31	142	
152	928.9449999999999	1810.37	0	0	11.0	17.0	32	108	
153	828.75	1766.605	0	0	14.0	15.0	32	79	
154	1167.41	2022.7000000000003	0	0	7.0	23.0	33	127	
155	1167.41	1927.19	0	0	8.0	22.0	33	45	
156	1134.17	1875.7199999999998	0	0	9.0	21.3	33	108	
157	1134.17	2066.74	0	0	10.0	21.0	33	49	
158	597.45	1840.105	0	0	10.3	19.0	35	142	
159	964.99	2309.71	0	0	11.0	17.0	38	86	
160	964.99	2119.08	0	0	14.0	15.0	38	49	
161	1433.74	1661.615	0	0	7.0	23.0	39	46	
162	1495.46	1652.79	0	0	8.0	22.0	39	130	
163	1260.43	1339.81	0	0	9.0	21.3	40	52	
164	1206.4050000000002	1379.43	0	0	10.0	21.0	40	43	
165	1206.4050000000002	1300.2	0	0	10.3	19.0	40	117	
166	1152.39	1339.81	0	0	11.0	17.0	40	95	
167	1369.57	1430.63	0	0	14.0	15.0	43	87	
168	1315.0	1379.42	0	0	7.0	23.0	43	52	
169	1309.4699999999998	1481.83	0	0	8.0	22.0	43	92	
170	1206.87	1438.9299999999998	0	0	9.0	21.3	43	92	
171	1158.375	1396.03	0	0	0.0	24.0	43	92	
172	1152.39	1387.73	0	0	0.0	24.0	43	95	
173	1572.0349999999999	2040.49	0	0	0.0	24.0	44	60	
174	1342.96	1904.35	0	0	0.0	24.0	45	54	
175	1269.015	1978.66	0	0	0.0	24.0	45	129	
176	1181.435	1978.66	0	0	0.0	24.0	45	127	
177	1255.6100000000001	1869.45	0	0	0.0	24.0	45	53	
178	1167.41	2092.91	0	0	0.0	24.0	49	127	
179	798.775	2066.74	0	0	0.0	24.0	49	59	
180	662.6400000000001	2092.91	0	0	0.0	24.0	49	142	
181	717.73	2119.08	0	0	0.0	24.0	49	121	
182	813.8599999999999	1123.69	0	0	0.0	24.0	50	73	
183	813.8599999999999	1047.275	0	0	0.0	24.0	50	146	
184	813.8599999999999	1420.565	0	0	0.0	24.0	50	144	
185	813.8599999999999	1336.995	0	0	0.0	24.0	50	148	
186	727.42	1213.835	0	0	0.0	24.0	50	56	
187	727.4	1414.525	0	0	0.0	24.0	50	137	
188	791.345	992.58	0	0	0.0	24.0	50	57	
189	1369.57	1339.81	0	0	0.0	24.0	52	87	
190	1315.0	1300.2	0	0	0.0	24.0	52	117	
191	1305.46	1714.25	0	0	0.0	24.0	53	101	
192	1217.685	1714.25	0	0	0.0	24.0	53	99	
193	1167.41	1839.9099999999999	0	0	0.0	24.0	53	108	
194	1498.58	1907.45	0	0	0.0	24.0	54	60	
195	1496.57	1875.0500000000002	0	0	0.0	24.0	54	140	
196	1215.23	960.215	0	0	0.0	24.0	57	141	
197	1183.805	992.58	0	0	0.0	24.0	57	145	
198	1125.7	992.58	0	0	0.0	24.0	57	95	
199	1040.6599999999999	992.58	0	0	0.0	24.0	57	118	
200	955.9350000000001	992.58	0	0	0.0	24.0	57	63	
201	871.71	992.58	0	0	0.0	24.0	57	146	
202	1172.555	927.85	0	0	0.0	24.0	57	91	
203	1064.5149999999999	927.85	0	0	0.0	24.0	57	133	
204	948.4449999999999	927.85	0	0	0.0	24.0	57	134	
205	833.29	927.85	0	0	0.0	24.0	57	139	
206	798.775	1875.7199999999998	0	0	0.0	24.0	59	79	
207	1572.0349999999999	1886.92	0	0	0.0	24.0	60	140	
208	982.3000000000001	1420.565	0	0	0.0	24.0	63	147	
209	982.3000000000001	1384.9099999999999	0	0	0.0	24.0	63	102	
210	982.3000000000001	1337.065	0	0	0.0	24.0	63	132	
211	982.3000000000001	1278.96	0	0	0.0	24.0	63	110	
212	982.3000000000001	1201.5700000000002	0	0	0.0	24.0	63	124	
213	982.3000000000001	1123.69	0	0	0.0	24.0	63	88	
214	929.57	1123.69	0	0	0.0	24.0	63	73	
215	982.3000000000001	1047.275	0	0	0.0	24.0	63	118	
216	929.57	1047.275	0	0	0.0	24.0	63	146	
217	929.57	1420.565	0	0	0.0	24.0	63	144	
218	929.57	1336.995	0	0	0.0	24.0	63	148	
219	1267.95	1580.305	0	0	0.0	24.0	67	71	
220	1305.46	1552.14	0	0	0.0	24.0	67	92	
221	1167.4099999999999	2538.54	0	0	0.0	24.0	68	93	
222	1167.4099999999999	2381.195	0	0	0.0	24.0	68	85	
223	1137.98	2376.06	0	0	0.0	24.0	68	86	
224	694.79	1722.84	0	0	0.0	24.0	69	79	
225	1490.86	1460.155	0	0	0.0	24.0	70	87	
226	1267.95	1620.045	0	0	0.0	24.0	71	106	
227	1229.99	1634.58	0	0	0.0	24.0	71	99	
228	1229.99	1552.14	0	0	0.0	24.0	71	92	
229	1181.435	2218.65	0	0	0.0	24.0	72	127	
230	1258.0900000000001	2250.53	0	0	0.0	24.0	72	78	
231	871.71	1101.96	0	0	0.0	24.0	73	146	
232	1182.69	717.4	0	0	0.0	24.0	75	125	
233	1259.69	665.0	0	0	0.0	24.0	75	104	
234	1182.69	662.875	0	0	0.0	24.0	75	111	
235	1490.86	1336.565	0	0	0.0	24.0	76	87	
236	1258.0900000000001	2291.53	0	0	0.0	24.0	78	85	
237	829.23	1843.0449999999998	0	0	0.0	24.0	79	108	
238	662.6400000000001	1799.2799999999997	0	0	0.0	24.0	79	142	
239	1490.86	1233.575	0	0	0.0	24.0	83	131	
240	1490.86	1278.96	0	0	0.0	24.0	83	117	
241	1332.9950000000001	2386.33	0	0	0.0	24.0	85	93	
242	1167.41	2342.885	0	0	0.0	24.0	85	86	
243	662.6400000000001	2342.885	0	0	0.0	24.0	86	142	
244	717.73	2309.71	0	0	0.0	24.0	86	121	
245	800.7349999999999	2376.06	0	0	0.0	24.0	86	107	
246	1369.57	1514.525	0	0	0.0	24.0	87	92	
247	1430.215	1300.2	0	0	0.0	24.0	87	117	
248	1040.6599999999999	1145.42	0	0	0.0	24.0	88	124	
249	1099.01	1123.69	0	0	0.0	24.0	88	95	
250	1040.6599999999999	1101.96	0	0	0.0	24.0	88	118	
251	1215.23	904.3	0	0	0.0	24.0	91	141	
252	1171.71	1494.99	0	0	0.0	24.0	92	143	
253	1152.38	1445.5149999999999	0	0	0.0	24.0	92	95	
254	1633.3	1631.6	0	0	0.0	24.0	94	130	
255	1099.01	1420.565	0	0	0.0	24.0	95	147	
256	1099.01	1384.9099999999999	0	0	0.0	24.0	95	102	
257	1099.01	1337.065	0	0	0.0	24.0	95	132	
258	1152.39	1278.96	0	0	0.0	24.0	95	117	
259	1099.01	1278.96	0	0	0.0	24.0	95	110	
260	1152.39	1214.2649999999999	0	0	0.0	24.0	95	149	
261	1131.115	1494.99	0	0	0.0	24.0	95	143	
262	1099.01	1201.5700000000002	0	0	0.0	24.0	95	124	
263	1152.39	1081.7	0	0	0.0	24.0	95	145	
264	1099.01	1047.275	0	0	0.0	24.0	95	118	
265	1337.33	922.625	0	0	0.0	24.0	98	141	
266	1267.96	1674.415	0	0	0.0	24.0	99	101	
267	597.45	2299.2	0	0	0.0	24.0	100	142	
268	542.225	2376.06	0	0	0.0	24.0	100	107	
269	1305.46	1631.6	0	0	0.0	24.0	101	106	
270	1040.6599999999999	1391.51	0	0	0.0	24.0	102	147	
271	1040.6599999999999	1373.79	0	0	0.0	24.0	102	132	
272	1337.33	1001.96	0	0	0.0	24.0	105	141	
273	630.0450000000001	2376.06	0	0	0.0	24.0	107	142	
274	731.1099999999999	2460.29	0	0	0.0	24.0	107	115	
275	1040.6599999999999	1300.2	0	0	0.0	24.0	110	132	
276	1040.6599999999999	1257.72	0	0	0.0	24.0	110	124	
277	1064.5149999999999	796.6	0	0	0.0	24.0	112	133	
278	1337.33	1048.185	0	0	0.0	24.0	113	141	
279	736.91	2575.64	0	0	0.0	24.0	115	123	
280	1419.93	1257.72	0	0	0.0	24.0	117	131	
281	1250.69	1257.72	0	0	0.0	24.0	117	149	
282	662.6400000000001	2214.39	0	0	0.0	24.0	121	142	
283	1195.46	2082.64	0	0	0.0	24.0	127	129	
284	768.8299999999999	840.335	0	0	0.0	24.0	128	139	
285	1349.0	1233.5700000000002	0	0	0.0	24.0	131	149	
286	1680.33	1747.78	0	0	0.0	24.0	135	140	
287	1215.23	1024.77	0	0	0.0	24.0	141	145	
288	1217.995	1170.81	0	0	0.0	24.0	145	149	
289	1464.6	1661.605	0	1	0.0	24.0	39	189	
290	1069.4900000000002	1565.045	0	1	0.0	24.0	77	227	
291	1472.505	1974.06	0	1	0.0	24.0	89	239	
292	1420.0049999999999	1837.8400000000001	0	1	0.0	24.0	96	246	
293	1368.275	1837.8400000000001	0	1	0.0	24.0	103	253	
294	1156.29	656.6	0	1	0.0	24.0	111	261	
295	1420.0049999999999	1974.06	0	1	0.0	24.0	114	264	
296	1470.94	1837.8400000000001	0	1	0.0	24.0	119	269	
297	1368.0749999999998	1974.06	0	1	0.0	24.0	122	272	
298	1156.29	716.9000000000001	0	1	0.0	24.0	125	275	
299	1424.17	1863.18	1	0	7.0	23.0	204	246	
300	1364.46	2017.78	1	0	8.0	22.0	184	214	
301	996.35	2623.59	1	0	9.0	21.3	187	162	
302	1154.94	796.6	1	0	10.0	21.0	241	191	
303	1473.37	1863.18	1	0	10.3	19.0	269	204	
304	795.29	772.95	1	0	11.0	17.0	270	288	
305	594.65	1573.45	1	0	14.0	15.0	219	231	
306	1472.86	2002.94	1	0	7.0	23.0	239	184	
307	1498.58	2234.17	1	0	8.0	22.0	194	211	
308	1280.22	804.35	1	0	9.0	21.3	179	186	
309	1370.97	1863.18	1	0	10.0	21.0	204	253	
310	1369.66	1945.18	1	0	10.3	19.0	204	272	
311	644.74	1547.46	1	0	11.0	17.0	219	224	
312	1513.77	1547.23	1	0	14.0	15.0	192	220	
313	645.39	828.37	1	0	7.0	23.0	278	178	
314	1562.02	1471.01	1	0	8.0	22.0	244	220	
315	691.13	1378.25	1	0	9.0	21.3	206	287	
316	693.08	805.45	1	0	10.0	21.0	278	270	
317	1376.5	1631.6	1	0	10.3	19.0	196	259	
318	713.1	758.41	1	0	11.0	17.0	270	232	
319	1476.87	2136.23	1	0	14.0	15.0	197	198	
320	606.66	805.45	1	0	7.0	23.0	266	178	
321	487.0	1783.96	1	0	8.0	22.0	286	185	
322	1360.23	1768.13	1	0	9.0	21.3	234	154	
323	1390.37	1710.75	1	0	10.0	21.0	234	196	
324	1051.95	2599.79	1	0	10.3	19.0	187	167	
325	1260.67	2186.62	1	0	11.0	17.0	279	208	
326	1372.21	1743.18	1	0	14.0	15.0	234	175	
327	1403.03	1768.13	1	0	7.0	23.0	164	234	
328	1108.55	2623.79	1	0	8.0	22.0	218	187	
329	513.45	2690.75	1	0	9.0	21.3	230	
330	1484.86	2218.65	1	0	10.0	21.0	211	198	
331	508.76	2460.29	1	0	10.3	19.0	257	230	
332	1359.87	2218.65	1	0	11.0	17.0	198	222	
333	487.0	1738.29	1	0	14.0	15.0	286	181	
334	1473.66	1945.18	1	0	7.0	23.0	239	204	
335	542.69	1583.11	1	0	8.0	22.0	205	181	
336	1765.75	2635.49	1	0	9.0	21.3	243	
337	661.05	1504.89	1	0	10.0	21.0	287	224	
338	555.75	775.25	1	0	10.3	19.0	266	
339	1052.12	2690.75	1	0	11.0	17.0	187	
340	972.04	2690.75	1	0	14.0	15.0	162	
341	1423.66	1945.18	1	0	7.0	23.0	264	204	
342	1765.75	2673.77	1	0	8.0	22.0	243	
343	1133.37	2690.75	1	0	9.0	21.3	218	
344	1217.01	737.6	1	0	10.0	21.0	240	225	
345	862.89	766.45	1	0	10.3	19.0	270	276	
346	1349.0	745.36	1	0	11.0	17.0	240	215	
347	1765.75	1966.41	1	0	14.0	15.0	210	
348	877.95	779.99	1	0	7.0	23.0	247	270	
349	1458.79	2093.04	1	0	8.0	22.0	201	197	
350	1245.75	624.0	1	0	9.0	21.3	225	
351	487.0	2587.02	1	0	10.0	21.0	230	
352	555.75	843.97	1	0	10.3	19.0	178	
353	1215.55	805.45	1	0	11.0	17.0	241	179	240	
354	1478.07	2063.97	1	0	14.0	15.0	184	197	
355	1323.22	804.35	1	0	7.0	23.0	179	212	
356	1578.4650000000001	1710.75	1	0	8.0	22.0	150	155	
357	1683.25	1685.175	1	0	9.0	21.3	150	180	
358	1495.46	1668.425	1	0	10.0	21.0	150	189	
359	1576.1	1659.6	1	0	10.3	19.0	150	280	
360	772.8	1971.23	1	0	11.0	17.0	151	209	
361	662.6400000000001	1971.23	1	0	14.0	15.0	151	292	
362	717.73	1875.7199999999998	1	0	7.0	23.0	151	229	
363	717.73	2066.74	1	0	8.0	22.0	151	199	
364	727.42	933.9100000000001	1	0	9.0	21.3	152	168	
365	686.405	875.22	1	0	10.0	21.0	152	278	
366	727.42	1021.0050000000001	1	0	10.3	19.0	152	200	
367	991.16	1971.23	1	0	11.0	17.0	153	169	
368	964.99	1875.7199999999998	1	0	14.0	15.0	153	258	
369	938.8199999999999	1971.23	1	0	7.0	23.0	153	158	
370	964.99	2066.74	1	0	8.0	22.0	153	199	
371	1495.45	1733.6999999999998	1	0	9.0	21.3	155	161	
372	824.75	2214.39	1	0	10.0	21.0	156	170	
373	772.8	2214.39	1	0	10.3	19.0	156	271	
374	798.775	2309.71	1	0	11.0	17.0	156	236	
375	798.775	2119.08	1	0	14.0	15.0	156	199	
376	1419.9299999999998	1209.42	1	0	7.0	23.0	157	281	
377	1449.016051132694	1167.8649496267954	1	0	8.0	22.0	157	216	
378	1372.454954057036	1091.832444766992	1	0	9.0	21.3	157	263	
379	1276.28	1056.95	1	0	10.0	21.0	157	291	
380	1304.455613785168	1189.7076384858988	1	0	10.3	19.0	157	299	
381	1336.75	1209.42	1	0	11.0	17.0	157	299	
382	1215.23	1079.455	1	0	14.0	15.0	157	295	
383	1249.0557204890524	1135.2254152443816	1	0	7.0	23.0	157	295	
384	884.025	1875.7199999999998	1	0	8.0	22.0	158	258	
385	824.75	1971.23	1	0	9.0	21.3	158	209	
386	881.79	2066.74	1	0	10.0	21.0	158	199	
387	929.57	1382.72	1	0	10.3	19.0	159	213	
388	871.71	1391.51	1	0	11.0	17.0	159	294	
389	871.71	1373.93	1	0	14.0	15.0	159	298	
390	813.8599999999999	1382.72	1	0	7.0	23.0	159	200	
391	871.71	1145.42	1	0	8.0	22.0	160	223	
392	929.57	1201.5700000000002	1	0	9.0	21.3	160	213	
393	871.71	1257.72	1	0	10.0	21.0	160	176	
394	813.8599999999999	1201.5700000000002	1	0	10.3	19.0	160	200	
395	1460.42	1733.6999999999998	1	0	11.0	17.0	161	234	
396	996.35	2487.925	1	0	14.0	15.0	162	167	
397	967.585	2376.06	1	0	7.0	23.0	162	236	
398	938.8199999999999	2633.1949999999997	1	0	8.0	22.0	162	273	
399	938.82	2517.965	1	0	9.0	21.3	162	265	
400	938.82	2418.175	1	0	10.0	21.0	162	257	
401	1040.6599999999999	1449.62	1	0	10.3	19.0	163	297	
402	1099.01	1472.3049999999998	1	0	11.0	17.0	163	245	
403	982.3000000000001	1472.3049999999998	1	0	14.0	15.0	163	213	
404	1100.93	2214.39	1	0	7.0	23.0	165	174	
405	991.16	2214.39	1	0	8.0	22.0	165	188	
406	1046.045	2309.71	1	0	9.0	21.3	165	236	
407	1046.045	2119.08	1	0	10.0	21.0	165	199	
408	929.57	1472.3049999999998	1	0	10.3	19.0	166	213	
409	871.71	1449.62	1	0	11.0	17.0	166	294	
410	727.4	1472.3049999999998	1	0	14.0	15.0	166	287	
411	770.635	1449.62	1	0	7.0	23.0	166	200	
412	778.3199999999999	1494.9899999999998	1	0	8.0	22.0	166	173	
413	1108.55	2487.925	1	0	9.0	21.3	167	218	
414	1052.45	2376.06	1	0	10.0	21.0	167	236	
415	768.83	901.54	1	0	10.3	19.0	168	289	
416	748.1299999999999	875.22	1	0	11.0	17.0	168	278	
417	768.83	960.22	1	0	14.0	15.0	168	207	
418	748.1299999999999	992.59	1	0	7.0	23.0	168	200	
419	1100.93	1971.23	1	0	8.0	22.0	169	183	
420	1046.045	1875.7199999999998	1	0	9.0	21.3	169	258	
421	1046.045	2066.74	1	0	10.0	21.0	169	199	
422	938.8199999999999	2214.39	1	0	10.3	19.0	170	188	
423	881.79	2309.71	1	0	11.0	17.0	170	236	
424	881.79	2119.08	1	0	14.0	15.0	170	199	
425	1167.41	1674.415	1	0	7.0	23.0	171	249	
426	1167.41	1762.31	1	0	8.0	22.0	171	203	
427	1069.4900000000002	1635.1	1	0	9.0	21.3	171	227	
428	1098.275	1810.37	1	0	10.0	21.0	171	258	
429	1029.14	1760.215	1	0	10.3	19.0	171	182	
430	597.45	1993.52	1	0	11.0	17.0	172	292	
431	828.75	1716.4499999999998	1	0	14.0	15.0	173	182	
432	727.41	1665.655	1	0	7.0	23.0	173	219	
433	778.3199999999999	1722.84	1	0	8.0	22.0	173	229	
434	1167.41	2168.865	1	0	9.0	21.3	174	277	
435	1167.41	2300.615	1	0	10.0	21.0	174	235	
436	1167.41	2271.03	1	0	10.3	19.0	174	228	
437	1167.41	2234.59	1	0	11.0	17.0	174	222	
438	1134.17	2309.7	1	0	14.0	15.0	174	236	
439	1134.17	2119.08	1	0	7.0	23.0	174	199	
440	929.57	1278.96	1	0	8.0	22.0	176	213	
441	871.71	1300.2	1	0	9.0	21.3	176	298	
442	813.8599999999999	1278.96	1	0	10.0	21.0	176	200	
443	597.45	2146.34	1	0	10.3	19.0	177	292	
444	1276.28	880.75	1	0	11.0	17.0	179	291	
445	1215.23	843.1	1	0	14.0	15.0	179	241	
446	615.7149999999999	1637.69	1	0	7.0	23.0	181	219	
447	636.78	1659.17	1	0	8.0	22.0	181	219	
448	649.4749999999999	1701.745	1	0	9.0	21.3	181	219	
449	629.81	1722.84	1	0	10.0	21.0	181	292	
450	597.45	1743.17	1	0	10.3	19.0	181	292	
451	928.9449999999999	1810.37	1	0	11.0	17.0	182	258	
452	828.75	1766.605	1	0	14.0	15.0	182	229	
453	1167.41	2022.7000000000003	1	0	7.0	23.0	183	277	
454	1167.41	1927.19	1	0	8.0	22.0	183	195	
455	1134.17	1875.7199999999998	1	0	9.0	21.3	183	258	
456	1134.17	2066.74	1	0	10.0	21.0	183	199	
457	597.45	1840.105	1	0	10.3	19.0	185	292	
458	964.99	2309.71	1	0	11.0	17.0	188	236	
459	964.99	2119.08	1	0	14.0	15.0	188	199	
460	1433.74	1661.615	1	0	7.0	23.0	189	196	
461	1495.46	1652.79	1	0	8.0	22.0	189	280	
462	1260.43	1339.81	1	0	9.0	21.3	190	202	
463	1206.4050000000002	1379.43	1	0	10.0	21.0	190	193	
464	1206.4050000000002	1300.2	1	0	10.3	19.0	190	267	
465	1152.39	1339.81	1	0	11.0	17.0	190	245	
466	1369.57	1430.63	1	0	14.0	15.0	193	237	
467	1315.0	1379.42	1	0	7.0	23.0	193	202	
468	1309.4699999999998	1481.83	1	0	8.0	22.0	193	242	
469	1206.87	1438.9299999999998	1	0	9.0	21.3	193	242	
470	1158.375	1396.03	1	0	0.0	24.0	193	242	
471	1152.39	1387.73	1	0	0.0	24.0	193	245	
472	1572.0349999999999	2040.49	1	0	0.0	24.0	194	210	
473	1342.96	1904.35	1	0	0.0	24.0	195	204	
474	1269.015	1978.66	1	0	0.0	24.0	195	279	
475	1181.435	1978.66	1	0	0.0	24.0	195	277	
476	1255.6100000000001	1869.45	1	0	0.0	24.0	195	203	
477	1167.41	2092.91	1	0	0.0	24.0	199	277	
478	798.775	2066.74	1	0	0.0	24.0	199	209	
479	662.6400000000001	2092.91	1	0	0.0	24.0	199	292	
480	717.73	2119.08	1	0	0.0	24.0	199	271	
481	813.8599999999999	1123.69	1	0	0.0	24.0	200	223	
482	813.8599999999999	1047.275	1	0	0.0	24.0	200	296	
483	813.8599999999999	1420.565	1	0	0.0	24.0	200	294	
484	813.8599999999999	1336.995	1	0	0.0	24.0	200	298	
485	727.42	1213.835	1	0	0.0	24.0	200	206	
486	727.4	1414.525	1	0	0.0	24.0	200	287	
487	791.345	992.58	1	0	0.0	24.0	200	207	
488	1369.57	1339.81	1	0	0.0	24.0	202	237	
489	1315.0	1300.2	1	0	0.0	24.0	202	267	
490	1305.46	1714.25	1	0	0.0	24.0	203	251	
491	1217.685	1714.25	1	0	0.0	24.0	203	249	
492	1167.41	1839.9099999999999	1	0	0.0	24.0	203	258	
493	1498.58	1907.45	1	0	0.0	24.0	204	210	
494	1496.57	1875.0500000000002	1	0	0.0	24.0	204	290	
495	1215.23	960.215	1	0	0.0	24.0	207	291	
496	1183.805	992.58	1	0	0.0	24.0	207	295	
497	1125.7	992.58	1	0	0.0	24.0	207	245	
498	1040.6599999999999	992.58	1	0	0.0	24.0	207	268	
499	955.9350000000001	992.58	1	0	0.0	24.0	207	213	
500	871.71	992.58	1	0	0.0	24.0	207	296	
501	1172.555	927.85	1	0	0.0	24.0	207	241	
502	1064.5149999999999	927.85	1	0	0.0	24.0	207	283	
503	948.4449999999999	927.85	1	0	0.0	24.0	207	284	
504	833.29	927.85	1	0	0.0	24.0	207	289	
505	798.775	1875.7199999999998	1	0	0.0	24.0	209	229	
506	1572.0349999999999	1886.92	1	0	0.0	24.0	210	290	
507	982.3000000000001	1420.565	1	0	0.0	24.0	213	297	
508	982.3000000000001	1384.9099999999999	1	0	0.0	24.0	213	252	
509	982.3000000000001	1337.065	1	0	0.0	24.0	213	282	
510	982.3000000000001	1278.96	1	0	0.0	24.0	213	260	
511	982.3000000000001	1201.5700000000002	1	0	0.0	24.0	213	274	
512	982.3000000000001	1123.69	1	0	0.0	24.0	213	238	
513	929.57	1123.69	1	0	0.0	24.0	213	223	
514	982.3000000000001	1047.275	1	0	0.0	24.0	213	268	
515	929.57	1047.275	1	0	0.0	24.0	213	296	
516	929.57	1420.565	1	0	0.0	24.0	213	294	
517	929.57	1336.995	1	0	0.0	24.0	213	298	
518	1267.95	1580.305	1	0	0.0	24.0	217	221	
519	1305.46	1552.14	1	0	0.0	24.0	217	242	
520	1167.4099999999999	2538.54	1	0	0.0	24.0	218	243	
521	1167.4099999999999	2381.195	1	0	0.0	24.0	218	235	
522	1137.98	2376.06	1	0	0.0	24.0	218	236	
523	694.79	1722.84	1	0	0.0	24.0	219	229	
524	1490.86	1460.155	1	0	0.0	24.0	220	237	
525	1267.95	1620.045	1	0	0.0	24.0	221	256	
526	1229.99	1634.58	1	0	0.0	24.0	221	249	
527	1229.99	1552.14	1	0	0.0	24.0	221	242	
528	1181.435	2218.65	1	0	0.0	24.0	222	277	
529	1258.0900000000001	2250.53	1	0	0.0	24.0	222	228	
530	871.71	1101.96	1	0	0.0	24.0	223	296	
531	1182.69	717.4	1	0	0.0	24.0	225	275	
532	1259.69	665.0	1	0	0.0	24.0	225	254	
533	1182.69	662.875	1	0	0.0	24.0	225	261	
534	1490.86	1336.565	1	0	0.0	24.0	226	237	
535	1258.0900000000001	2291.53	1	0	0.0	24.0	228	235	
536	829.23	1843.0449999999998	1	0	0.0	24.0	229	258	
537	662.6400000000001	1799.2799999999997	1	0	0.0	24.0	229	292	
538	1490.86	1233.575	1	0	0.0	24.0	233	281	
539	1490.86	1278.96	1	0	0.0	24.0	233	267	
540	1332.9950000000001	2386.33	1	0	0.0	24.0	235	243	
541	1167.41	2342.885	1	0	0.0	24.0	235	236	
542	662.6400000000001	2342.885	1	0	0.0	24.0	236	292	
543	717.73	2309.71	1	0	0.0	24.0	236	271	
544	800.7349999999999	2376.06	1	0	0.0	24.0	236	257	
545	1369.57	1514.525	1	0	0.0	24.0	237	242	
546	1430.215	1300.2	1	0	0.0	24.0	237	267	
547	1040.6599999999999	1145.42	1	0	0.0	24.0	238	274	
548	1099.01	1123.69	1	0	0.0	24.0	238	245	
549	1040.6599999999999	1101.96	1	0	0.0	24.0	238	268	
550	1215.23	904.3	1	0	0.0	24.0	241	291	
551	1171.71	1494.99	1	0	0.0	24.0	242	293	
552	1152.38	1445.5149999999999	1	0	0.0	24.0	242	245	
553	1633.3	1631.6	1	0	0.0	24.0	244	280	
554	1099.01	1420.565	1	0	0.0	24.0	245	297	
555	1099.01	1384.9099999999999	1	0	0.0	24.0	245	252	
556	1099.01	1337.065	1	0	0.0	24.0	245	282	
557	1152.39	1278.96	1	0	0.0	24.0	245	267	
558	1099.01	1278.96	1	0	0.0	24.0	245	260	
559	1152.39	1214.2649999999999	1	0	0.0	24.0	245	299	
560	1131.115	1494.99	1	0	0.0	24.0	245	293	
561	1099.01	1201.5700000000002	1	0	0.0	24.0	245	274	
562	1152.39	1081.7	1	0	0.0	24.0	245	295	
563	1099.01	1047.275	1	0	0.0	24.0	245	268	
564	1337.33	922.625	1	0	0.0	24.0	248	291	
565	1267.96	1674.415	1	0	0.0	24.0	249	251	
566	597.45	2299.2	1	0	0.0	24.0	250	292	
567	542.225	2376.06	1	0	0.0	24.0	250	257	
568	1305.46	1631.6	1	0	0.0	24.0	251	256	
569	1040.6599999999999	1391.51	1	0	0.0	24.0	252	297	
570	1040.6599999999999	1373.79	1	0	0.0	24.0	252	282	
571	1337.33	1001.96	1	0	0.0	24.0	255	291	
572	630.0450000000001	2376.06	1	0	0.0	24.0	257	292	
573	731.1099999999999	2460.29	1	0	0.0	24.0	257	265	
574	1040.6599999999999	1300.2	1	0	0.0	24.0	260	282	
575	1040.6599999999999	1257.72	1	0	0.0	24.0	260	274	
576	1064.5149999999999	796.6	1	0	0.0	24.0	262	283	
577	1337.33	1048.185	1	0	0.0	24.0	263	291	
578	736.91	2575.64	1	0	0.0	24.0	265	273	
579	1419.93	1257.72	1	0	0.0	24.0	267	281	
580	1250.69	1257.72	1	0	0.0	24.0	267	299	
581	662.6400000000001	2214.39	1	0	0.0	24.0	271	292	
582	1195.46	2082.64	1	0	0.0	24.0	277	279	
583	768.8299999999999	840.335	1	0	0.0	24.0	278	289	
584	1349.0	1233.5700000000002	1	0	0.0	24.0	281	299	
585	1680.33	1747.78	1	0	0.0	24.0	285	290	
586	1215.23	1024.77	1	0	0.0	24.0	291	295	
587	1217.995	1170.81	1	0	0.0	24.0	295	299	
588	1464.6	1661.605	1	1	0.0	24.0	39	189	339	
589	1069.4900000000002	1565.045	1	1	0.0	24.0	77	227	377	
590	1472.505	1974.06	1	1	0.0	24.0	89	239	389	
591	1420.0049999999999	1837.8400000000001	1	1	0.0	24.0	96	246	396	
592	1368.275	1837.8400000000001	1	1	0.0	24.0	103	253	403	
593	1156.29	656.6	1	1	0.0	24.0	111	261	411	
594	1420.0049999999999	1974.06	1	1	0.0	24.0	114	264	414	
595	1470.94	1837.8400000000001	1	1	0.0	24.0	119	269	419	
596	1368.0749999999998	1974.06	1	1	0.0	24.0	122	272	422	
597	1156.29	716.9000000000001	1	1	0.0	24.0	125	275	425	
598	1424.17	1863.18	2	0	7.0	23.0	354	396	
599	1364.46	2017.78	2	0	8.0	22.0	334	364	
600	996.35	2623.59	2	0	9.0	21.3	337	312	
601	1154.94	796.6	2	0	10.0	21.0	391	341	
602	1473.37	1863.18	2	0	10.3	19.0	419	354	
603	795.29	772.95	2	0	11.0	17.0	420	438	
604	594.65	1573.45	2	0	14.0	15.0	369	381	
605	1472.86	2002.94	2	0	7.0	23.0	389	334	
606	1498.58	2234.17	2	0	8.0	22.0	344	361	
607	1280.22	804.35	2	0	9.0	21.3	329	336	
608	1370.97	1863.18	2	0	10.0	21.0	354	403	
609	1369.66	1945.18	2	0	10.3	19.0	354	422	
610	644.74	1547.46	2	0	11.0	17.0	369	374	
611	1513.77	1547.23	2	0	14.0	15.0	342	370	
612	645.39	828.37	2	0	7.0	23.0	428	328	
613	1562.02	1471.01	2	0	8.0	22.0	394	370	
614	691.13	1378.25	2	0	9.0	21.3	356	437	
615	693.08	805.45	2	0	10.0	21.0	428	420	
616	1376.5	1631.6	2	0	10.3	19.0	346	409	
617	713.1	758.41	2	0	11.0	17.0	420	382	
618	1476.87	2136.23	2	0	14.0	15.0	347	348	
619	606.66	805.45	2	0	7.0	23.0	416	328	
620	487.0	1783.96	2	0	8.0	22.0	436	335	
621	1360.23	1768.13	2	0	9.0	21.3	384	304	
622	1390.37	1710.75	2	0	10.0	21.0	384	346	
623	1051.95	2599.79	2	0	10.3	19.0	337	317	
624	1260.67	2186.62	2	0	11.0	17.0	429	358	
625	1372.21	1743.18	2	0	14.0	15.0	384	325	
626	1403.03	1768.13	2	0	7.0	23.0	314	384	
627	1108.55	2623.79	2	0	8.0	22.0	368	337	
628	513.45	2690.75	2	0	9.0	21.3	380	
629	1484.86	2218.65	2	0	10.0	21.0	361	348	
630	508.76	2460.29	2	0	10.3	19.0	407	380	
631	1359.87	2218.65	2	0	11.0	17.0	348	372	
632	487.0	1738.29	2	0	14.0	15.0	436	331	
633	1473.66	1945.18	2	0	7.0	23.0	389	354	
634	542.69	1583.11	2	0	8.0	22.0	355	331	
635	1765.75	2635.49	2	0	9.0	21.3	393	
636	661.05	1504.89	2	0	10.0	21.0	437	374	
637	555.75	775.25	2	0	10.3	19.0	416	
638	1052.12	2690.75	2	0	11.0	17.0	337	
639	972.04	2690.75	2	0	14.0	15.0	312	
640	1423.66	1945.18	2	0	7.0	23.0	414	354	
641	1765.75	2673.77	2	0	8.0	22.0	393	
642	1133.37	2690.75	2	0	9.0	21.3	368	
643	1217.01	737.6	2	0	10.0	21.0	390	375	
644	862.89	766.45	2	0	10.3	19.0	420	426	
645	1349.0	745.36	2	0	11.0	17.0	390	365	
646	1765.75	1966.41	2	0	14.0	15.0	360	
647	877.95	779.99	2	0	7.0	23.0	397	420	
648	1458.79	2093.04	2	0	8.0	22.0	351	347	
649	1245.75	624.0	2	0	9.0	21.3	375	
650	487.0	2587.02	2	0	10.0	21.0	380	
651	555.75	843.97	2	0	10.3	19.0	328	
652	1215.55	805.45	2	0	11.0	17.0	391	329	390	
653	1478.07	2063.97	2	0	14.0	15.0	334	347	
654	1323.22	804.35	2	0	7.0	23.0	329	362	
655	1578.4650000000001	1710.75	2	0	8.0	22.0	300	305	
656	1683.25	1685.175	2	0	9.0	21.3	300	330	
657	1495.46	1668.425	2	0	10.0	21.0	300	339	
658	1576.1	1659.6	2	0	10.3	19.0	300	430	
659	772.8	1971.23	2	0	11.0	17.0	301	359	
660	662.6400000000001	1971.23	2	0	14.0	15.0	301	442	
661	717.73	1875.7199999999998	2	0	7.0	23.0	301	379	
662	717.73	2066.74	2	0	8.0	22.0	301	349	
663	727.42	933.9100000000001	2	0	9.0	21.3	302	318	
664	686.405	875.22	2	0	10.0	21.0	302	428	
665	727.42	1021.0050000000001	2	0	10.3	19.0	302	350	
666	991.16	1971.23	2	0	11.0	17.0	303	319	
667	964.99	1875.7199999999998	2	0	14.0	15.0	303	408	
668	938.8199999999999	1971.23	2	0	7.0	23.0	303	308	
669	964.99	2066.74	2	0	8.0	22.0	303	349	
670	1495.45	1733.6999999999998	2	0	9.0	21.3	305	311	
671	824.75	2214.39	2	0	10.0	21.0	306	320	
672	772.8	2214.39	2	0	10.3	19.0	306	421	
673	798.775	2309.71	2	0	11.0	17.0	306	386	
674	798.775	2119.08	2	0	14.0	15.0	306	349	
675	1419.9299999999998	1209.42	2	0	7.0	23.0	307	431	
676	1449.016051132694	1167.8649496267954	2	0	8.0	22.0	307	366	
677	1372.454954057036	1091.832444766992	2	0	9.0	21.3	307	413	
678	1276.28	1056.95	2	0	10.0	21.0	307	441	
679	1304.455613785168	1189.7076384858988	2	0	10.3	19.0	307	449	
680	1336.75	1209.42	2	0	11.0	17.0	307	449	
681	1215.23	1079.455	2	0	14.0	15.0	307	445	
682	1249.0557204890524	1135.2254152443816	2	0	7.0	23.0	307	445	
683	884.025	1875.7199999999998	2	0	8.0	22.0	308	408	
684	824.75	1971.23	2	0	9.0	21.3	308	359	
685	881.79	2066.74	2	0	10.0	21.0	308	349	
686	929.57	1382.72	2	0	10.3	19.0	309	363	
687	871.71	1391.51	2	0	11.0	17.0	309	444	
688	871.71	1373.93	2	0	14.0	15.0	309	448	
689	813.8599999999999	1382.72	2	0	7.0	23.0	309	350	
690	871.71	1145.42	2	0	8.0	22.0	310	373	
691	929.57	1201.5700000000002	2	0	9.0	21.3	310	363	
692	871.71	1257.72	2	0	10.0	21.0	310	326	
693	813.8599999999999	1201.5700000000002	2	0	10.3	19.0	310	350	
694	1460.42	1733.6999999999998	2	0	11.0	17.0	311	384	
695	996.35	2487.925	2	0	14.0	15.0	312	317	
696	967.585	2376.06	2	0	7.0	23.0	312	386	
697	938.8199999999999	2633.1949999999997	2	0	8.0	22.0	312	423	
698	938.82	2517.965	2	0	9.0	21.3	312	415	
699	938.82	2418.175	2	0	10.0	21.0	312	407	
700	1040.6599999999999	1449.62	2	0	10.3	19.0	313	447	
701	1099.01	1472.3049999999998	2	0	11.0	17.0	313	395	
702	982.3000000000001	1472.3049999999998	2	0	14.0	15.0	313	363	
703	1100.93	2214.39	2	0	7.0	23.0	315	324	
704	991.16	2214.39	2	0	8.0	22.0	315	338	
705	1046.045	2309.71	2	0	9.0	21.3	315	386	
706	1046.045	2119.08	2	0	10.0	21.0	315	349	
707	929.57	1472.3049999999998	2	0	10.3	19.0	316	363	
708	871.71	1449.62	2	0	11.0	17.0	316	444	
709	727.4	1472.3049999999998	2	0	14.0	15.0	316	437	
710	770.635	1449.62	2	0	7.0	23.0	316	350	
711	778.3199999999999	1494.9899999999998	2	0	8.0	22.0	316	323	
712	1108.55	2487.925	2	0	9.0	21.3	317	368	
713	1052.45	2376.06	2	0	10.0	21.0	317	386	
714	768.83	901.54	2	0	10.3	19.0	318	439	
715	748.1299999999999	875.22	2	0	11.0	17.0	318	428	
716	768.83	960.22	2	0	14.0	15.0	318	357	
717	748.1299999999999	992.59	2	0	7.0	23.0	318	350	
718	1100.93	1971.23	2	0	8.0	22.0	319	333	
719	1046.045	1875.7199999999998	2	0	9.0	21.3	319	408	
720	1046.045	2066.74	2	0	10.0	21.0	319	349	
721	938.8199999999999	2214.39	2	0	10.3	19.0	320	338	
722	881.79	2309.71	2	0	11.0	17.0	320	386	
723	881.79	2119.08	2	0	14.0	15.0	320	349	
724	1167.41	1674.415	2	0	7.0	23.0	321	399	
725	1167.41	1762.31	2	0	8.0	22.0	321	353	
726	1069.4900000000002	1635.1	2	0	9.0	21.3	321	377	
727	1098.275	1810.37	2	0	10.0	21.0	321	408	
728	1029.14	1760.215	2	0	10.3	19.0	321	332	
729	597.45	1993.52	2	0	11.0	17.0	322	442	
730	828.75	1716.4499999999998	2	0	14.0	15.0	323	332	
731	727.41	1665.655	2	0	7.0	23.0	323	369	
732	778.3199999999999	1722.84	2	0	8.0	22.0	323	379	
733	1167.41	2168.865	2	0	9.0	21.3	324	427	
734	1167.41	2300.615	2	0	10.0	21.0	324	385	
735	1167.41	2271.03	2	0	10.3	19.0	324	378	
736	1167.41	2234.59	2	0	11.0	17.0	324	372	
737	1134.17	2309.7	2	0	14.0	15.0	324	386	
738	1134.17	2119.08	2	0	7.0	23.0	324	349	
739	929.57	1278.96	2	0	8.0	22.0	326	363	
740	871.71	1300.2	2	0	9.0	21.3	326	448	
741	813.8599999999999	1278.96	2	0	10.0	21.0	326	350	
742	597.45	2146.34	2	0	10.3	19.0	327	442	
743	1276.28	880.75	2	0	11.0	17.0	329	441	
744	1215.23	843.1	2	0	14.0	15.0	329	391	
745	615.7149999999999	1637.69	2	0	7.0	23.0	331	369	
746	636.78	1659.17	2	0	8.0	22.0	331	369	
747	649.4749999999999	1701.745	2	0	9.0	21.3	331	369	
748	629.81	1722.84	2	0	10.0	21.0	331	442	
749	597.45	1743.17	2	0	10.3	19.0	331	442	
750	928.9449999999999	1810.37	2	0	11.0	17.0	332	408	
751	828.75	1766.605	2	0	14.0	15.0	332	379	
752	1167.41	2022.7000000000003	2	0	7.0	23.0	333	427	
753	1167.41	1927.19	2	0	8.0	22.0	333	345	
754	1134.17	1875.7199999999998	2	0	9.0	21.3	333	408	
755	1134.17	2066.74	2	0	10.0	21.0	333	349	
756	597.45	1840.105	2	0	10.3	19.0	335	442	
757	964.99	2309.71	2	0	11.0	17.0	338	386	
758	964.99	2119.08	2	0	14.0	15.0	338	349	
759	1433.74	1661.615	2	0	7.0	23.0	339	346	
760	1495.46	1652.79	2	0	8.0	22.0	339	430	
761	1260.43	1339.81	2	0	9.0	21.3	340	352	
762	1206.4050000000002	1379.43	2	0	10.0	21.0	340	343	
763	1206.4050000000002	1300.2	2	0	10.3	19.0	340	417	
764	1152.39	1339.81	2	0	11.0	17.0	340	395	
765	1369.57	1430.63	2	0	14.0	15.0	343	387	
766	1315.0	1379.42	2	0	7.0	23.0	343	352	
767	1309.4699999999998	1481.83	2	0	8.0	22.0	343	392	
768	1206.87	1438.9299999999998	2	0	9.0	21.3	343	392	
769	1158.375	1396.03	2	0	0.0	24.0	343	392	
770	1152.39	1387.73	2	0	0.0	24.0	343	395	
771	1572.0349999999999	2040.49	2	0	0.0	24.0	344	360	
772	1342.96	1904.35	2	0	0.0	24.0	345	354	
773	1269.015	1978.66	2	0	0.0	24.0	345	429	
774	1181.435	1978.66	2	0	0.0	24.0	345	427	
775	1255.6100000000001	1869.45	2	0	0.0	24.0	345	353	
776	1167.41	2092.91	2	0	0.0	24.0	349	427	
777	798.775	2066.74	2	0	0.0	24.0	349	359	
778	662.6400000000001	2092.91	2	0	0.0	24.0	349	442	
779	717.73	2119.08	2	0	0.0	24.0	349	421	
780	813.8599999999999	1123.69	2	0	0.0	24.0	350	373	
781	813.8599999999999	1047.275	2	0	0.0	24.0	350	446	
782	813.8599999999999	1420.565	2	0	0.0	24.0	350	444	
783	813.8599999999999	1336.995	2	0	0.0	24.0	350	448	
784	727.42	1213.835	2	0	0.0	24.0	350	356	
785	727.4	1414.525	2	0	0.0	24.0	350	437	
786	791.345	992.58	2	0	0.0	24.0	350	357	
787	1369.57	1339.81	2	0	0.0	24.0	352	387	
788	1315.0	1300.2	2	0	0.0	24.0	352	417	
789	1305.46	1714.25	2	0	0.0	24.0	353	401	
790	1217.685	1714.25	2	0	0.0	24.0	353	399	
791	1167.41	1839.9099999999999	2	0	0.0	24.0	353	408	
792	1498.58	1907.45	2	0	0.0	24.0	354	360	
793	1496.57	1875.0500000000002	2	0	0.0	24.0	354	440	
794	1215.23	960.215	2	0	0.0	24.0	357	441	
795	1183.805	992.58	2	0	0.0	24.0	357	445	
796	1125.7	992.58	2	0	0.0	24.0	357	395	
797	1040.6599999999999	992.58	2	0	0.0	24.0	357	418	
798	955.9350000000001	992.58	2	0	0.0	24.0	357	363	
799	871.71	992.58	2	0	0.0	24.0	357	446	
800	1172.555	927.85	2	0	0.0	24.0	357	391	
801	1064.5149999999999	927.85	2	0	0.0	24.0	357	433	
802	948.4449999999999	927.85	2	0	0.0	24.0	357	434	
803	833.29	927.85	2	0	0.0	24.0	357	439	
804	798.775	1875.7199999999998	2	0	0.0	24.0	359	379	
805	1572.0349999999999	1886.92	2	0	0.0	24.0	360	440	
806	982.3000000000001	1420.565	2	0	0.0	24.0	363	447	
807	982.3000000000001	1384.9099999999999	2	0	0.0	24.0	363	402	
808	982.3000000000001	1337.065	2	0	0.0	24.0	363	432	
809	982.3000000000001	1278.96	2	0	0.0	24.0	363	410	
810	982.3000000000001	1201.5700000000002	2	0	0.0	24.0	363	424	
811	982.3000000000001	1123.69	2	0	0.0	24.0	363	388	
812	929.57	1123.69	2	0	0.0	24.0	363	373	
813	982.3000000000001	1047.275	2	0	0.0	24.0	363	418	
814	929.57	1047.275	2	0	0.0	24.0	363	446	
815	929.57	1420.565	2	0	0.0	24.0	363	444	
816	929.57	1336.995	2	0	0.0	24.0	363	448	
817	1267.95	1580.305	2	0	0.0	24.0	367	371	
818	1305.46	1552.14	2	0	0.0	24.0	367	392	
819	1167.4099999999999	2538.54	2	0	0.0	24.0	368	393	
820	1167.4099999999999	2381.195	2	0	0.0	24.0	368	385	
821	1137.98	2376.06	2	0	0.0	24.0	368	386	
822	694.79	1722.84	2	0	0.0	24.0	369	379	
823	1490.86	1460.155	2	0	0.0	24.0	370	387	
824	1267.95	1620.045	2	0	0.0	24.0	371	406	
825	1229.99	1634.58	2	0	0.0	24.0	371	399	
826	1229.99	1552.14	2	0	0.0	24.0	371	392	
827	1181.435	2218.65	2	0	0.0	24.0	372	427	
828	1258.0900000000001	2250.53	2	0	0.0	24.0	372	378	
829	871.71	1101.96	2	0	0.0	24.0	373	446	
830	1182.69	717.4	2	0	0.0	24.0	375	425	
831	1259.69	665.0	2	0	0.0	24.0	375	404	
832	1182.69	662.875	2	0	0.0	24.0	375	411	
833	1490.86	1336.565	2	0	0.0	24.0	376	387	
834	1258.0900000000001	2291.53	2	0	0.0	24.0	378	385	
835	829.23	1843.0449999999998	2	0	0.0	24.0	379	408	
836	662.6400000000001	1799.2799999999997	2	0	0.0	24.0	379	442	
837	1490.86	1233.575	2	0	0.0	24.0	383	431	
838	1490.86	1278.96	2	0	0.0	24.0	383	417	
839	1332.9950000000001	2386.33	2	0	0.0	24.0	385	393	
840	1167.41	2342.885	2	0	0.0	24.0	385	386	
841	662.6400000000001	2342.885	2	0	0.0	24.0	386	442	
842	717.73	2309.71	2	0	0.0	24.0	386	421	
843	800.7349999999999	2376.06	2	0	0.0	24.0	386	407	
844	1369.57	1514.525	2	0	0.0	24.0	387	392	
845	1430.215	1300.2	2	0	0.0	24.0	387	417	
846	1040.6599999999999	1145.42	2	0	0.0	24.0	388	424	
847	1099.01	1123.69	2	0	0.0	24.0	388	395	
848	1040.6599999999999	1101.96	2	0	0.0	24.0	388	418	
849	1215.23	904.3	2	0	0.0	24.0	391	441	
850	1171.71	1494.99	2	0	0.0	24.0	392	443	
851	1152.38	1445.5149999999999	2	0	0.0	24.0	392	395	
852	1633.3	1631.6	2	0	0.0	24.0	394	430	
853	1099.01	1420.565	2	0	0.0	24.0	395	447	
854	1099.01	1384.9099999999999	2	0	0.0	24.0	395	402	
855	1099.01	1337.065	2	0	0.0	24.0	395	432	
856	1152.39	1278.96	2	0	0.0	24.0	395	417	
857	1099.01	1278.96	2	0	0.0	24.0	395	410	
858	1152.39	1214.2649999999999	2	0	0.0	24.0	395	449	
859	1131.115	1494.99	2	0	0.0	24.0	395	443	
860	1099.01	1201.5700000000002	2	0	0.0	24.0	395	424	
861	1152.39	1081.7	2	0	0.0	24.0	395	445	
862	1099.01	1047.275	2	0	0.0	24.0	395	418	
863	1337.33	922.625	2	0	0.0	24.0	398	441	
864	1267.96	1674.415	2	0	0.0	24.0	399	401	
865	597.45	2299.2	2	0	0.0	24.0	400	442	
866	542.225	2376.06	2	0	0.0	24.0	400	407	
867	1305.46	1631.6	2	0	0.0	24.0	401	406	
868	1040.6599999999999	1391.51	2	0	0.0	24.0	402	447	
869	1040.6599999999999	1373.79	2	0	0.0	24.0	402	432	
870	1337.33	1001.96	2	0	0.0	24.0	405	441	
871	630.0450000000001	2376.06	2	0	0.0	24.0	407	442	
872	731.1099999999999	2460.29	2	0	0.0	24.0	407	415	
873	1040.6599999999999	1300.2	2	0	0.0	24.0	410	432	
874	1040.6599999999999	1257.72	2	0	0.0	24.0	410	424	
875	1064.5149999999999	796.6	2	0	0.0	24.0	412	433	
876	1337.33	1048.185	2	0	0.0	24.0	413	441	
877	736.91	2575.64	2	0	0.0	24.0	415	423	
878	1419.93	1257.72	2	0	0.0	24.0	417	431	
879	1250.69	1257.72	2	0	0.0	24.0	417	449	
880	662.6400000000001	2214.39	2	0	0.0	24.0	421	442	
881	1195.46	2082.64	2	0	0.0	24.0	427	429	
882	768.8299999999999	840.335	2	0	0.0	24.0	428	439	
883	1349.0	1233.5700000000002	2	0	0.0	24.0	431	449	
884	1680.33	1747.78	2	0	0.0	24.0	435	440	
885	1215.23	1024.77	2	0	0.0	24.0	441	445	
886	1217.995	1170.81	2	0	0.0	24.0	445	449	
887	1464.6	1661.605	2	1	0.0	24.0	189	339	489	
888	1069.4900000000002	1565.045	2	1	0.0	24.0	227	377	527	
889	1472.505	1974.06	2	1	0.0	24.0	239	389	539	
890	1420.0049999999999	1837.8400000000001	2	1	0.0	24.0	246	396	546	
891	1368.275	1837.8400000000001	2	1	0.0	24.0	253	403	553	
892	1156.29	656.6	2	1	0.0	24.0	261	411	561	
893	1420.0049999999999	1974.06	2	1	0.0	24.0	264	414	564	
894	1470.94	1837.8400000000001	2	1	0.0	24.0	269	419	569	
895	1368.0749999999998	1974.06	2	1	0.0	24.0	272	422	572	
896	1156.29	716.9000000000001	2	1	0.0	24.0	275	425	575	
897	1424.17	1863.18	3	0	7.0	23.0	504	546	
898	1364.46	2017.78	3	0	8.0	22.0	484	514	
899	996.35	2623.59	3	0	9.0	21.3	487	462	
900	1154.94	796.6	3	0	10.0	21.0	541	491	
901	1473.37	1863.18	3	0	10.3	19.0	569	504	
902	795.29	772.95	3	0	11.0	17.0	570	588	
903	594.65	1573.45	3	0	14.0	15.0	519	531	
904	1472.86	2002.94	3	0	7.0	23.0	539	484	
905	1498.58	2234.17	3	0	8.0	22.0	494	511	
906	1280.22	804.35	3	0	9.0	21.3	479	486	
907	1370.97	1863.18	3	0	10.0	21.0	504	553	
908	1369.66	1945.18	3	0	10.3	19.0	504	572	
909	644.74	1547.46	3	0	11.0	17.0	519	524	
910	1513.77	1547.23	3	0	14.0	15.0	492	520	
911	645.39	828.37	3	0	7.0	23.0	578	478	
912	1562.02	1471.01	3	0	8.0	22.0	544	520	
913	691.13	1378.25	3	0	9.0	21.3	506	587	
914	693.08	805.45	3	0	10.0	21.0	578	570	
915	1376.5	1631.6	3	0	10.3	19.0	496	559	
916	713.1	758.41	3	0	11.0	17.0	570	532	
917	1476.87	2136.23	3	0	14.0	15.0	497	498	
918	606.66	805.45	3	0	7.0	23.0	566	478	
919	487.0	1783.96	3	0	8.0	22.0	586	485	
920	1360.23	1768.13	3	0	9.0	21.3	534	454	
921	1390.37	1710.75	3	0	10.0	21.0	534	496	
922	1051.95	2599.79	3	0	10.3	19.0	487	467	
923	1260.67	2186.62	3	0	11.0	17.0	579	508	
924	1372.21	1743.18	3	0	14.0	15.0	534	475	
925	1403.03	1768.13	3	0	7.0	23.0	464	534	
926	1108.55	2623.79	3	0	8.0	22.0	518	487	
927	513.45	2690.75	3	0	9.0	21.3	530	
928	1484.86	2218.65	3	0	10.0	21.0	511	498	
929	508.76	2460.29	3	0	10.3	19.0	557	530	
930	1359.87	2218.65	3	0	11.0	17.0	498	522	
931	487.0	1738.29	3	0	14.0	15.0	586	481	
932	1473.66	1945.18	3	0	7.0	23.0	539	504	
933	542.69	1583.11	3	0	8.0	22.0	505	481	
934	1765.75	2635.49	3	0	9.0	21.3	543	
935	661.05	1504.89	3	0	10.0	21.0	587	524	
936	555.75	775.25	3	0	10.3	19.0	566	
937	1052.12	2690.75	3	0	11.0	17.0	487	
938	972.04	2690.75	3	0	14.0	15.0	462	
939	1423.66	1945.18	3	0	7.0	23.0	564	504	
940	1765.75	2673.77	3	0	8.0	22.0	543	
941	1133.37	2690.75	3	0	9.0	21.3	518	
942	1217.01	737.6	3	0	10.0	21.0	540	525	
943	862.89	766.45	3	0	10.3	19.0	570	576	
944	1349.0	745.36	3	0	11.0	17.0	540	515	
945	1765.75	1966.41	3	0	14.0	15.0	510	
946	877.95	779.99	3	0	7.0	23.0	547	570	
947	1458.79	2093.04	3	0	8.0	22.0	501	497	
948	1245.75	624.0	3	0	9.0	21.3	525	
949	487.0	2587.02	3	0	10.0	21.0	530	
950	555.75	843.97	3	0	10.3	19.0	478	
951	1215.55	805.45	3	0	11.0	17.0	541	479	540	
952	1478.07	2063.97	3	0	14.0	15.0	484	497	
953	1323.22	804.35	3	0	7.0	23.0	479	512	
954	1578.4650000000001	1710.75	3	0	8.0	22.0	450	455	
955	1683.25	1685.175	3	0	9.0	21.3	450	480	
956	1495.46	1668.425	3	0	10.0	21.0	450	489	
957	1576.1	1659.6	3	0	10.3	19.0	450	580	
958	772.8	1971.23	3	0	11.0	17.0	451	509	
959	662.6400000000001	1971.23	3	0	14.0	15.0	451	592	
960	717.73	1875.7199999999998	3	0	7.0	23.0	451	529	
961	717.73	2066.74	3	0	8.0	22.0	451	499	
962	727.42	933.9100000000001	3	0	9.0	21.3	452	468	
963	686.405	875.22	3	0	10.0	21.0	452	578	
964	727.42	1021.0050000000001	3	0	10.3	19.0	452	500	
965	991.16	1971.23	3	0	11.0	17.0	453	469	
966	964.99	1875.7199999999998	3	0	14.0	15.0	453	558	
967	938.8199999999999	1971.23	3	0	7.0	23.0	453	458	
968	964.99	2066.74	3	0	8.0	22.0	453	499	
969	1495.45	1733.6999999999998	3	0	9.0	21.3	455	461	
970	824.75	2214.39	3	0	10.0	21.0	456	470	
971	772.8	2214.39	3	0	10.3	19.0	456	571	
972	798.775	2309.71	3	0	11.0	17.0	456	536	
973	798.775	2119.08	3	0	14.0	15.0	456	499	
974	1419.9299999999998	1209.42	3	0	7.0	23.0	457	581	
975	1449.016051132694	1167.8649496267954	3	0	8.0	22.0	457	516	
976	1372.454954057036	1091.832444766992	3	0	9.0	21.3	457	563	
977	1276.28	1056.95	3	0	10.0	21.0	457	591	
978	1304.455613785168	1189.7076384858988	3	0	10.3	19.0	457	599	
979	1336.75	1209.42	3	0	11.0	17.0	457	599	
980	1215.23	1079.455	3	0	14.0	15.0	457	595	
981	1249.0557204890524	1135.2254152443816	3	0	7.0	23.0	457	595	
982	884.025	1875.7199999999998	3	0	8.0	22.0	458	558	
983	824.75	1971.23	3	0	9.0	21.3	458	509	
984	881.79	2066.74	3	0	10.0	21.0	458	499	
985	929.57	1382.72	3	0	10.3	19.0	459	513	
986	871.71	1391.51	3	0	11.0	17.0	459	594	
987	871.71	1373.93	3	0	14.0	15.0	459	598	
988	813.8599999999999	1382.72	3	0	7.0	23.0	459	500	
989	871.71	1145.42	3	0	8.0	22.0	460	523	
990	929.57	1201.5700000000002	3	0	9.0	21.3	460	513	
991	871.71	1257.72	3	0	10.0	21.0	460	476	
992	813.8599999999999	1201.5700000000002	3	0	10.3	19.0	460	500	
993	1460.42	1733.6999999999998	3	0	11.0	17.0	461	534	
994	996.35	2487.925	3	0	14.0	15.0	462	467	
995	967.585	2376.06	3	0	7.0	23.0	462	536	
996	938.8199999999999	2633.1949999999997	3	0	8.0	22.0	462	573	
997	938.82	2517.965	3	0	9.0	21.3	462	565	
998	938.82	2418.175	3	0	10.0	21.0	462	557	
999	1040.6599999999999	1449.62	3	0	10.3	19.0	463	597	
1000	1099.01	1472.3049999999998	3	0	11.0	17.0	463	545	
1001	982.3000000000001	1472.3049999999998	3	0	14.0	15.0	463	513	
1002	1100.93	2214.39	3	0	7.0	23.0	465	474	
1003	991.16	2214.39	3	0	8.0	22.0	465	488	
1004	1046.045	2309.71	3	0	9.0	21.3	465	536	
1005	1046.045	2119.08	3	0	10.0	21.0	465	499	
1006	929.57	1472.3049999999998	3	0	10.3	19.0	466	513	
1007	871.71	1449.62	3	0	11.0	17.0	466	594	
1008	727.4	1472.3049999999998	3	0	14.0	15.0	466	587	
1009	770.635	1449.62	3	0	7.0	23.0	466	500	
1010	778.3199999999999	1494.9899999999998	3	0	8.0	22.0	466	473	
1011	1108.55	2487.925	3	0	9.0	21.3	467	518	
1012	1052.45	2376.06	3	0	10.0	21.0	467	536	
1013	768.83	901.54	3	0	10.3	19.0	468	589	
1014	748.1299999999999	875.22	3	0	11.0	17.0	468	578	
1015	768.83	960.22	3	0	14.0	15.0	468	507	
1016	748.1299999999999	992.59	3	0	7.0	23.0	468	500	
1017	1100.93	1971.23	3	0	8.0	22.0	469	483	
1018	1046.045	1875.7199999999998	3	0	9.0	21.3	469	558	
1019	1046.045	2066.74	3	0	10.0	21.0	469	499	
1020	938.8199999999999	2214.39	3	0	10.3	19.0	470	488	
1021	881.79	2309.71	3	0	11.0	17.0	470	536	
1022	881.79	2119.08	3	0	14.0	15.0	470	499	
1023	1167.41	1674.415	3	0	7.0	23.0	471	549	
1024	1167.41	1762.31	3	0	8.0	22.0	471	503	
1025	1069.4900000000002	1635.1	3	0	9.0	21.3	471	527	
1026	1098.275	1810.37	3	0	10.0	21.0	471	558	
1027	1029.14	1760.215	3	0	10.3	19.0	471	482	
1028	597.45	1993.52	3	0	11.0	17.0	472	592	
1029	828.75	1716.4499999999998	3	0	14.0	15.0	473	482	
1030	727.41	1665.655	3	0	7.0	23.0	473	519	
1031	778.3199999999999	1722.84	3	0	8.0	22.0	473	529	
1032	1167.41	2168.865	3	0	9.0	21.3	474	577	
1033	1167.41	2300.615	3	0	10.0	21.0	474	535	
1034	1167.41	2271.03	3	0	10.3	19.0	474	528	
1035	1167.41	2234.59	3	0	11.0	17.0	474	522	
1036	1134.17	2309.7	3	0	14.0	15.0	474	536	
1037	1134.17	2119.08	3	0	7.0	23.0	474	499	
1038	929.57	1278.96	3	0	8.0	22.0	476	513	
1039	871.71	1300.2	3	0	9.0	21.3	476	598	
1040	813.8599999999999	1278.96	3	0	10.0	21.0	476	500	
1041	597.45	2146.34	3	0	10.3	19.0	477	592	
1042	1276.28	880.75	3	0	11.0	17.0	479	591	
1043	1215.23	843.1	3	0	14.0	15.0	479	541	
1044	615.7149999999999	1637.69	3	0	7.0	23.0	481	519	
1045	636.78	1659.17	3	0	8.0	22.0	481	519	
1046	649.4749999999999	1701.745	3	0	9.0	21.3	481	519	
1047	629.81	1722.84	3	0	10.0	21.0	481	592	
1048	597.45	1743.17	3	0	10.3	19.0	481	592	
1049	928.9449999999999	1810.37	3	0	11.0	17.0	482	558	
1050	828.75	1766.605	3	0	14.0	15.0	482	529	
1051	1167.41	2022.7000000000003	3	0	7.0	23.0	483	577	
1052	1167.41	1927.19	3	0	8.0	22.0	483	495	
1053	1134.17	1875.7199999999998	3	0	9.0	21.3	483	558	
1054	1134.17	2066.74	3	0	10.0	21.0	483	499	
1055	597.45	1840.105	3	0	10.3	19.0	485	592	
1056	964.99	2309.71	3	0	11.0	17.0	488	536	
1057	964.99	2119.08	3	0	14.0	15.0	488	499	
1058	1433.74	1661.615	3	0	7.0	23.0	489	496	
1059	1495.46	1652.79	3	0	8.0	22.0	489	580	
1060	1260.43	1339.81	3	0	9.0	21.3	490	502	
1061	1206.4050000000002	1379.43	3	0	10.0	21.0	490	493	
1062	1206.4050000000002	1300.2	3	0	10.3	19.0	490	567	
1063	1152.39	1339.81	3	0	11.0	17.0	490	545	
1064	1369.57	1430.63	3	0	14.0	15.0	493	537	
1065	1315.0	1379.42	3	0	7.0	23.0	493	502	
1066	1309.4699999999998	1481.83	3	0	8.0	22.0	493	542	
1067	1206.87	1438.9299999999998	3	0	9.0	21.3	493	542	
1068	1158.375	1396.03	3	0	0.0	24.0	493	542	
1069	1152.39	1387.73	3	0	0.0	24.0	493	545	
1070	1572.0349999999999	2040.49	3	0	0.0	24.0	494	510	
1071	1342.96	1904.35	3	0	0.0	24.0	495	504	
1072	1269.015	1978.66	3	0	0.0	24.0	495	579	
1073	1181.435	1978.66	3	0	0.0	24.0	495	577	
1074	1255.6100000000001	1869.45	3	0	0.0	24.0	495	503	
1075	1167.41	2092.91	3	0	0.0	24.0	499	577	
1076	798.775	2066.74	3	0	0.0	24.0	499	509	
1077	662.6400000000001	2092.91	3	0	0.0	24.0	499	592	
1078	717.73	2119.08	3	0	0.0	24.0	499	571	
1079	813.8599999999999	1123.69	3	0	0.0	24.0	500	523	
1080	813.8599999999999	1047.275	3	0	0.0	24.0	500	596	
1081	813.8599999999999	1420.565	3	0	0.0	24.0	500	594	
1082	813.8599999999999	1336.995	3	0	0.0	24.0	500	598	
1083	727.42	1213.835	3	0	0.0	24.0	500	506	
1084	727.4	1414.525	3	0	0.0	24.0	500	587	
1085	791.345	992.58	3	0	0.0	24.0	500	507	
1086	1369.57	1339.81	3	0	0.0	24.0	502	537	
1087	1315.0	1300.2	3	0	0.0	24.0	502	567	
1088	1305.46	1714.25	3	0	0.0	24.0	503	551	
1089	1217.685	1714.25	3	0	0.0	24.0	503	549	
1090	1167.41	1839.9099999999999	3	0	0.0	24.0	503	558	
1091	1498.58	1907.45	3	0	0.0	24.0	504	510	
1092	1496.57	1875.0500000000002	3	0	0.0	24.0	504	590	
1093	1215.23	960.215	3	0	0.0	24.0	507	591	
1094	1183.805	992.58	3	0	0.0	24.0	507	595	
1095	1125.7	992.58	3	0	0.0	24.0	507	545	
1096	1040.6599999999999	992.58	3	0	0.0	24.0	507	568	
1097	955.9350000000001	992.58	3	0	0.0	24.0	507	513	
1098	871.71	992.58	3	0	0.0	24.0	507	596	
1099	1172.555	927.85	3	0	0.0	24.0	507	541	
1100	1064.5149999999999	927.85	3	0	0.0	24.0	507	583	
1101	948.4449999999999	927.85	3	0	0.0	24.0	507	584	
1102	833.29	927.85	3	0	0.0	24.0	507	589	
1103	798.775	1875.7199999999998	3	0	0.0	24.0	509	529	
1104	1572.0349999999999	1886.92	3	0	0.0	24.0	510	590	
1105	982.3000000000001	1420.565	3	0	0.0	24.0	513	597	
1106	982.3000000000001	1384.9099999999999	3	0	0.0	24.0	513	552	
1107	982.3000000000001	1337.065	3	0	0.0	24.0	513	582	
1108	982.3000000000001	1278.96	3	0	0.0	24.0	513	560	
1109	982.3000000000001	1201.5700000000002	3	0	0.0	24.0	513	574	
1110	982.3000000000001	1123.69	3	0	0.0	24.0	513	538	
1111	929.57	1123.69	3	0	0.0	24.0	513	523	
1112	982.3000000000001	1047.275	3	0	0.0	24.0	513	568	
1113	929.57	1047.275	3	0	0.0	24.0	513	596	
1114	929.57	1420.565	3	0	0.0	24.0	513	594	
1115	929.57	1336.995	3	0	0.0	24.0	513	598	
1116	1267.95	1580.305	3	0	0.0	24.0	517	521	
1117	1305.46	1552.14	3	0	0.0	24.0	517	542	
1118	1167.4099999999999	2538.54	3	0	0.0	24.0	518	543	
1119	1167.4099999999999	2381.195	3	0	0.0	24.0	518	535	
1120	1137.98	2376.06	3	0	0.0	24.0	518	536	
1121	694.79	1722.84	3	0	0.0	24.0	519	529	
1122	1490.86	1460.155	3	0	0.0	24.0	520	537	
1123	1267.95	1620.045	3	0	0.0	24.0	521	556	
1124	1229.99	1634.58	3	0	0.0	24.0	521	549	
1125	1229.99	1552.14	3	0	0.0	24.0	521	542	
1126	1181.435	2218.65	3	0	0.0	24.0	522	577	
1127	1258.0900000000001	2250.53	3	0	0.0	24.0	522	528	
1128	871.71	1101.96	3	0	0.0	24.0	523	596	
1129	1182.69	717.4	3	0	0.0	24.0	525	575	
1130	1259.69	665.0	3	0	0.0	24.0	525	554	
1131	1182.69	662.875	3	0	0.0	24.0	525	561	
1132	1490.86	1336.565	3	0	0.0	24.0	526	537	
1133	1258.0900000000001	2291.53	3	0	0.0	24.0	528	535	
1134	829.23	1843.0449999999998	3	0	0.0	24.0	529	558	
1135	662.6400000000001	1799.2799999999997	3	0	0.0	24.0	529	592	
1136	1490.86	1233.575	3	0	0.0	24.0	533	581	
1137	1490.86	1278.96	3	0	0.0	24.0	533	567	
1138	1332.9950000000001	2386.33	3	0	0.0	24.0	535	543	
1139	1167.41	2342.885	3	0	0.0	24.0	535	536	
1140	662.6400000000001	2342.885	3	0	0.0	24.0	536	592	
1141	717.73	2309.71	3	0	0.0	24.0	536	571	
1142	800.7349999999999	2376.06	3	0	0.0	24.0	536	557	
1143	1369.57	1514.525	3	0	0.0	24.0	537	542	
1144	1430.215	1300.2	3	0	0.0	24.0	537	567	
1145	1040.6599999999999	1145.42	3	0	0.0	24.0	538	574	
1146	1099.01	1123.69	3	0	0.0	24.0	538	545	
1147	1040.6599999999999	1101.96	3	0	0.0	24.0	538	568	
1148	1215.23	904.3	3	0	0.0	24.0	541	591	
1149	1171.71	1494.99	3	0	0.0	24.0	542	593	
1150	1152.38	1445.5149999999999	3	0	0.0	24.0	542	545	
1151	1633.3	1631.6	3	0	0.0	24.0	544	580	
1152	1099.01	1420.565	3	0	0.0	24.0	545	597	
1153	1099.01	1384.9099999999999	3	0	0.0	24.0	545	552	
1154	1099.01	1337.065	3	0	0.0	24.0	545	582	
1155	1152.39	1278.96	3	0	0.0	24.0	545	567	
1156	1099.01	1278.96	3	0	0.0	24.0	545	560	
1157	1152.39	1214.2649999999999	3	0	0.0	24.0	545	599	
1158	1131.115	1494.99	3	0	0.0	24.0	545	593	
1159	1099.01	1201.5700000000002	3	0	0.0	24.0	545	574	
1160	1152.39	1081.7	3	0	0.0	24.0	545	595	
1161	1099.01	1047.275	3	0	0.0	24.0	545	568	
1162	1337.33	922.625	3	0	0.0	24.0	548	591	
1163	1267.96	1674.415	3	0	0.0	24.0	549	551	
1164	597.45	2299.2	3	0	0.0	24.0	550	592	
1165	542.225	2376.06	3	0	0.0	24.0	550	557	
1166	1305.46	1631.6	3	0	0.0	24.0	551	556	
1167	1040.6599999999999	1391.51	3	0	0.0	24.0	552	597	
1168	1040.6599999999999	1373.79	3	0	0.0	24.0	552	582	
1169	1337.33	1001.96	3	0	0.0	24.0	555	591	
1170	630.0450000000001	2376.06	3	0	0.0	24.0	557	592	
1171	731.1099999999999	2460.29	3	0	0.0	24.0	557	565	
1172	1040.6599999999999	1300.2	3	0	0.0	24.0	560	582	
1173	1040.6599999999999	1257.72	3	0	0.0	24.0	560	574	
1174	1064.5149999999999	796.6	3	0	0.0	24.0	562	583	
1175	1337.33	1048.185	3	0	0.0	24.0	563	591	
1176	736.91	2575.64	3	0	0.0	24.0	565	573	
1177	1419.93	1257.72	3	0	0.0	24.0	567	581	
1178	1250.69	1257.72	3	0	0.0	24.0	567	599	
1179	662.6400000000001	2214.39	3	0	0.0	24.0	571	592	
1180	1195.46	2082.64	3	0	0.0	24.0	577	579	
1181	768.8299999999999	840.335	3	0	0.0	24.0	578	589	
1182	1349.0	1233.5700000000002	3	0	0.0	24.0	581	599	
1183	1680.33	1747.78	3	0	0.0	24.0	585	590	
1184	1215.23	1024.77	3	0	0.0	24.0	591	595	
1185	1217.995	1170.81	3	0	0.0	24.0	595	599	
1186	1464.6	1661.605	3	1	0.0	24.0	339	489	639	
1187	1069.4900000000002	1565.045	3	1	0.0	24.0	377	527	677	
1188	1472.505	1974.06	3	1	0.0	24.0	389	539	689	
1189	1420.0049999999999	1837.8400000000001	3	1	0.0	24.0	396	546	696	
1190	1368.275	1837.8400000000001	3	1	0.0	24.0	403	553	703	
1191	1156.29	656.6	3	1	0.0	24.0	411	561	711	
1192	1420.0049999999999	1974.06	3	1	0.0	24.0	414	564	714	
1193	1470.94	1837.8400000000001	3	1	0.0	24.0	419	569	719	
1194	1368.0749999999998	1974.06	3	1	0.0	24.0	422	572	722	
1195	1156.29	716.9000000000001	3	1	0.0	24.0	425	575	725	
1196	1424.17	1863.18	4	0	7.0	23.0	654	696	
1197	1364.46	2017.78	4	0	8.0	22.0	634	664	
1198	996.35	2623.59	4	0	9.0	21.3	637	612	
1199	1154.94	796.6	4	0	10.0	21.0	691	641	
1200	1473.37	1863.18	4	0	10.3	19.0	719	654	
1201	795.29	772.95	4	0	11.0	17.0	720	738	
1202	594.65	1573.45	4	0	14.0	15.0	669	681	
1203	1472.86	2002.94	4	0	7.0	23.0	689	634	
1204	1498.58	2234.17	4	0	8.0	22.0	644	661	
1205	1280.22	804.35	4	0	9.0	21.3	629	636	
1206	1370.97	1863.18	4	0	10.0	21.0	654	703	
1207	1369.66	1945.18	4	0	10.3	19.0	654	722	
1208	644.74	1547.46	4	0	11.0	17.0	669	674	
1209	1513.77	1547.23	4	0	14.0	15.0	642	670	
1210	645.39	828.37	4	0	7.0	23.0	728	628	
1211	1562.02	1471.01	4	0	8.0	22.0	694	670	
1212	691.13	1378.25	4	0	9.0	21.3	656	737	
1213	693.08	805.45	4	0	10.0	21.0	728	720	
1214	1376.5	1631.6	4	0	10.3	19.0	646	709	
1215	713.1	758.41	4	0	11.0	17.0	720	682	
1216	1476.87	2136.23	4	0	14.0	15.0	647	648	
1217	606.66	805.45	4	0	7.0	23.0	716	628	
1218	487.0	1783.96	4	0	8.0	22.0	736	635	
1219	1360.23	1768.13	4	0	9.0	21.3	684	604	
1220	1390.37	1710.75	4	0	10.0	21.0	684	646	
1221	1051.95	2599.79	4	0	10.3	19.0	637	617	
1222	1260.67	2186.62	4	0	11.0	17.0	729	658	
1223	1372.21	1743.18	4	0	14.0	15.0	684	625	
1224	1403.03	1768.13	4	0	7.0	23.0	614	684	
1225	1108.55	2623.79	4	0	8.0	22.0	668	637	
1226	513.45	2690.75	4	0	9.0	21.3	680	
1227	1484.86	2218.65	4	0	10.0	21.0	661	648	
1228	508.76	2460.29	4	0	10.3	19.0	707	680	
1229	1359.87	2218.65	4	0	11.0	17.0	648	672	
1230	487.0	1738.29	4	0	14.0	15.0	736	631	
1231	1473.66	1945.18	4	0	7.0	23.0	689	654	
1232	542.69	1583.11	4	0	8.0	22.0	655	631	
1233	1765.75	2635.49	4	0	9.0	21.3	693	
1234	661.05	1504.89	4	0	10.0	21.0	737	674	
1235	555.75	775.25	4	0	10.3	19.0	716	
1236	1052.12	2690.75	4	0	11.0	17.0	637	
1237	972.04	2690.75	4	0	14.0	15.0	612	
1238	1423.66	1945.18	4	0	7.0	23.0	714	654	
1239	1765.75	2673.77	4	0	8.0	22.0	693	
1240	1133.37	2690.75	4	0	9.0	21.3	668	
1241	1217.01	737.6	4	0	10.0	21.0	690	675	
1242	862.89	766.45	4	0	10.3	19.0	720	726	
1243	1349.0	745.36	4	0	11.0	17.0	690	665	
1244	1765.75	1966.41	4	0	14.0	15.0	660	
1245	877.95	779.99	4	0	7.0	23.0	697	720	
1246	1458.79	2093.04	4	0	8.0	22.0	651	647	
1247	1245.75	624.0	4	0	9.0	21.3	675	
1248	487.0	2587.02	4	0	10.0	21.0	680	
1249	555.75	843.97	4	0	10.3	19.0	628	
1250	1215.55	805.45	4	0	11.0	17.0	691	629	690	
1251	1478.07	2063.97	4	0	14.0	15.0	634	647	
1252	1323.22	804.35	4	0	7.0	23.0	629	662	
1253	1578.4650000000001	1710.75	4	0	8.0	22.0	600	605	
1254	1683.25	1685.175	4	0	9.0	21.3	600	630	
1255	1495.46	1668.425	4	0	10.0	21.0	600	639	
1256	1576.1	1659.6	4	0	10.3	19.0	600	730	
1257	772.8	1971.23	4	0	11.0	17.0	601	659	
1258	662.6400000000001	1971.23	4	0	14.0	15.0	601	742	
1259	717.73	1875.7199999999998	4	0	7.0	23.0	601	679	
1260	717.73	2066.74	4	0	8.0	22.0	601	649	
1261	727.42	933.9100000000001	4	0	9.0	21.3	602	618	
1262	686.405	875.22	4	0	10.0	21.0	602	728	
1263	727.42	1021.0050000000001	4	0	10.3	19.0	602	650	
1264	991.16	1971.23	4	0	11.0	17.0	603	619	
1265	964.99	1875.7199999999998	4	0	14.0	15.0	603	708	
1266	938.8199999999999	1971.23	4	0	7.0	23.0	603	608	
1267	964.99	2066.74	4	0	8.0	22.0	603	649	
1268	1495.45	1733.6999999999998	4	0	9.0	21.3	605	611	
1269	824.75	2214.39	4	0	10.0	21.0	606	620	
1270	772.8	2214.39	4	0	10.3	19.0	606	721	
1271	798.775	2309.71	4	0	11.0	17.0	606	686	
1272	798.775	2119.08	4	0	14.0	15.0	606	649	
1273	1419.9299999999998	1209.42	4	0	7.0	23.0	607	731	
1274	1449.016051132694	1167.8649496267954	4	0	8.0	22.0	607	666	
1275	1372.454954057036	1091.832444766992	4	0	9.0	21.3	607	713	
1276	1276.28	1056.95	4	0	10.0	21.0	607	741	
1277	1304.455613785168	1189.7076384858988	4	0	10.3	19.0	607	749	
1278	1336.75	1209.42	4	0	11.0	17.0	607	749	
1279	1215.23	1079.455	4	0	14.0	15.0	607	745	
1280	1249.0557204890524	1135.2254152443816	4	0	7.0	23.0	607	745	
1281	884.025	1875.7199999999998	4	0	8.0	22.0	608	708	
1282	824.75	1971.23	4	0	9.0	21.3	608	659	
1283	881.79	2066.74	4	0	10.0	21.0	608	649	
1284	929.57	1382.72	4	0	10.3	19.0	609	663	
1285	871.71	1391.51	4	0	11.0	17.0	609	744	
1286	871.71	1373.93	4	0	14.0	15.0	609	748	
1287	813.8599999999999	1382.72	4	0	7.0	23.0	609	650	
1288	871.71	1145.42	4	0	8.0	22.0	610	673	
1289	929.57	1201.5700000000002	4	0	9.0	21.3	610	663	
1290	871.71	1257.72	4	0	10.0	21.0	610	626	
1291	813.8599999999999	1201.5700000000002	4	0	10.3	19.0	610	650	
1292	1460.42	1733.6999999999998	4	0	11.0	17.0	611	684	
1293	996.35	2487.925	4	0	14.0	15.0	612	617	
1294	967.585	2376.06	4	0	7.0	23.0	612	686	
1295	938.8199999999999	2633.1949999999997	4	0	8.0	22.0	612	723	
1296	938.82	2517.965	4	0	9.0	21.3	612	715	
1297	938.82	2418.175	4	0	10.0	21.0	612	707	
1298	1040.6599999999999	1449.62	4	0	10.3	19.0	613	747	
1299	1099.01	1472.3049999999998	4	0	11.0	17.0	613	695	
1300	982.3000000000001	1472.3049999999998	4	0	14.0	15.0	613	663	
1301	1100.93	2214.39	4	0	7.0	23.0	615	624	
1302	991.16	2214.39	4	0	8.0	22.0	615	638	
1303	1046.045	2309.71	4	0	9.0	21.3	615	686	
1304	1046.045	2119.08	4	0	10.0	21.0	615	649	
1305	929.57	1472.3049999999998	4	0	10.3	19.0	616	663	
1306	871.71	1449.62	4	0	11.0	17.0	616	744	
1307	727.4	1472.3049999999998	4	0	14.0	15.0	616	737	
1308	770.635	1449.62	4	0	7.0	23.0	616	650	
1309	778.3199999999999	1494.9899999999998	4	0	8.0	22.0	616	623	
1310	1108.55	2487.925	4	0	9.0	21.3	617	668	
1311	1052.45	2376.06	4	0	10.0	21.0	617	686	
1312	768.83	901.54	4	0	10.3	19.0	618	739	
1313	748.1299999999999	875.22	4	0	11.0	17.0	618	728	
1314	768.83	960.22	4	0	14.0	15.0	618	657	
1315	748.1299999999999	992.59	4	0	7.0	23.0	618	650	
1316	1100.93	1971.23	4	0	8.0	22.0	619	633	
1317	1046.045	1875.7199999999998	4	0	9.0	21.3	619	708	
1318	1046.045	2066.74	4	0	10.0	21.0	619	649	
1319	938.8199999999999	2214.39	4	0	10.3	19.0	620	638	
1320	881.79	2309.71	4	0	11.0	17.0	620	686	
1321	881.79	2119.08	4	0	14.0	15.0	620	649	
1322	1167.41	1674.415	4	0	7.0	23.0	621	699	
1323	1167.41	1762.31	4	0	8.0	22.0	621	653	
1324	1069.4900000000002	1635.1	4	0	9.0	21.3	621	677	
1325	1098.275	1810.37	4	0	10.0	21.0	621	708	
1326	1029.14	1760.215	4	0	10.3	19.0	621	632	
1327	597.45	1993.52	4	0	11.0	17.0	622	742	
1328	828.75	1716.4499999999998	4	0	14.0	15.0	623	632	
1329	727.41	1665.655	4	0	7.0	23.0	623	669	
1330	778.3199999999999	1722.84	4	0	8.0	22.0	623	679	
1331	1167.41	2168.865	4	0	9.0	21.3	624	727	
1332	1167.41	2300.615	4	0	10.0	21.0	624	685	
1333	1167.41	2271.03	4	0	10.3	19.0	624	678	
1334	1167.41	2234.59	4	0	11.0	17.0	624	672	
1335	1134.17	2309.7	4	0	14.0	15.0	624	686	
1336	1134.17	2119.08	4	0	7.0	23.0	624	649	
1337	929.57	1278.96	4	0	8.0	22.0	626	663	
1338	871.71	1300.2	4	0	9.0	21.3	626	748	
1339	813.8599999999999	1278.96	4	0	10.0	21.0	626	650	
1340	597.45	2146.34	4	0	10.3	19.0	627	742	
1341	1276.28	880.75	4	0	11.0	17.0	629	741	
1342	1215.23	843.1	4	0	14.0	15.0	629	691	
1343	615.7149999999999	1637.69	4	0	7.0	23.0	631	669	
1344	636.78	1659.17	4	0	8.0	22.0	631	669	
1345	649.4749999999999	1701.745	4	0	9.0	21.3	631	669	
1346	629.81	1722.84	4	0	10.0	21.0	631	742	
1347	597.45	1743.17	4	0	10.3	19.0	631	742	
1348	928.9449999999999	1810.37	4	0	11.0	17.0	632	708	
1349	828.75	1766.605	4	0	14.0	15.0	632	679	
1350	1167.41	2022.7000000000003	4	0	7.0	23.0	633	727	
1351	1167.41	1927.19	4	0	8.0	22.0	633	645	
1352	1134.17	1875.7199999999998	4	0	9.0	21.3	633	708	
1353	1134.17	2066.74	4	0	10.0	21.0	633	649	
1354	597.45	1840.105	4	0	10.3	19.0	635	742	
1355	964.99	2309.71	4	0	11.0	17.0	638	686	
1356	964.99	2119.08	4	0	14.0	15.0	638	649	
1357	1433.74	1661.615	4	0	7.0	23.0	639	646	
1358	1495.46	1652.79	4	0	8.0	22.0	639	730	
1359	1260.43	1339.81	4	0	9.0	21.3	640	652	
1360	1206.4050000000002	1379.43	4	0	10.0	21.0	640	643	
1361	1206.4050000000002	1300.2	4	0	10.3	19.0	640	717	
1362	1152.39	1339.81	4	0	11.0	17.0	640	695	
1363	1369.57	1430.63	4	0	14.0	15.0	643	687	
1364	1315.0	1379.42	4	0	7.0	23.0	643	652	
1365	1309.4699999999998	1481.83	4	0	8.0	22.0	643	692	
1366	1206.87	1438.9299999999998	4	0	9.0	21.3	643	692	
1367	1158.375	1396.03	4	0	0.0	24.0	643	692	
1368	1152.39	1387.73	4	0	0.0	24.0	643	695	
1369	1572.0349999999999	2040.49	4	0	0.0	24.0	644	660	
1370	1342.96	1904.35	4	0	0.0	24.0	645	654	
1371	1269.015	1978.66	4	0	0.0	24.0	645	729	
1372	1181.435	1978.66	4	0	0.0	24.0	645	727	
1373	1255.6100000000001	1869.45	4	0	0.0	24.0	645	653	
1374	1167.41	2092.91	4	0	0.0	24.0	649	727	
1375	798.775	2066.74	4	0	0.0	24.0	649	659	
1376	662.6400000000001	2092.91	4	0	0.0	24.0	649	742	
1377	717.73	2119.08	4	0	0.0	24.0	649	721	
1378	813.8599999999999	1123.69	4	0	0.0	24.0	650	673	
1379	813.8599999999999	1047.275	4	0	0.0	24.0	650	746	
1380	813.8599999999999	1420.565	4	0	0.0	24.0	650	744	
1381	813.8599999999999	1336.995	4	0	0.0	24.0	650	748	
1382	727.42	1213.835	4	0	0.0	24.0	650	656	
1383	727.4	1414.525	4	0	0.0	24.0	650	737	
1384	791.345	992.58	4	0	0.0	24.0	650	657	
1385	1369.57	1339.81	4	0	0.0	24.0	652	687	
1386	1315.0	1300.2	4	0	0.0	24.0	652	717	
1387	1305.46	1714.25	4	0	0.0	24.0	653	701	
1388	1217.685	1714.25	4	0	0.0	24.0	653	699	
1389	1167.41	1839.9099999999999	4	0	0.0	24.0	653	708	
1390	1498.58	1907.45	4	0	0.0	24.0	654	660	
1391	1496.57	1875.0500000000002	4	0	0.0	24.0	654	740	
1392	1215.23	960.215	4	0	0.0	24.0	657	741	
1393	1183.805	992.58	4	0	0.0	24.0	657	745	
1394	1125.7	992.58	4	0	0.0	24.0	657	695	
1395	1040.6599999999999	992.58	4	0	0.0	24.0	657	718	
1396	955.9350000000001	992.58	4	0	0.0	24.0	657	663	
1397	871.71	992.58	4	0	0.0	24.0	657	746	
1398	1172.555	927.85	4	0	0.0	24.0	657	691	
1399	1064.5149999999999	927.85	4	0	0.0	24.0	657	733	
1400	948.4449999999999	927.85	4	0	0.0	24.0	657	734	
1401	833.29	927.85	4	0	0.0	24.0	657	739	
1402	798.775	1875.7199999999998	4	0	0.0	24.0	659	679	
1403	1572.0349999999999	1886.92	4	0	0.0	24.0	660	740	
1404	982.3000000000001	1420.565	4	0	0.0	24.0	663	747	
1405	982.3000000000001	1384.9099999999999	4	0	0.0	24.0	663	702	
1406	982.3000000000001	1337.065	4	0	0.0	24.0	663	732	
1407	982.3000000000001	1278.96	4	0	0.0	24.0	663	710	
1408	982.3000000000001	1201.5700000000002	4	0	0.0	24.0	663	724	
1409	982.3000000000001	1123.69	4	0	0.0	24.0	663	688	
1410	929.57	1123.69	4	0	0.0	24.0	663	673	
1411	982.3000000000001	1047.275	4	0	0.0	24.0	663	718	
1412	929.57	1047.275	4	0	0.0	24.0	663	746	
1413	929.57	1420.565	4	0	0.0	24.0	663	744	
1414	929.57	1336.995	4	0	0.0	24.0	663	748	
1415	1267.95	1580.305	4	0	0.0	24.0	667	671	
1416	1305.46	1552.14	4	0	0.0	24.0	667	692	
1417	1167.4099999999999	2538.54	4	0	0.0	24.0	668	693	
1418	1167.4099999999999	2381.195	4	0	0.0	24.0	668	685	
1419	1137.98	2376.06	4	0	0.0	24.0	668	686	
1420	694.79	1722.84	4	0	0.0	24.0	669	679	
1421	1490.86	1460.155	4	0	0.0	24.0	670	687	
1422	1267.95	1620.045	4	0	0.0	24.0	671	706	
1423	1229.99	1634.58	4	0	0.0	24.0	671	699	
1424	1229.99	1552.14	4	0	0.0	24.0	671	692	
1425	1181.435	2218.65	4	0	0.0	24.0	672	727	
1426	1258.0900000000001	2250.53	4	0	0.0	24.0	672	678	
1427	871.71	1101.96	4	0	0.0	24.0	673	746	
1428	1182.69	717.4	4	0	0.0	24.0	675	725	
1429	1259.69	665.0	4	0	0.0	24.0	675	704	
1430	1182.69	662.875	4	0	0.0	24.0	675	711	
1431	1490.86	1336.565	4	0	0.0	24.0	676	687	
1432	1258.0900000000001	2291.53	4	0	0.0	24.0	678	685	
1433	829.23	1843.0449999999998	4	0	0.0	24.0	679	708	
1434	662.6400000000001	1799.2799999999997	4	0	0.0	24.0	679	742	
1435	1490.86	1233.575	4	0	0.0	24.0	683	731	
1436	1490.86	1278.96	4	0	0.0	24.0	683	717	
1437	1332.9950000000001	2386.33	4	0	0.0	24.0	685	693	
1438	1167.41	2342.885	4	0	0.0	24.0	685	686	
1439	662.6400000000001	2342.885	4	0	0.0	24.0	686	742	
1440	717.73	2309.71	4	0	0.0	24.0	686	721	
1441	800.7349999999999	2376.06	4	0	0.0	24.0	686	707	
1442	1369.57	1514.525	4	0	0.0	24.0	687	692	
1443	1430.215	1300.2	4	0	0.0	24.0	687	717	
1444	1040.6599999999999	1145.42	4	0	0.0	24.0	688	724	
1445	1099.01	1123.69	4	0	0.0	24.0	688	695	
1446	1040.6599999999999	1101.96	4	0	0.0	24.0	688	718	
1447	1215.23	904.3	4	0	0.0	24.0	691	741	
1448	1171.71	1494.99	4	0	0.0	24.0	692	743	
1449	1152.38	1445.5149999999999	4	0	0.0	24.0	692	695	
1450	1633.3	1631.6	4	0	0.0	24.0	694	730	
1451	1099.01	1420.565	4	0	0.0	24.0	695	747	
1452	1099.01	1384.9099999999999	4	0	0.0	24.0	695	702	
1453	1099.01	1337.065	4	0	0.0	24.0	695	732	
1454	1152.39	1278.96	4	0	0.0	24.0	695	717	
1455	1099.01	1278.96	4	0	0.0	24.0	695	710	
1456	1152.39	1214.2649999999999	4	0	0.0	24.0	695	749	
1457	1131.115	1494.99	4	0	0.0	24.0	695	743	
1458	1099.01	1201.5700000000002	4	0	0.0	24.0	695	724	
1459	1152.39	1081.7	4	0	0.0	24.0	695	745	
1460	1099.01	1047.275	4	0	0.0	24.0	695	718	
1461	1337.33	922.625	4	0	0.0	24.0	698	741	
1462	1267.96	1674.415	4	0	0.0	24.0	699	701	
1463	597.45	2299.2	4	0	0.0	24.0	700	742	
1464	542.225	2376.06	4	0	0.0	24.0	700	707	
1465	1305.46	1631.6	4	0	0.0	24.0	701	706	
1466	1040.6599999999999	1391.51	4	0	0.0	24.0	702	747	
1467	1040.6599999999999	1373.79	4	0	0.0	24.0	702	732	
1468	1337.33	1001.96	4	0	0.0	24.0	705	741	
1469	630.0450000000001	2376.06	4	0	0.0	24.0	707	742	
1470	731.1099999999999	2460.29	4	0	0.0	24.0	707	715	
1471	1040.6599999999999	1300.2	4	0	0.0	24.0	710	732	
1472	1040.6599999999999	1257.72	4	0	0.0	24.0	710	724	
1473	1064.5149999999999	796.6	4	0	0.0	24.0	712	733	
1474	1337.33	1048.185	4	0	0.0	24.0	713	741	
1475	736.91	2575.64	4	0	0.0	24.0	715	723	
1476	1419.93	1257.72	4	0	0.0	24.0	717	731	
1477	1250.69	1257.72	4	0	0.0	24.0	717	749	
1478	662.6400000000001	2214.39	4	0	0.0	24.0	721	742	
1479	1195.46	2082.64	4	0	0.0	24.0	727	729	
1480	768.8299999999999	840.335	4	0	0.0	24.0	728	739	
1481	1349.0	1233.5700000000002	4	0	0.0	24.0	731	749	
1482	1680.33	1747.78	4	0	0.0	24.0	735	740	
1483	1215.23	1024.77	4	0	0.0	24.0	741	745	
1484	1217.995	1170.81	4	0	0.0	24.0	745	749	
1485	1464.6	1661.605	4	1	0.0	24.0	489	639	789	
1486	1069.4900000000002	1565.045	4	1	0.0	24.0	527	677	827	
1487	1472.505	1974.06	4	1	0.0	24.0	539	689	839	
1488	1420.0049999999999	1837.8400000000001	4	1	0.0	24.0	546	696	846	
1489	1368.275	1837.8400000000001	4	1	0.0	24.0	553	703	853	
1490	1156.29	656.6	4	1	0.0	24.0	561	711	861	
1491	1420.0049999999999	1974.06	4	1	0.0	24.0	564	714	864	
1492	1470.94	1837.8400000000001	4	1	0.0	24.0	569	719	869	
1493	1368.0749999999998	1974.06	4	1	0.0	24.0	572	722	872	
1494	1156.29	716.9000000000001	4	1	0.0	24.0	575	725	875	
1495	1424.17	1863.18	5	0	7.0	23.0	804	846	
1496	1364.46	2017.78	5	0	8.0	22.0	784	814	
1497	996.35	2623.59	5	0	9.0	21.3	787	762	
1498	1154.94	796.6	5	0	10.0	21.0	841	791	
1499	1473.37	1863.18	5	0	10.3	19.0	869	804	
1500	795.29	772.95	5	0	11.0	17.0	870	888	
1501	594.65	1573.45	5	0	14.0	15.0	819	831	
1502	1472.86	2002.94	5	0	7.0	23.0	839	784	
1503	1498.58	2234.17	5	0	8.0	22.0	794	811	
1504	1280.22	804.35	5	0	9.0	21.3	779	786	
1505	1370.97	1863.18	5	0	10.0	21.0	804	853	
1506	1369.66	1945.18	5	0	10.3	19.0	804	872	
1507	644.74	1547.46	5	0	11.0	17.0	819	824	
1508	1513.77	1547.23	5	0	14.0	15.0	792	820	
1509	645.39	828.37	5	0	7.0	23.0	878	778	
1510	1562.02	1471.01	5	0	8.0	22.0	844	820	
1511	691.13	1378.25	5	0	9.0	21.3	806	887	
1512	693.08	805.45	5	0	10.0	21.0	878	870	
1513	1376.5	1631.6	5	0	10.3	19.0	796	859	
1514	713.1	758.41	5	0	11.0	17.0	870	832	
1515	1476.87	2136.23	5	0	14.0	15.0	797	798	
1516	606.66	805.45	5	0	7.0	23.0	866	778	
1517	487.0	1783.96	5	0	8.0	22.0	886	785	
1518	1360.23	1768.13	5	0	9.0	21.3	834	754	
1519	1390.37	1710.75	5	0	10.0	21.0	834	796	
1520	1051.95	2599.79	5	0	10.3	19.0	787	767	
1521	1260.67	2186.62	5	0	11.0	17.0	879	808	
1522	1372.21	1743.18	5	0	14.0	15.0	834	775	
1523	1403.03	1768.13	5	0	7.0	23.0	764	834	
1524	1108.55	2623.79	5	0	8.0	22.0	818	787	
1525	513.45	2690.75	5	0	9.0	21.3	830	
1526	1484.86	2218.65	5	0	10.0	21.0	811	798	
1527	508.76	2460.29	5	0	10.3	19.0	857	830	
1528	1359.87	2218.65	5	0	11.0	17.0	798	822	
1529	487.0	1738.29	5	0	14.0	15.0	886	781	
1530	1473.66	1945.18	5	0	7.0	23.0	839	804	
1531	542.69	1583.11	5	0	8.0	22.0	805	781	
1532	1765.75	2635.49	5	0	9.0	21.3	843	
1533	661.05	1504.89	5	0	10.0	21.0	887	824	
1534	555.75	775.25	5	0	10.3	19.0	866	
1535	1052.12	2690.75	5	0	11.0	17.0	787	
1536	972.04	2690.75	5	0	14.0	15.0	762	
1537	1423.66	1945.18	5	0	7.0	23.0	864	804	
1538	1765.75	2673.77	5	0	8.0	22.0	843	
1539	1133.37	2690.75	5	0	9.0	21.3	818	
1540	1217.01	737.6	5	0	10.0	21.0	840	825	
1541	862.89	766.45	5	0	10.3	19.0	870	876	
1542	1349.0	745.36	5	0	11.0	17.0	840	815	
1543	1765.75	1966.41	5	0	14.0	15.0	810	
1544	877.95	779.99	5	0	7.0	23.0	847	870	
1545	1458.79	2093.04	5	0	8.0	22.0	801	797	
1546	1245.75	624.0	5	0	9.0	21.3	825	
1547	487.0	2587.02	5	0	10.0	21.0	830	
1548	555.75	843.97	5	0	10.3	19.0	778	
1549	1215.55	805.45	5	0	11.0	17.0	841	779	840	
1550	1478.07	2063.97	5	0	14.0	15.0	784	797	
1551	1323.22	804.35	5	0	7.0	23.0	779	812	
1552	1578.4650000000001	1710.75	5	0	8.0	22.0	750	755	
1553	1683.25	1685.175	5	0	9.0	21.3	750	780	
1554	1495.46	1668.425	5	0	10.0	21.0	750	789	
1555	1576.1	1659.6	5	0	10.3	19.0	750	880	
1556	772.8	1971.23	5	0	11.0	17.0	751	809	
1557	662.6400000000001	1971.23	5	0	14.0	15.0	751	892	
1558	717.73	1875.7199999999998	5	0	7.0	23.0	751	829	
1559	717.73	2066.74	5	0	8.0	22.0	751	799	
1560	727.42	933.9100000000001	5	0	9.0	21.3	752	768	
1561	686.405	875.22	5	0	10.0	21.0	752	878	
1562	727.42	1021.0050000000001	5	0	10.3	19.0	752	800	
1563	991.16	1971.23	5	0	11.0	17.0	753	769	
1564	964.99	1875.7199999999998	5	0	14.0	15.0	753	858	
1565	938.8199999999999	1971.23	5	0	7.0	23.0	753	758	
1566	964.99	2066.74	5	0	8.0	22.0	753	799	
1567	1495.45	1733.6999999999998	5	0	9.0	21.3	755	761	
1568	824.75	2214.39	5	0	10.0	21.0	756	770	
1569	772.8	2214.39	5	0	10.3	19.0	756	871	
1570	798.775	2309.71	5	0	11.0	17.0	756	836	
1571	798.775	2119.08	5	0	14.0	15.0	756	799	
1572	1419.9299999999998	1209.42	5	0	7.0	23.0	757	881	
1573	1449.016051132694	1167.8649496267954	5	0	8.0	22.0	757	816	
1574	1372.454954057036	1091.832444766992	5	0	9.0	21.3	757	863	
1575	1276.28	1056.95	5	0	10.0	21.0	757	891	
1576	1304.455613785168	1189.7076384858988	5	0	10.3	19.0	757	899	
1577	1336.75	1209.42	5	0	11.0	17.0	757	899	
1578	1215.23	1079.455	5	0	14.0	15.0	757	895	
1579	1249.0557204890524	1135.2254152443816	5	0	7.0	23.0	757	895	
1580	884.025	1875.7199999999998	5	0	8.0	22.0	758	858	
1581	824.75	1971.23	5	0	9.0	21.3	758	809	
1582	881.79	2066.74	5	0	10.0	21.0	758	799	
1583	929.57	1382.72	5	0	10.3	19.0	759	813	
1584	871.71	1391.51	5	0	11.0	17.0	759	894	
1585	871.71	1373.93	5	0	14.0	15.0	759	898	
1586	813.8599999999999	1382.72	5	0	7.0	23.0	759	800	
1587	871.71	1145.42	5	0	8.0	22.0	760	823	
1588	929.57	1201.5700000000002	5	0	9.0	21.3	760	813	
1589	871.71	1257.72	5	0	10.0	21.0	760	776	
1590	813.8599999999999	1201.5700000000002	5	0	10.3	19.0	760	800	
1591	1460.42	1733.6999999999998	5	0	11.0	17.0	761	834	
1592	996.35	2487.925	5	0	14.0	15.0	762	767	
1593	967.585	2376.06	5	0	7.0	23.0	762	836	
1594	938.8199999999999	2633.1949999999997	5	0	8.0	22.0	762	873	
1595	938.82	2517.965	5	0	9.0	21.3	762	865	
1596	938.82	2418.175	5	0	10.0	21.0	762	857	
1597	1040.6599999999999	1449.62	5	0	10.3	19.0	763	897	
1598	1099.01	1472.3049999999998	5	0	11.0	17.0	763	845	
1599	982.3000000000001	1472.3049999999998	5	0	14.0	15.0	763	813	
1600	1100.93	2214.39	5	0	7.0	23.0	765	774	
1601	991.16	2214.39	5	0	8.0	22.0	765	788	
1602	1046.045	2309.71	5	0	9.0	21.3	765	836	
1603	1046.045	2119.08	5	0	10.0	21.0	765	799	
1604	929.57	1472.3049999999998	5	0	10.3	19.0	766	813	
1605	871.71	1449.62	5	0	11.0	17.0	766	894	
1606	727.4	1472.3049999999998	5	0	14.0	15.0	766	887	
1607	770.635	1449.62	5	0	7.0	23.0	766	800	
1608	778.3199999999999	1494.9899999999998	5	0	8.0	22.0	766	773	
1609	1108.55	2487.925	5	0	9.0	21.3	767	818	
1610	1052.45	2376.06	5	0	10.0	21.0	767	836	
1611	768.83	901.54	5	0	10.3	19.0	768	889	
1612	748.1299999999999	875.22	5	0	11.0	17.0	768	878	
1613	768.83	960.22	5	0	14.0	15.0	768	807	
1614	748.1299999999999	992.59	5	0	7.0	23.0	768	800	
1615	1100.93	1971.23	5	0	8.0	22.0	769	783	
1616	1046.045	1875.7199999999998	5	0	9.0	21.3	769	858	
1617	1046.045	2066.74	5	0	10.0	21.0	769	799	
1618	938.8199999999999	2214.39	5	0	10.3	19.0	770	788	
1619	881.79	2309.71	5	0	11.0	17.0	770	836	
1620	881.79	2119.08	5	0	14.0	15.0	770	799	
1621	1167.41	1674.415	5	0	7.0	23.0	771	849	
1622	1167.41	1762.31	5	0	8.0	22.0	771	803	
1623	1069.4900000000002	1635.1	5	0	9.0	21.3	771	827	
1624	1098.275	1810.37	5	0	10.0	21.0	771	858	
1625	1029.14	1760.215	5	0	10.3	19.0	771	782	
1626	597.45	1993.52	5	0	11.0	17.0	772	892	
1627	828.75	1716.4499999999998	5	0	14.0	15.0	773	782	
1628	727.41	1665.655	5	0	7.0	23.0	773	819	
1629	778.3199999999999	1722.84	5	0	8.0	22.0	773	829	
1630	1167.41	2168.865	5	0	9.0	21.3	774	877	
1631	1167.41	2300.615	5	0	10.0	21.0	774	835	
1632	1167.41	2271.03	5	0	10.3	19.0	774	828	
1633	1167.41	2234.59	5	0	11.0	17.0	774	822	
1634	1134.17	2309.7	5	0	14.0	15.0	774	836	
1635	1134.17	2119.08	5	0	7.0	23.0	774	799	
1636	929.57	1278.96	5	0	8.0	22.0	776	813	
1637	871.71	1300.2	5	0	9.0	21.3	776	898	
1638	813.8599999999999	1278.96	5	0	10.0	21.0	776	800	
1639	597.45	2146.34	5	0	10.3	19.0	777	892	
1640	1276.28	880.75	5	0	11.0	17.0	779	891	
1641	1215.23	843.1	5	0	14.0	15.0	779	841	
1642	615.7149999999999	1637.69	5	0	7.0	23.0	781	819	
1643	636.78	1659.17	5	0	8.0	22.0	781	819	
1644	649.4749999999999	1701.745	5	0	9.0	21.3	781	819	
1645	629.81	1722.84	5	0	10.0	21.0	781	892	
1646	597.45	1743.17	5	0	10.3	19.0	781	892	
1647	928.9449999999999	1810.37	5	0	11.0	17.0	782	858	
1648	828.75	1766.605	5	0	14.0	15.0	782	829	
1649	1167.41	2022.7000000000003	5	0	7.0	23.0	783	877	
1650	1167.41	1927.19	5	0	8.0	22.0	783	795	
1651	1134.17	1875.7199999999998	5	0	9.0	21.3	783	858	
1652	1134.17	2066.74	5	0	10.0	21.0	783	799	
1653	597.45	1840.105	5	0	10.3	19.0	785	892	
1654	964.99	2309.71	5	0	11.0	17.0	788	836	
1655	964.99	2119.08	5	0	14.0	15.0	788	799	
1656	1433.74	1661.615	5	0	7.0	23.0	789	796	
1657	1495.46	1652.79	5	0	8.0	22.0	789	880	
1658	1260.43	1339.81	5	0	9.0	21.3	790	802	
1659	1206.4050000000002	1379.43	5	0	10.0	21.0	790	793	
1660	1206.4050000000002	1300.2	5	0	10.3	19.0	790	867	
1661	1152.39	1339.81	5	0	11.0	17.0	790	845	
1662	1369.57	1430.63	5	0	14.0	15.0	793	837	
1663	1315.0	1379.42	5	0	7.0	23.0	793	802	
1664	1309.4699999999998	1481.83	5	0	8.0	22.0	793	842	
1665	1206.87	1438.9299999999998	5	0	9.0	21.3	793	842	
1666	1158.375	1396.03	5	0	0.0	24.0	793	842	
1667	1152.39	1387.73	5	0	0.0	24.0	793	845	
1668	1572.0349999999999	2040.49	5	0	0.0	24.0	794	810	
1669	1342.96	1904.35	5	0	0.0	24.0	795	804	
1670	1269.015	1978.66	5	0	0.0	24.0	795	879	
1671	1181.435	1978.66	5	0	0.0	24.0	795	877	
1672	1255.6100000000001	1869.45	5	0	0.0	24.0	795	803	
1673	1167.41	2092.91	5	0	0.0	24.0	799	877	
1674	798.775	2066.74	5	0	0.0	24.0	799	809	
1675	662.6400000000001	2092.91	5	0	0.0	24.0	799	892	
1676	717.73	2119.08	5	0	0.0	24.0	799	871	
1677	813.8599999999999	1123.69	5	0	0.0	24.0	800	823	
1678	813.8599999999999	1047.275	5	0	0.0	24.0	800	896	
1679	813.8599999999999	1420.565	5	0	0.0	24.0	800	894	
1680	813.8599999999999	1336.995	5	0	0.0	24.0	800	898	
1681	727.42	1213.835	5	0	0.0	24.0	800	806	
1682	727.4	1414.525	5	0	0.0	24.0	800	887	
1683	791.345	992.58	5	0	0.0	24.0	800	807	
1684	1369.57	1339.81	5	0	0.0	24.0	802	837	
1685	1315.0	1300.2	5	0	0.0	24.0	802	867	
1686	1305.46	1714.25	5	0	0.0	24.0	803	851	
1687	1217.685	1714.25	5	0	0.0	24.0	803	849	
1688	1167.41	1839.9099999999999	5	0	0.0	24.0	803	858	
1689	1498.58	1907.45	5	0	0.0	24.0	804	810	
1690	1496.57	1875.0500000000002	5	0	0.0	24.0	804	890	
1691	1215.23	960.215	5	0	0.0	24.0	807	891	
1692	1183.805	992.58	5	0	0.0	24.0	807	895	
1693	1125.7	992.58	5	0	0.0	24.0	807	845	
1694	1040.6599999999999	992.58	5	0	0.0	24.0	807	868	
1695	955.9350000000001	992.58	5	0	0.0	24.0	807	813	
1696	871.71	992.58	5	0	0.0	24.0	807	896	
1697	1172.555	927.85	5	0	0.0	24.0	807	841	
1698	1064.5149999999999	927.85	5	0	0.0	24.0	807	883	
1699	948.4449999999999	927.85	5	0	0.0	24.0	807	884	
1700	833.29	927.85	5	0	0.0	24.0	807	889	
1701	798.775	1875.7199999999998	5	0	0.0	24.0	809	829	
1702	1572.0349999999999	1886.92	5	0	0.0	24.0	810	890	
1703	982.3000000000001	1420.565	5	0	0.0	24.0	813	897	
1704	982.3000000000001	1384.9099999999999	5	0	0.0	24.0	813	852	
1705	982.3000000000001	1337.065	5	0	0.0	24.0	813	882	
1706	982.3000000000001	1278.96	5	0	0.0	24.0	813	860	
1707	982.3000000000001	1201.5700000000002	5	0	0.0	24.0	813	874	
1708	982.3000000000001	1123.69	5	0	0.0	24.0	813	838	
1709	929.57	1123.69	5	0	0.0	24.0	813	823	
1710	982.3000000000001	1047.275	5	0	0.0	24.0	813	868	
1711	929.57	1047.275	5	0	0.0	24.0	813	896	
1712	929.57	1420.565	5	0	0.0	24.0	813	894	
1713	929.57	1336.995	5	0	0.0	24.0	813	898	
1714	1267.95	1580.305	5	0	0.0	24.0	817	821	
1715	1305.46	1552.14	5	0	0.0	24.0	817	842	
1716	1167.4099999999999	2538.54	5	0	0.0	24.0	818	843	
1717	1167.4099999999999	2381.195	5	0	0.0	24.0	818	835	
1718	1137.98	2376.06	5	0	0.0	24.0	818	836	
1719	694.79	1722.84	5	0	0.0	24.0	819	829	
1720	1490.86	1460.155	5	0	0.0	24.0	820	837	
1721	1267.95	1620.045	5	0	0.0	24.0	821	856	
1722	1229.99	1634.58	5	0	0.0	24.0	821	849	
1723	1229.99	1552.14	5	0	0.0	24.0	821	842	
1724	1181.435	2218.65	5	0	0.0	24.0	822	877	
1725	1258.0900000000001	2250.53	5	0	0.0	24.0	822	828	
1726	871.71	1101.96	5	0	0.0	24.0	823	896	
1727	1182.69	717.4	5	0	0.0	24.0	825	875	
1728	1259.69	665.0	5	0	0.0	24.0	825	854	
1729	1182.69	662.875	5	0	0.0	24.0	825	861	
1730	1490.86	1336.565	5	0	0.0	24.0	826	837	
1731	1258.0900000000001	2291.53	5	0	0.0	24.0	828	835	
1732	829.23	1843.0449999999998	5	0	0.0	24.0	829	858	
1733	662.6400000000001	1799.2799999999997	5	0	0.0	24.0	829	892	
1734	1490.86	1233.575	5	0	0.0	24.0	833	881	
1735	1490.86	1278.96	5	0	0.0	24.0	833	867	
1736	1332.9950000000001	2386.33	5	0	0.0	24.0	835	843	
1737	1167.41	2342.885	5	0	0.0	24.0	835	836	
1738	662.6400000000001	2342.885	5	0	0.0	24.0	836	892	
1739	717.73	2309.71	5	0	0.0	24.0	836	871	
1740	800.7349999999999	2376.06	5	0	0.0	24.0	836	857	
1741	1369.57	1514.525	5	0	0.0	24.0	837	842	
1742	1430.215	1300.2	5	0	0.0	24.0	837	867	
1743	1040.6599999999999	1145.42	5	0	0.0	24.0	838	874	
1744	1099.01	1123.69	5	0	0.0	24.0	838	845	
1745	1040.6599999999999	1101.96	5	0	0.0	24.0	838	868	
1746	1215.23	904.3	5	0	0.0	24.0	841	891	
1747	1171.71	1494.99	5	0	0.0	24.0	842	893	
1748	1152.38	1445.5149999999999	5	0	0.0	24.0	842	845	
1749	1633.3	1631.6	5	0	0.0	24.0	844	880	
1750	1099.01	1420.565	5	0	0.0	24.0	845	897	
1751	1099.01	1384.9099999999999	5	0	0.0	24.0	845	852	
1752	1099.01	1337.065	5	0	0.0	24.0	845	882	
1753	1152.39	1278.96	5	0	0.0	24.0	845	867	
1754	1099.01	1278.96	5	0	0.0	24.0	845	860	
1755	1152.39	1214.2649999999999	5	0	0.0	24.0	845	899	
1756	1131.115	1494.99	5	0	0.0	24.0	845	893	
1757	1099.01	1201.5700000000002	5	0	0.0	24.0	845	874	
1758	1152.39	1081.7	5	0	0.0	24.0	845	895	
1759	1099.01	1047.275	5	0	0.0	24.0	845	868	
1760	1337.33	922.625	5	0	0.0	24.0	848	891	
1761	1267.96	1674.415	5	0	0.0	24.0	849	851	
1762	597.45	2299.2	5	0	0.0	24.0	850	892	
1763	542.225	2376.06	5	0	0.0	24.0	850	857	
1764	1305.46	1631.6	5	0	0.0	24.0	851	856	
1765	1040.6599999999999	1391.51	5	0	0.0	24.0	852	897	
1766	1040.6599999999999	1373.79	5	0	0.0	24.0	852	882	
1767	1337.33	1001.96	5	0	0.0	24.0	855	891	
1768	630.0450000000001	2376.06	5	0	0.0	24.0	857	892	
1769	731.1099999999999	2460.29	5	0	0.0	24.0	857	865	
1770	1040.6599999999999	1300.2	5	0	0.0	24.0	860	882	
1771	1040.6599999999999	1257.72	5	0	0.0	24.0	860	874	
1772	1064.5149999999999	796.6	5	0	0.0	24.0	862	883	
1773	1337.33	1048.185	5	0	0.0	24.0	863	891	
1774	736.91	2575.64	5	0	0.0	24.0	865	873	
1775	1419.93	1257.72	5	0	0.0	24.0	867	881	
1776	1250.69	1257.72	5	0	0.0	24.0	867	899	
1777	662.6400000000001	2214.39	5	0	0.0	24.0	871	892	
1778	1195.46	2082.64	5	0	0.0	24.0	877	879	
1779	768.8299999999999	840.335	5	0	0.0	24.0	878	889	
1780	1349.0	1233.5700000000002	5	0	0.0	24.0	881	899	
1781	1680.33	1747.78	5	0	0.0	24.0	885	890	
1782	1215.23	1024.77	5	0	0.0	24.0	891	895	
1783	1217.995	1170.81	5	0	0.0	24.0	895	899	
1784	1464.6	1661.605	5	1	0.0	24.0	639	789	939	
1785	1069.4900000000002	1565.045	5	1	0.0	24.0	677	827	977	
1786	1472.505	1974.06	5	1	0.0	24.0	689	839	989	
1787	1420.0049999999999	1837.8400000000001	5	1	0.0	24.0	696	846	996	
1788	1368.275	1837.8400000000001	5	1	0.0	24.0	703	853	1003	
1789	1156.29	656.6	5	1	0.0	24.0	711	861	1011	
1790	1420.0049999999999	1974.06	5	1	0.0	24.0	714	864	1014	
1791	1470.94	1837.8400000000001	5	1	0.0	24.0	719	869	1019	
1792	1368.0749999999998	1974.06	5	1	0.0	24.0	722	872	1022	
1793	1156.29	716.9000000000001	5	1	0.0	24.0	725	875	1025	
1794	1424.17	1863.18	6	0	7.0	23.0	954	996	
1795	1364.46	2017.78	6	0	8.0	22.0	934	964	
1796	996.35	2623.59	6	0	9.0	21.3	937	912	
1797	1154.94	796.6	6	0	10.0	21.0	991	941	
1798	1473.37	1863.18	6	0	10.3	19.0	1019	954	
1799	795.29	772.95	6	0	11.0	17.0	1020	1038	
1800	594.65	1573.45	6	0	14.0	15.0	969	981	
1801	1472.86	2002.94	6	0	7.0	23.0	989	934	
1802	1498.58	2234.17	6	0	8.0	22.0	944	961	
1803	1280.22	804.35	6	0	9.0	21.3	929	936	
1804	1370.97	1863.18	6	0	10.0	21.0	954	1003	
1805	1369.66	1945.18	6	0	10.3	19.0	954	1022	
1806	644.74	1547.46	6	0	11.0	17.0	969	974	
1807	1513.77	1547.23	6	0	14.0	15.0	942	970	
1808	645.39	828.37	6	0	7.0	23.0	1028	928	
1809	1562.02	1471.01	6	0	8.0	22.0	994	970	
1810	691.13	1378.25	6	0	9.0	21.3	956	1037	
1811	693.08	805.45	6	0	10.0	21.0	1028	1020	
1812	1376.5	1631.6	6	0	10.3	19.0	946	1009	
1813	713.1	758.41	6	0	11.0	17.0	1020	982	
1814	1476.87	2136.23	6	0	14.0	15.0	947	948	
1815	606.66	805.45	6	0	7.0	23.0	1016	928	
1816	487.0	1783.96	6	0	8.0	22.0	1036	935	
1817	1360.23	1768.13	6	0	9.0	21.3	984	904	
1818	1390.37	1710.75	6	0	10.0	21.0	984	946	
1819	1051.95	2599.79	6	0	10.3	19.0	937	917	
1820	1260.67	2186.62	6	0	11.0	17.0	1029	958	
1821	1372.21	1743.18	6	0	14.0	15.0	984	925	
1822	1403.03	1768.13	6	0	7.0	23.0	914	984	
1823	1108.55	2623.79	6	0	8.0	22.0	968	937	
1824	513.45	2690.75	6	0	9.0	21.3	980	
1825	1484.86	2218.65	6	0	10.0	21.0	961	948	
1826	508.76	2460.29	6	0	10.3	19.0	1007	980	
1827	1359.87	2218.65	6	0	11.0	17.0	948	972	
1828	487.0	1738.29	6	0	14.0	15.0	1036	931	
1829	1473.66	1945.18	6	0	7.0	23.0	989	954	
1830	542.69	1583.11	6	0	8.0	22.0	955	931	
1831	1765.75	2635.49	6	0	9.0	21.3	993	
1832	661.05	1504.89	6	0	10.0	21.0	1037	974	
1833	555.75	775.25	6	0	10.3	19.0	1016	
1834	1052.12	2690.75	6	0	11.0	17.0	937	
1835	972.04	2690.75	6	0	14.0	15.0	912	
1836	1423.66	1945.18	6	0	7.0	23.0	1014	954	
1837	1765.75	2673.77	6	0	8.0	22.0	993	
1838	1133.37	2690.75	6	0	9.0	21.3	968	
1839	1217.01	737.6	6	0	10.0	21.0	990	975	
1840	862.89	766.45	6	0	10.3	19.0	1020	1026	
1841	1349.0	745.36	6	0	11.0	17.0	990	965	
1842	1765.75	1966.41	6	0	14.0	15.0	960	
1843	877.95	779.99	6	0	7.0	23.0	997	1020	
1844	1458.79	2093.04	6	0	8.0	22.0	951	947	
1845	1245.75	624.0	6	0	9.0	21.3	975	
1846	487.0	2587.02	6	0	10.0	21.0	980	
1847	555.75	843.97	6	0	10.3	19.0	928	
1848	1215.55	805.45	6	0	11.0	17.0	991	929	990	
1849	1478.07	2063.97	6	0	14.0	15.0	934	947	
1850	1323.22	804.35	6	0	7.0	23.0	929	962	
1851	1578.4650000000001	1710.75	6	0	8.0	22.0	900	905	
1852	1683.25	1685.175	6	0	9.0	21.3	900	930	
1853	1495.46	1668.425	6	0	10.0	21.0	900	939	
1854	1576.1	1659.6	6	0	10.3	19.0	900	1030	
1855	772.8	1971.23	6	0	11.0	17.0	901	959	
1856	662.6400000000001	1971.23	6	0	14.0	15.0	901	1042	
1857	717.73	1875.7199999999998	6	0	7.0	23.0	901	979	
1858	717.73	2066.74	6	0	8.0	22.0	901	949	
1859	727.42	933.9100000000001	6	0	9.0	21.3	902	918	
1860	686.405	875.22	6	0	10.0	21.0	902	1028	
1861	727.42	1021.0050000000001	6	0	10.3	19.0	902	950	
1862	991.16	1971.23	6	0	11.0	17.0	903	919	
1863	964.99	1875.7199999999998	6	0	14.0	15.0	903	1008	
1864	938.8199999999999	1971.23	6	0	7.0	23.0	903	908	
1865	964.99	2066.74	6	0	8.0	22.0	903	949	
1866	1495.45	1733.6999999999998	6	0	9.0	21.3	905	911	
1867	824.75	2214.39	6	0	10.0	21.0	906	920	
1868	772.8	2214.39	6	0	10.3	19.0	906	1021	
1869	798.775	2309.71	6	0	11.0	17.0	906	986	
1870	798.775	2119.08	6	0	14.0	15.0	906	949	
1871	1419.9299999999998	1209.42	6	0	7.0	23.0	907	1031	
1872	1449.016051132694	1167.8649496267954	6	0	8.0	22.0	907	966	
1873	1372.454954057036	1091.832444766992	6	0	9.0	21.3	907	1013	
1874	1276.28	1056.95	6	0	10.0	21.0	907	1041	
1875	1304.455613785168	1189.7076384858988	6	0	10.3	19.0	907	1049	
1876	1336.75	1209.42	6	0	11.0	17.0	907	1049	
1877	1215.23	1079.455	6	0	14.0	15.0	907	1045	
1878	1249.0557204890524	1135.2254152443816	6	0	7.0	23.0	907	1045	
1879	884.025	1875.7199999999998	6	0	8.0	22.0	908	1008	
1880	824.75	1971.23	6	0	9.0	21.3	908	959	
1881	881.79	2066.74	6	0	10.0	21.0	908	949	
1882	929.57	1382.72	6	0	10.3	19.0	909	963	
1883	871.71	1391.51	6	0	11.0	17.0	909	1044	
1884	871.71	1373.93	6	0	14.0	15.0	909	1048	
1885	813.8599999999999	1382.72	6	0	7.0	23.0	909	950	
1886	871.71	1145.42	6	0	8.0	22.0	910	973	
1887	929.57	1201.5700000000002	6	0	9.0	21.3	910	963	
1888	871.71	1257.72	6	0	10.0	21.0	910	926	
1889	813.8599999999999	1201.5700000000002	6	0	10.3	19.0	910	950	
1890	1460.42	1733.6999999999998	6	0	11.0	17.0	911	984	
1891	996.35	2487.925	6	0	14.0	15.0	912	917	
1892	967.585	2376.06	6	0	7.0	23.0	912	986	
1893	938.8199999999999	2633.1949999999997	6	0	8.0	22.0	912	1023	
1894	938.82	2517.965	6	0	9.0	21.3	912	1015	
1895	938.82	2418.175	6	0	10.0	21.0	912	1007	
1896	1040.6599999999999	1449.62	6	0	10.3	19.0	913	1047	
1897	1099.01	1472.3049999999998	6	0	11.0	17.0	913	995	
1898	982.3000000000001	1472.3049999999998	6	0	14.0	15.0	913	963	
1899	1100.93	2214.39	6	0	7.0	23.0	915	924	
1900	991.16	2214.39	6	0	8.0	22.0	915	938	
1901	1046.045	2309.71	6	0	9.0	21.3	915	986	
1902	1046.045	2119.08	6	0	10.0	21.0	915	949	
1903	929.57	1472.3049999999998	6	0	10.3	19.0	916	963	
1904	871.71	1449.62	6	0	11.0	17.0	916	1044	
1905	727.4	1472.3049999999998	6	0	14.0	15.0	916	1037	
1906	770.635	1449.62	6	0	7.0	23.0	916	950	
1907	778.3199999999999	1494.9899999999998	6	0	8.0	22.0	916	923	
1908	1108.55	2487.925	6	0	9.0	21.3	917	968	
1909	1052.45	2376.06	6	0	10.0	21.0	917	986	
1910	768.83	901.54	6	0	10.3	19.0	918	1039	
1911	748.1299999999999	875.22	6	0	11.0	17.0	918	1028	
1912	768.83	960.22	6	0	14.0	15.0	918	957	
1913	748.1299999999999	992.59	6	0	7.0	23.0	918	950	
1914	1100.93	1971.23	6	0	8.0	22.0	919	933	
1915	1046.045	1875.7199999999998	6	0	9.0	21.3	919	1008	
1916	1046.045	2066.74	6	0	10.0	21.0	919	949	
1917	938.8199999999999	2214.39	6	0	10.3	19.0	920	938	
1918	881.79	2309.71	6	0	11.0	17.0	920	986	
1919	881.79	2119.08	6	0	14.0	15.0	920	949	
1920	1167.41	1674.415	6	0	7.0	23.0	921	999	
1921	1167.41	1762.31	6	0	8.0	22.0	921	953	
1922	1069.4900000000002	1635.1	6	0	9.0	21.3	921	977	
1923	1098.275	1810.37	6	0	10.0	21.0	921	1008	
1924	1029.14	1760.215	6	0	10.3	19.0	921	932	
1925	597.45	1993.52	6	0	11.0	17.0	922	1042	
1926	828.75	1716.4499999999998	6	0	14.0	15.0	923	932	
1927	727.41	1665.655	6	0	7.0	23.0	923	969	
1928	778.3199999999999	1722.84	6	0	8.0	22.0	923	979	
1929	1167.41	2168.865	6	0	9.0	21.3	924	1027	
1930	1167.41	2300.615	6	0	10.0	21.0	924	985	
1931	1167.41	2271.03	6	0	10.3	19.0	924	978	
1932	1167.41	2234.59	6	0	11.0	17.0	924	972	
1933	1134.17	2309.7	6	0	14.0	15.0	924	986	
1934	1134.17	2119.08	6	0	7.0	23.0	924	949	
1935	929.57	1278.96	6	0	8.0	22.0	926	963	
1936	871.71	1300.2	6	0	9.0	21.3	926	1048	
1937	813.8599999999999	1278.96	6	0	10.0	21.0	926	950	
1938	597.45	2146.34	6	0	10.3	19.0	927	1042	
1939	1276.28	880.75	6	0	11.0	17.0	929	1041	
1940	1215.23	843.1	6	0	14.0	15.0	929	991	
1941	615.7149999999999	1637.69	6	0	7.0	23.0	931	969	
1942	636.78	1659.17	6	0	8.0	22.0	931	969	
1943	649.4749999999999	1701.745	6	0	9.0	21.3	931	969	
1944	629.81	1722.84	6	0	10.0	21.0	931	1042	
1945	597.45	1743.17	6	0	10.3	19.0	931	1042	
1946	928.9449999999999	1810.37	6	0	11.0	17.0	932	1008	
1947	828.75	1766.605	6	0	14.0	15.0	932	979	
1948	1167.41	2022.7000000000003	6	0	7.0	23.0	933	1027	
1949	1167.41	1927.19	6	0	8.0	22.0	933	945	
1950	1134.17	1875.7199999999998	6	0	9.0	21.3	933	1008	
1951	1134.17	2066.74	6	0	10.0	21.0	933	949	
1952	597.45	1840.105	6	0	10.3	19.0	935	1042	
1953	964.99	2309.71	6	0	11.0	17.0	938	986	
1954	964.99	2119.08	6	0	14.0	15.0	938	949	
1955	1433.74	1661.615	6	0	7.0	23.0	939	946	
1956	1495.46	1652.79	6	0	8.0	22.0	939	1030	
1957	1260.43	1339.81	6	0	9.0	21.3	940	952	
1958	1206.4050000000002	1379.43	6	0	10.0	21.0	940	943	
1959	1206.4050000000002	1300.2	6	0	10.3	19.0	940	1017	
1960	1152.39	1339.81	6	0	11.0	17.0	940	995	
1961	1369.57	1430.63	6	0	14.0	15.0	943	987	
1962	1315.0	1379.42	6	0	7.0	23.0	943	952	
1963	1309.4699999999998	1481.83	6	0	8.0	22.0	943	992	
1964	1206.87	1438.9299999999998	6	0	9.0	21.3	943	992	
1965	1158.375	1396.03	6	0	0.0	24.0	943	992	
1966	1152.39	1387.73	6	0	0.0	24.0	943	995	
1967	1572.0349999999999	2040.49	6	0	0.0	24.0	944	960	
1968	1342.96	1904.35	6	0	0.0	24.0	945	954	
1969	1269.015	1978.66	6	0	0.0	24.0	945	1029	
1970	1181.435	1978.66	6	0	0.0	24.0	945	1027	
1971	1255.6100000000001	1869.45	6	0	0.0	24.0	945	953	
1972	1167.41	2092.91	6	0	0.0	24.0	949	1027	
1973	798.775	2066.74	6	0	0.0	24.0	949	959	
1974	662.6400000000001	2092.91	6	0	0.0	24.0	949	1042	
1975	717.73	2119.08	6	0	0.0	24.0	949	1021	
1976	813.8599999999999	1123.69	6	0	0.0	24.0	950	973	
1977	813.8599999999999	1047.275	6	0	0.0	24.0	950	1046	
1978	813.8599999999999	1420.565	6	0	0.0	24.0	950	1044	
1979	813.8599999999999	1336.995	6	0	0.0	24.0	950	1048	
1980	727.42	1213.835	6	0	0.0	24.0	950	956	
1981	727.4	1414.525	6	0	0.0	24.0	950	1037	
1982	791.345	992.58	6	0	0.0	24.0	950	957	
1983	1369.57	1339.81	6	0	0.0	24.0	952	987	
1984	1315.0	1300.2	6	0	0.0	24.0	952	1017	
1985	1305.46	1714.25	6	0	0.0	24.0	953	1001	
1986	1217.685	1714.25	6	0	0.0	24.0	953	999	
1987	1167.41	1839.9099999999999	6	0	0.0	24.0	953	1008	
1988	1498.58	1907.45	6	0	0.0	24.0	954	960	
1989	1496.57	1875.0500000000002	6	0	0.0	24.0	954	1040	
1990	1215.23	960.215	6	0	0.0	24.0	957	1041	
1991	1183.805	992.58	6	0	0.0	24.0	957	1045	
1992	1125.7	992.58	6	0	0.0	24.0	957	995	
1993	1040.6599999999999	992.58	6	0	0.0	24.0	957	1018	
1994	955.9350000000001	992.58	6	0	0.0	24.0	957	963	
1995	871.71	992.58	6	0	0.0	24.0	957	1046	
1996	1172.555	927.85	6	0	0.0	24.0	957	991	
1997	1064.5149999999999	927.85	6	0	0.0	24.0	957	1033	
1998	948.4449999999999	927.85	6	0	0.0	24.0	957	1034	
1999	833.29	927.85	6	0	0.0	24.0	957	1039	
2000	798.775	1875.7199999999998	6	0	0.0	24.0	959	979	
2001	1572.0349999999999	1886.92	6	0	0.0	24.0	960	1040	
2002	982.3000000000001	1420.565	6	0	0.0	24.0	963	1047	
2003	982.3000000000001	1384.9099999999999	6	0	0.0	24.0	963	1002	
2004	982.3000000000001	1337.065	6	0	0.0	24.0	963	1032	
2005	982.3000000000001	1278.96	6	0	0.0	24.0	963	1010	
2006	982.3000000000001	1201.5700000000002	6	0	0.0	24.0	963	1024	
2007	982.3000000000001	1123.69	6	0	0.0	24.0	963	988	
2008	929.57	1123.69	6	0	0.0	24.0	963	973	
2009	982.3000000000001	1047.275	6	0	0.0	24.0	963	1018	
2010	929.57	1047.275	6	0	0.0	24.0	963	1046	
2011	929.57	1420.565	6	0	0.0	24.0	963	1044	
2012	929.57	1336.995	6	0	0.0	24.0	963	1048	
2013	1267.95	1580.305	6	0	0.0	24.0	967	971	
2014	1305.46	1552.14	6	0	0.0	24.0	967	992	
2015	1167.4099999999999	2538.54	6	0	0.0	24.0	968	993	
2016	1167.4099999999999	2381.195	6	0	0.0	24.0	968	985	
2017	1137.98	2376.06	6	0	0.0	24.0	968	986	
2018	694.79	1722.84	6	0	0.0	24.0	969	979	
2019	1490.86	1460.155	6	0	0.0	24.0	970	987	
2020	1267.95	1620.045	6	0	0.0	24.0	971	1006	
2021	1229.99	1634.58	6	0	0.0	24.0	971	999	
2022	1229.99	1552.14	6	0	0.0	24.0	971	992	
2023	1181.435	2218.65	6	0	0.0	24.0	972	1027	
2024	1258.0900000000001	2250.53	6	0	0.0	24.0	972	978	
2025	871.71	1101.96	6	0	0.0	24.0	973	1046	
2026	1182.69	717.4	6	0	0.0	24.0	975	1025	
2027	1259.69	665.0	6	0	0.0	24.0	975	1004	
2028	1182.69	662.875	6	0	0.0	24.0	975	1011	
2029	1490.86	1336.565	6	0	0.0	24.0	976	987	
2030	1258.0900000000001	2291.53	6	0	0.0	24.0	978	985	
2031	829.23	1843.0449999999998	6	0	0.0	24.0	979	1008	
2032	662.6400000000001	1799.2799999999997	6	0	0.0	24.0	979	1042	
2033	1490.86	1233.575	6	0	0.0	24.0	983	1031	
2034	1490.86	1278.96	6	0	0.0	24.0	983	1017	
2035	1332.9950000000001	2386.33	6	0	0.0	24.0	985	993	
2036	1167.41	2342.885	6	0	0.0	24.0	985	986	
2037	662.6400000000001	2342.885	6	0	0.0	24.0	986	1042	
2038	717.73	2309.71	6	0	0.0	24.0	986	1021	
2039	800.7349999999999	2376.06	6	0	0.0	24.0	986	1007	
2040	1369.57	1514.525	6	0	0.0	24.0	987	992	
2041	1430.215	1300.2	6	0	0.0	24.0	987	1017	
2042	1040.6599999999999	1145.42	6	0	0.0	24.0	988	1024	
2043	1099.01	1123.69	6	0	0.0	24.0	988	995	
2044	1040.6599999999999	1101.96	6	0	0.0	24.0	988	1018	
2045	1215.23	904.3	6	0	0.0	24.0	991	1041	
2046	1171.71	1494.99	6	0	0.0	24.0	992	1043	
2047	1152.38	1445.5149999999999	6	0	0.0	24.0	992	995	
2048	1633.3	1631.6	6	0	0.0	24.0	994	1030	
2049	1099.01	1420.565	6	0	0.0	24.0	995	1047	
2050	1099.01	1384.9099999999999	6	0	0.0	24.0	995	1002	
2051	1099.01	1337.065	6	0	0.0	24.0	995	1032	
2052	1152.39	1278.96	6	0	0.0	24.0	995	1017	
2053	1099.01	1278.96	6	0	0.0	24.0	995	1010	
2054	1152.39	1214.2649999999999	6	0	0.0	24.0	995	1049	
2055	1131.115	1494.99	6	0	0.0	24.0	995	1043	
2056	1099.01	1201.5700000000002	6	0	0.0	24.0	995	1024	
2057	1152.39	1081.7	6	0	0.0	24.0	995	1045	
2058	1099.01	1047.275	6	0	0.0	24.0	995	1018	
2059	1337.33	922.625	6	0	0.0	24.0	998	1041	
2060	1267.96	1674.415	6	0	0.0	24.0	999	1001	
2061	597.45	2299.2	6	0	0.0	24.0	1000	1042	
2062	542.225	2376.06	6	0	0.0	24.0	1000	1007	
2063	1305.46	1631.6	6	0	0.0	24.0	1001	1006	
2064	1040.6599999999999	1391.51	6	0	0.0	24.0	1002	1047	
2065	1040.6599999999999	1373.79	6	0	0.0	24.0	1002	1032	
2066	1337.33	1001.96	6	0	0.0	24.0	1005	1041	
2067	630.0450000000001	2376.06	6	0	0.0	24.0	1007	1042	
2068	731.1099999999999	2460.29	6	0	0.0	24.0	1007	1015	
2069	1040.6599999999999	1300.2	6	0	0.0	24.0	1010	1032	
2070	1040.6599999999999	1257.72	6	0	0.0	24.0	1010	1024	
2071	1064.5149999999999	796.6	6	0	0.0	24.0	1012	1033	
2072	1337.33	1048.185	6	0	0.0	24.0	1013	1041	
2073	736.91	2575.64	6	0	0.0	24.0	1015	1023	
2074	1419.93	1257.72	6	0	0.0	24.0	1017	1031	
2075	1250.69	1257.72	6	0	0.0	24.0	1017	1049	
2076	662.6400000000001	2214.39	6	0	0.0	24.0	1021	1042	
2077	1195.46	2082.64	6	0	0.0	24.0	1027	1029	
2078	768.8299999999999	840.335	6	0	0.0	24.0	1028	1039	
2079	1349.0	1233.5700000000002	6	0	0.0	24.0	1031	1049	
2080	1680.33	1747.78	6	0	0.0	24.0	1035	1040	
2081	1215.23	1024.77	6	0	0.0	24.0	1041	1045	
2082	1217.995	1170.81	6	0	0.0	24.0	1045	1049	
2083	1464.6	1661.605	6	1	0.0	24.0	789	939	
2084	1069.4900000000002	1565.045	6	1	0.0	24.0	827	977	
2085	1472.505	1974.06	6	1	0.0	24.0	839	989	
2086	1420.0049999999999	1837.8400000000001	6	1	0.0	24.0	846	996	
2087	1368.275	1837.8400000000001	6	1	0.0	24.0	853	1003	
2088	1156.29	656.6	6	1	0.0	24.0	861	1011	
2089	1420.0049999999999	1974.06	6	1	0.0	24.0	864	1014	
2090	1470.94	1837.8400000000001	6	1	0.0	24.0	869	1019	
2091	1368.0749999999998	1974.06	6	1	0.0	24.0	872	1022	
2092	1156.29	716.9000000000001	6	1	0.0	24.0	875	1025	
