0	1495.46	1683.25	1659.6	1710.75	0	1 	0	0	57	58	59	60	
1	662.65	772.81	1875.72	2066.7400000000002	0	0 	1	0	61	62	63	64	
2	555.75	727.42	875.23	1049.42	0	0 	1	0	65	66	67	
3	938.82	991.1600000000001	1875.72	2066.7400000000002	0	1 	0	0	68	69	70	71	
4	1343.81	1369.57	1768.13	1812.5	0	1 	0	0	23	
5	1495.46	1594.91	1710.75	1747.78	0	1 	0	0	57	72	
6	772.8	824.75	2119.08	2309.7	0	1 	0	0	73	74	75	76	
7	1215.23	1490.86	1056.95	1209.42	0	1 	0	0	77	78	79	80	81	82	83	84	
8	824.76	938.8199999999999	1875.72	2066.7400000000002	0	0 	1	0	70	85	86	87	
9	813.86	929.58	1373.93	1391.51	0	1 	0	0	88	89	90	91	
10	813.85	929.57	1145.42	1257.72	0	0 	1	0	92	93	94	95	
11	1460.42	1495.45	1710.75	1812.5	0	1 	0	0	72	96	
12	938.82	996.35	2376.06	2690.75	0	1 	0	0	2	41	97	98	99	100	101	
13	982.31	1100.9299999999998	1449.62	1494.9899999999998	0	1 	0	0	102	103	104	
14	1372.21	1460.42	1768.13	1812.5	0	1 	0	0	28	
15	991.16	1100.93	2119.08	2309.7	0	0 	1	0	105	106	107	108	
16	727.41	929.5799999999999	1449.62	1494.9899999999998	0	1 	0	0	109	110	111	112	113	
17	996.35	1108.55	2376.06	2599.79	0	1 	0	0	25	97	114	115	
18	727.42	768.8399999999999	875.23	992.59	0	1 	0	0	65	116	117	118	119	
19	991.16	1100.93	1875.72	2066.7400000000002	0	0 	1	0	68	120	121	122	
20	824.76	938.8199999999999	2119.08	2309.7	0	0 	1	0	73	123	124	125	
21	1029.14	1167.41	1635.1	1810.37	0	1 	0	0	126	127	128	129	130	
22	491.45	597.45	1916.71	2070.33	0	0 	1	0	131	
23	727.41	829.23	1494.99	1722.84	0	1 	0	0	113	132	133	134	
24	1100.93	1167.41	2119.08	2309.7	0	1 	0	0	105	135	136	137	138	139	140	
25	1343.81	1372.21	1710.75	1753.38	0	1 	0	0	27	
26	813.85	929.57	1257.72	1300.2	0	1 	0	0	94	141	142	143	
27	491.45	597.45	2070.34	2222.34	0	0 	1	0	144	
28	555.75	645.39	804.35	882.9100000000001	0	0 	1	0	14	21	53	
29	1215.23	1390.75	796.6	880.75	0	0 	1	0	9	54	56	145	146	
30	1683.25	1714.5	1557.0	1710.75	0	1 	0	0	58	
31	491.73	662.17	1583.39	1763.5	0	0 	1	0	34	36	147	148	149	150	151	
32	828.75	1029.1399999999999	1710.06	1810.37	0	0 	1	0	130	132	152	153	
33	1100.93	1167.41	1875.72	2066.7400000000002	0	1 	0	0	120	154	155	156	157	
34	1364.46	1498.58	2002.94	2063.9700000000003	0	1 	0	0	1	7	55	
35	491.73	597.45	1763.5	1916.71	0	0 	1	0	22	158	
36	1259.69	1298.64	769.6	804.35	0	0 	1	0	9	
37	996.35	1108.55	2599.79	2690.75	0	1 	0	0	2	25	29	40	
38	938.82	991.1600000000001	2119.08	2309.7	0	1 	0	0	106	123	159	160	
39	1433.74	1495.46	1631.6	1691.61	0	2 	0	0	59	161	162	289	
40	1152.38	1260.43	1300.2	1379.42	0	0 	1	0	163	164	165	166	
41	1129.89	1182.69	744.6	796.6	0	0 	1	0	3	
42	1495.46	1562.02	1547.23	1631.6100000000001	0	1 	0	0	13	
43	1152.38	1369.57	1379.43	1481.83	0	0 	1	0	164	167	168	169	170	171	172	
44	1498.58	1765.0	2040.49	2386.33	0	0 	1	0	8	173	
45	1167.41	1343.8100000000002	1869.45	1978.66	0	1 	0	0	155	174	175	176	177	
46	1343.81	1433.74	1631.6	1710.75	0	1 	0	0	18	24	161	
47	1460.42	1496.5600000000002	2066.74	2136.2299999999996	0	0 	1	0	20	50	55	
48	1342.96	1498.58	2136.23	2218.65	0	1 	0	0	20	31	33	
49	662.65	1167.4099999999999	2066.74	2119.08	0	1 	0	0	64	71	76	87	108	122	125	140	157	160	178	179	180	181	
50	727.42	813.8599999999999	992.59	1449.62	0	1 	0	0	67	91	95	112	119	143	182	183	184	185	186	187	188	
51	1343.81	1458.8	2066.74	2136.2299999999996	0	0 	1	0	50	
52	1260.43	1369.5700000000002	1300.2	1379.42	0	0 	1	0	163	168	189	190	
53	1167.41	1343.8100000000002	1714.25	1869.45	0	0 	1	0	127	177	191	192	193	
54	1342.96	1498.58	1863.18	1945.18	0	1 	0	0	0	4	10	11	35	42	174	194	195	
55	487.0	555.53	1379.43	1583.39	0	0 	1	0	36	
56	555.75	727.42	1049.42	1378.25	0	0 	1	0	16	186	
57	768.83	1215.22	927.85	992.58	0	1 	0	0	118	188	196	197	198	199	200	201	202	203	204	205	
58	1195.46	1342.5700000000002	2186.62	2218.65	0	0 	1	0	26	
59	772.8	824.75	1875.72	2066.7400000000002	0	1 	0	0	61	86	179	206	
60	1498.58	1765.0	1886.92	2040.49	0	1 	0	0	48	173	194	207	
61	1348.77	1498.58	2218.65	2291.53	0	0 	1	0	8	31	
62	1298.64	1349.0	769.6	804.35	0	0 	1	0	56	
63	929.57	982.3000000000001	992.59	1495.0	0	1 	0	0	88	93	104	109	141	200	208	209	210	211	212	213	214	215	216	217	218	
64	1342.96	1364.47	2002.94	2063.9700000000003	0	0 	1	0	1	
65	1349.0	1390.75	706.0	796.6	0	1 	0	0	47	
66	1407.46	1606.52	1126.02	1209.42	0	0 	1	0	78	
67	1267.96	1342.96	1552.14	1608.47	0	1 	0	0	219	220	
68	1108.55	1167.4099999999999	2376.06	2690.75	0	1 	0	0	29	44	114	221	222	223	
69	594.65	727.41	1546.42	1722.84	0	0 	1	0	6	12	133	147	148	149	224	
70	1490.86	1683.25	1373.09	1547.23	0	0 	1	0	13	15	225	
71	1192.03	1267.95	1552.14	1634.5800000000002	0	1 	0	0	219	226	227	228	
72	1167.41	1379.77	2218.65	2250.53	0	0 	1	0	33	138	229	230	
73	813.85	929.57	1101.96	1145.42	0	1 	0	0	92	182	214	231	
74	555.53	661.06	1379.43	1546.42	0	0 	1	0	12	38	
75	1182.69	1259.69	624.0	737.6	0	1 	0	0	45	51	232	233	234	
76	1490.86	1683.25	1300.04	1373.09	0	0 	1	0	235	
77	1029.14	1109.8400000000001	1494.99	1635.1	0	2 	0	0	128	290	
78	1167.41	1348.77	2250.53	2291.53	0	0 	1	0	137	230	236	
79	662.65	829.23	1722.84	1875.7199999999998	0	1 	0	0	63	134	153	206	224	237	238	
80	487.0	535.0	2460.29	2690.75	0	1 	0	0	30	32	52	
81	555.75	594.65	1547.46	1635.8400000000001	0	0 	1	0	6	
82	645.39	781.64	624.0	758.41	0	1 	0	0	19	
83	1490.86	1683.25	1209.42	1300.0500000000002	0	0 	1	0	239	240	
84	1343.81	1460.42	1710.75	1768.13	0	1 	0	0	23	24	27	28	96	
85	1167.41	1498.5800000000002	2291.53	2386.3300000000004	0	0 	1	0	136	222	236	241	242	
86	662.65	1167.4099999999999	2309.71	2376.06	0	1 	0	0	75	98	107	115	124	139	159	223	242	243	244	245	
87	1369.57	1490.86	1300.2	1547.22	0	1 	0	0	167	189	225	235	246	247	
88	982.31	1099.01	1101.96	1145.42	0	1 	0	0	213	248	249	250	
89	1446.43	1498.5800000000002	1945.18	2002.94	0	2 	0	0	7	35	291	
90	1182.69	1349.0	706.0	804.35	0	1 	0	0	45	47	54	
91	1129.89	1215.23	796.6	927.85	0	0 	1	0	3	54	146	202	251	
92	1152.38	1369.57	1396.03	1552.14	0	1 	0	0	169	170	171	220	228	246	252	253	
93	1167.41	1765.0	2386.33	2690.75	0	0 	1	0	37	43	221	241	
94	1562.02	1683.25	1448.48	1659.6	0	1 	0	0	15	254	
95	1099.01	1152.39	992.59	1495.0	0	1 	0	0	103	166	172	198	249	253	255	256	257	258	259	260	261	262	263	264	
96	1393.58	1446.4299999999998	1812.5	1863.18	0	2 	0	0	0	292	
97	847.64	999.14	624.0	805.45	0	0 	1	0	49	
98	1337.33	1447.0	880.75	964.5	0	0 	1	0	265	
99	1167.41	1267.96	1634.58	1714.25	0	1 	0	0	126	192	227	266	
100	487.0	597.45	2222.34	2376.06	0	0 	1	0	267	268	
101	1267.96	1342.96	1631.6	1714.25	0	0 	1	0	191	266	269	
102	982.31	1099.01	1373.79	1396.03	0	1 	0	0	209	256	270	271	
103	1342.96	1393.5900000000001	1812.5	1863.18	0	2 	0	0	10	293	
104	1259.69	1349.0	624.0	706.0	0	1 	0	0	233	
105	1337.33	1502.0	964.5	1039.42	0	0 	1	0	272	
106	1267.96	1342.96	1608.48	1631.6100000000001	0	0 	1	0	226	269	
107	487.0	938.8199999999999	2376.06	2460.29	0	0 	1	0	32	101	245	268	273	274	
108	829.23	1167.41	1810.37	1875.7199999999998	0	1 	0	0	69	85	121	129	152	156	193	237	
109	1342.96	1495.46	1547.23	1631.6100000000001	0	1 	0	0	18	
110	982.31	1099.01	1257.72	1300.2	0	1 	0	0	211	259	275	276	
111	1129.89	1182.69	624.0	689.2	0	2 	0	0	234	294	
112	999.14	1129.8899999999999	624.0	796.6	0	0 	1	0	277	
113	1337.33	1553.25	1039.42	1126.02	0	0 	1	0	79	278	
114	1393.58	1446.4299999999998	1945.18	2002.94	0	2 	0	0	42	295	
115	523.4	938.8199999999999	2460.29	2575.64	0	0 	1	0	100	274	279	
116	555.75	645.39	624.0	804.35	0	1 	0	0	21	39	
117	1152.38	1492.0100000000002	1257.72	1300.2	0	1 	0	0	165	190	240	247	258	280	281	
118	982.31	1099.01	992.59	1101.96	0	0 	1	0	199	215	250	264	
119	1446.43	1495.45	1812.5	1863.18	0	2 	0	0	4	296	
120	645.39	875.86	758.41	804.35	0	1 	0	0	5	17	19	46	49	
121	662.65	772.81	2119.08	2309.7	0	0 	1	0	74	181	244	282	
122	1342.57	1393.58	1945.18	2002.94	0	2 	0	0	11	297	
123	535.0	938.8199999999999	2575.64	2691.19	0	0 	1	0	99	279	
124	982.31	1099.01	1145.42	1257.72	0	0 	1	0	212	248	262	276	
125	1129.89	1182.69	689.2	744.6	0	2 	0	0	232	298	
126	847.64	877.9499999999999	700.24	766.45	0	1 	0	0	46	
127	1167.41	1195.46	1978.66	2218.65	0	0 	1	0	135	154	176	178	229	283	
128	645.39	768.8299999999999	804.35	875.22	0	1 	0	0	14	17	66	117	284	
129	1195.46	1342.5700000000002	1978.66	2186.62	0	0 	1	0	26	175	283	
130	1495.46	1656.74	1631.6	1659.6	0	1 	0	0	60	162	254	
131	1349.0	1490.8600000000001	1209.42	1257.73	0	1 	0	0	77	239	280	285	
132	982.31	1099.01	1300.2	1373.93	0	0 	1	0	210	257	271	275	
133	999.14	1129.8899999999999	796.6	927.85	0	0 	1	0	203	277	
134	897.75	999.14	805.45	927.85	0	0 	1	0	204	
135	1594.91	1765.75	1710.75	1747.78	0	0 	1	0	286	
136	445.75	487.0	1710.75	1823.25	0	1 	0	0	22	34	
137	661.05	727.4	1379.43	1547.47	0	1 	0	0	16	38	111	187	
138	781.64	847.64	624.0	772.95	0	0 	1	0	5	
139	768.83	897.75	805.45	927.85	0	0 	1	0	116	205	284	
140	1496.57	1765.75	1747.78	1886.92	0	0 	1	0	195	207	286	
141	1215.23	1337.33	880.75	1056.95	0	1 	0	0	80	145	196	251	265	272	278	287	
142	597.45	662.6400000000001	1722.84	2376.06	0	1 	0	0	62	131	144	150	151	158	180	238	243	267	273	282	
143	1109.84	1191.04	1494.99	1635.1	0	0 	1	0	252	261	
144	813.85	929.57	1391.51	1449.62	0	0 	1	0	89	110	184	217	
145	1152.38	1283.61	992.59	1170.81	0	0 	1	0	83	84	197	263	287	288	
146	813.85	929.57	992.59	1101.96	0	0 	1	0	183	201	216	231	
147	982.31	1099.01	1391.51	1449.62	0	0 	1	0	102	208	255	270	
148	813.85	929.57	1300.2	1373.79	0	0 	1	0	90	142	185	218	
149	1152.38	1349.0	1170.81	1257.72	0	0 	1	0	81	82	260	281	285	288	
150	1495.46	1683.25	1659.6	1710.75	1	1 	0	0	356	357	358	359	
151	662.65	772.81	1875.72	2066.7400000000002	1	0 	1	0	360	361	362	363	
152	555.75	727.42	875.23	1049.42	1	0 	1	0	364	365	366	
153	938.82	991.1600000000001	1875.72	2066.7400000000002	1	1 	0	0	367	368	369	370	
154	1343.81	1369.57	1768.13	1812.5	1	1 	0	0	322	
155	1495.46	1594.91	1710.75	1747.78	1	1 	0	0	356	371	
156	772.8	824.75	2119.08	2309.7	1	1 	0	0	372	373	374	375	
157	1215.23	1490.86	1056.95	1209.42	1	1 	0	0	376	377	378	379	380	381	382	383	
158	824.76	938.8199999999999	1875.72	2066.7400000000002	1	0 	1	0	369	384	385	386	
159	813.86	929.58	1373.93	1391.51	1	1 	0	0	387	388	389	390	
160	813.85	929.57	1145.42	1257.72	1	0 	1	0	391	392	393	394	
161	1460.42	1495.45	1710.75	1812.5	1	1 	0	0	371	395	
162	938.82	996.35	2376.06	2690.75	1	1 	0	0	301	340	396	397	398	399	400	
163	982.31	1100.9299999999998	1449.62	1494.9899999999998	1	1 	0	0	401	402	403	
164	1372.21	1460.42	1768.13	1812.5	1	1 	0	0	327	
165	991.16	1100.93	2119.08	2309.7	1	0 	1	0	404	405	406	407	
166	727.41	929.5799999999999	1449.62	1494.9899999999998	1	1 	0	0	408	409	410	411	412	
167	996.35	1108.55	2376.06	2599.79	1	1 	0	0	324	396	413	414	
168	727.42	768.8399999999999	875.23	992.59	1	1 	0	0	364	415	416	417	418	
169	991.16	1100.93	1875.72	2066.7400000000002	1	0 	1	0	367	419	420	421	
170	824.76	938.8199999999999	2119.08	2309.7	1	0 	1	0	372	422	423	424	
171	1029.14	1167.41	1635.1	1810.37	1	1 	0	0	425	426	427	428	429	
172	491.45	597.45	1916.71	2070.33	1	0 	1	0	430	
173	727.41	829.23	1494.99	1722.84	1	1 	0	0	412	431	432	433	
174	1100.93	1167.41	2119.08	2309.7	1	1 	0	0	404	434	435	436	437	438	439	
175	1343.81	1372.21	1710.75	1753.38	1	1 	0	0	326	
176	813.85	929.57	1257.72	1300.2	1	1 	0	0	393	440	441	442	
177	491.45	597.45	2070.34	2222.34	1	0 	1	0	443	
178	555.75	645.39	804.35	882.9100000000001	1	0 	1	0	313	320	352	
179	1215.23	1390.75	796.6	880.75	1	0 	1	0	308	353	355	444	445	
180	1683.25	1714.5	1557.0	1710.75	1	1 	0	0	357	
181	491.73	662.17	1583.39	1763.5	1	0 	1	0	333	335	446	447	448	449	450	
182	828.75	1029.1399999999999	1710.06	1810.37	1	0 	1	0	429	431	451	452	
183	1100.93	1167.41	1875.72	2066.7400000000002	1	1 	0	0	419	453	454	455	456	
184	1364.46	1498.58	2002.94	2063.9700000000003	1	1 	0	0	300	306	354	
185	491.73	597.45	1763.5	1916.71	1	0 	1	0	321	457	
186	1259.69	1298.64	769.6	804.35	1	0 	1	0	308	
187	996.35	1108.55	2599.79	2690.75	1	1 	0	0	301	324	328	339	
188	938.82	991.1600000000001	2119.08	2309.7	1	1 	0	0	405	422	458	459	
189	1433.74	1495.46	1631.6	1691.61	1	2 	0	0	358	460	461	588	
190	1152.38	1260.43	1300.2	1379.42	1	0 	1	0	462	463	464	465	
191	1129.89	1182.69	744.6	796.6	1	0 	1	0	302	
192	1495.46	1562.02	1547.23	1631.6100000000001	1	1 	0	0	312	
193	1152.38	1369.57	1379.43	1481.83	1	0 	1	0	463	466	467	468	469	470	471	
194	1498.58	1765.0	2040.49	2386.33	1	0 	1	0	307	472	
195	1167.41	1343.8100000000002	1869.45	1978.66	1	1 	0	0	454	473	474	475	476	
196	1343.81	1433.74	1631.6	1710.75	1	1 	0	0	317	323	460	
197	1460.42	1496.5600000000002	2066.74	2136.2299999999996	1	0 	1	0	319	349	354	
198	1342.96	1498.58	2136.23	2218.65	1	1 	0	0	319	330	332	
199	662.65	1167.4099999999999	2066.74	2119.08	1	1 	0	0	363	370	375	386	407	421	424	439	456	459	477	478	479	480	
200	727.42	813.8599999999999	992.59	1449.62	1	1 	0	0	366	390	394	411	418	442	481	482	483	484	485	486	487	
201	1343.81	1458.8	2066.74	2136.2299999999996	1	0 	1	0	349	
202	1260.43	1369.5700000000002	1300.2	1379.42	1	0 	1	0	462	467	488	489	
203	1167.41	1343.8100000000002	1714.25	1869.45	1	0 	1	0	426	476	490	491	492	
204	1342.96	1498.58	1863.18	1945.18	1	1 	0	0	299	303	309	310	334	341	473	493	494	
205	487.0	555.53	1379.43	1583.39	1	0 	1	0	335	
206	555.75	727.42	1049.42	1378.25	1	0 	1	0	315	485	
207	768.83	1215.22	927.85	992.58	1	1 	0	0	417	487	495	496	497	498	499	500	501	502	503	504	
208	1195.46	1342.5700000000002	2186.62	2218.65	1	0 	1	0	325	
209	772.8	824.75	1875.72	2066.7400000000002	1	1 	0	0	360	385	478	505	
210	1498.58	1765.0	1886.92	2040.49	1	1 	0	0	347	472	493	506	
211	1348.77	1498.58	2218.65	2291.53	1	0 	1	0	307	330	
212	1298.64	1349.0	769.6	804.35	1	0 	1	0	355	
213	929.57	982.3000000000001	992.59	1495.0	1	1 	0	0	387	392	403	408	440	499	507	508	509	510	511	512	513	514	515	516	517	
214	1342.96	1364.47	2002.94	2063.9700000000003	1	0 	1	0	300	
215	1349.0	1390.75	706.0	796.6	1	1 	0	0	346	
216	1407.46	1606.52	1126.02	1209.42	1	0 	1	0	377	
217	1267.96	1342.96	1552.14	1608.47	1	1 	0	0	518	519	
218	1108.55	1167.4099999999999	2376.06	2690.75	1	1 	0	0	328	343	413	520	521	522	
219	594.65	727.41	1546.42	1722.84	1	0 	1	0	305	311	432	446	447	448	523	
220	1490.86	1683.25	1373.09	1547.23	1	0 	1	0	312	314	524	
221	1192.03	1267.95	1552.14	1634.5800000000002	1	1 	0	0	518	525	526	527	
222	1167.41	1379.77	2218.65	2250.53	1	0 	1	0	332	437	528	529	
223	813.85	929.57	1101.96	1145.42	1	1 	0	0	391	481	513	530	
224	555.53	661.06	1379.43	1546.42	1	0 	1	0	311	337	
225	1182.69	1259.69	624.0	737.6	1	1 	0	0	344	350	531	532	533	
226	1490.86	1683.25	1300.04	1373.09	1	0 	1	0	534	
227	1029.14	1109.8400000000001	1494.99	1635.1	1	2 	0	0	427	589	
228	1167.41	1348.77	2250.53	2291.53	1	0 	1	0	436	529	535	
229	662.65	829.23	1722.84	1875.7199999999998	1	1 	0	0	362	433	452	505	523	536	537	
230	487.0	535.0	2460.29	2690.75	1	1 	0	0	329	331	351	
231	555.75	594.65	1547.46	1635.8400000000001	1	0 	1	0	305	
232	645.39	781.64	624.0	758.41	1	1 	0	0	318	
233	1490.86	1683.25	1209.42	1300.0500000000002	1	0 	1	0	538	539	
234	1343.81	1460.42	1710.75	1768.13	1	1 	0	0	322	323	326	327	395	
235	1167.41	1498.5800000000002	2291.53	2386.3300000000004	1	0 	1	0	435	521	535	540	541	
236	662.65	1167.4099999999999	2309.71	2376.06	1	1 	0	0	374	397	406	414	423	438	458	522	541	542	543	544	
237	1369.57	1490.86	1300.2	1547.22	1	1 	0	0	466	488	524	534	545	546	
238	982.31	1099.01	1101.96	1145.42	1	1 	0	0	512	547	548	549	
239	1446.43	1498.5800000000002	1945.18	2002.94	1	2 	0	0	306	334	590	
240	1182.69	1349.0	706.0	804.35	1	1 	0	0	344	346	353	
241	1129.89	1215.23	796.6	927.85	1	0 	1	0	302	353	445	501	550	
242	1152.38	1369.57	1396.03	1552.14	1	1 	0	0	468	469	470	519	527	545	551	552	
243	1167.41	1765.0	2386.33	2690.75	1	0 	1	0	336	342	520	540	
244	1562.02	1683.25	1448.48	1659.6	1	1 	0	0	314	553	
245	1099.01	1152.39	992.59	1495.0	1	1 	0	0	402	465	471	497	548	552	554	555	556	557	558	559	560	561	562	563	
246	1393.58	1446.4299999999998	1812.5	1863.18	1	2 	0	0	299	591	
247	847.64	999.14	624.0	805.45	1	0 	1	0	348	
248	1337.33	1447.0	880.75	964.5	1	0 	1	0	564	
249	1167.41	1267.96	1634.58	1714.25	1	1 	0	0	425	491	526	565	
250	487.0	597.45	2222.34	2376.06	1	0 	1	0	566	567	
251	1267.96	1342.96	1631.6	1714.25	1	0 	1	0	490	565	568	
252	982.31	1099.01	1373.79	1396.03	1	1 	0	0	508	555	569	570	
253	1342.96	1393.5900000000001	1812.5	1863.18	1	2 	0	0	309	592	
254	1259.69	1349.0	624.0	706.0	1	1 	0	0	532	
255	1337.33	1502.0	964.5	1039.42	1	0 	1	0	571	
256	1267.96	1342.96	1608.48	1631.6100000000001	1	0 	1	0	525	568	
257	487.0	938.8199999999999	2376.06	2460.29	1	0 	1	0	331	400	544	567	572	573	
258	829.23	1167.41	1810.37	1875.7199999999998	1	1 	0	0	368	384	420	428	451	455	492	536	
259	1342.96	1495.46	1547.23	1631.6100000000001	1	1 	0	0	317	
260	982.31	1099.01	1257.72	1300.2	1	1 	0	0	510	558	574	575	
261	1129.89	1182.69	624.0	689.2	1	2 	0	0	533	593	
262	999.14	1129.8899999999999	624.0	796.6	1	0 	1	0	576	
263	1337.33	1553.25	1039.42	1126.02	1	0 	1	0	378	577	
264	1393.58	1446.4299999999998	1945.18	2002.94	1	2 	0	0	341	594	
265	523.4	938.8199999999999	2460.29	2575.64	1	0 	1	0	399	573	578	
266	555.75	645.39	624.0	804.35	1	1 	0	0	320	338	
267	1152.38	1492.0100000000002	1257.72	1300.2	1	1 	0	0	464	489	539	546	557	579	580	
268	982.31	1099.01	992.59	1101.96	1	0 	1	0	498	514	549	563	
269	1446.43	1495.45	1812.5	1863.18	1	2 	0	0	303	595	
270	645.39	875.86	758.41	804.35	1	1 	0	0	304	316	318	345	348	
271	662.65	772.81	2119.08	2309.7	1	0 	1	0	373	480	543	581	
272	1342.57	1393.58	1945.18	2002.94	1	2 	0	0	310	596	
273	535.0	938.8199999999999	2575.64	2691.19	1	0 	1	0	398	578	
274	982.31	1099.01	1145.42	1257.72	1	0 	1	0	511	547	561	575	
275	1129.89	1182.69	689.2	744.6	1	2 	0	0	531	597	
276	847.64	877.9499999999999	700.24	766.45	1	1 	0	0	345	
277	1167.41	1195.46	1978.66	2218.65	1	0 	1	0	434	453	475	477	528	582	
278	645.39	768.8299999999999	804.35	875.22	1	1 	0	0	313	316	365	416	583	
279	1195.46	1342.5700000000002	1978.66	2186.62	1	0 	1	0	325	474	582	
280	1495.46	1656.74	1631.6	1659.6	1	1 	0	0	359	461	553	
281	1349.0	1490.8600000000001	1209.42	1257.73	1	1 	0	0	376	538	579	584	
282	982.31	1099.01	1300.2	1373.93	1	0 	1	0	509	556	570	574	
283	999.14	1129.8899999999999	796.6	927.85	1	0 	1	0	502	576	
284	897.75	999.14	805.45	927.85	1	0 	1	0	503	
285	1594.91	1765.75	1710.75	1747.78	1	0 	1	0	585	
286	445.75	487.0	1710.75	1823.25	1	1 	0	0	321	333	
287	661.05	727.4	1379.43	1547.47	1	1 	0	0	315	337	410	486	
288	781.64	847.64	624.0	772.95	1	0 	1	0	304	
289	768.83	897.75	805.45	927.85	1	0 	1	0	415	504	583	
290	1496.57	1765.75	1747.78	1886.92	1	0 	1	0	494	506	585	
291	1215.23	1337.33	880.75	1056.95	1	1 	0	0	379	444	495	550	564	571	577	586	
292	597.45	662.6400000000001	1722.84	2376.06	1	1 	0	0	361	430	443	449	450	457	479	537	542	566	572	581	
293	1109.84	1191.04	1494.99	1635.1	1	0 	1	0	551	560	
294	813.85	929.57	1391.51	1449.62	1	0 	1	0	388	409	483	516	
295	1152.38	1283.61	992.59	1170.81	1	0 	1	0	382	383	496	562	586	587	
296	813.85	929.57	992.59	1101.96	1	0 	1	0	482	500	515	530	
297	982.31	1099.01	1391.51	1449.62	1	0 	1	0	401	507	554	569	
298	813.85	929.57	1300.2	1373.79	1	0 	1	0	389	441	484	517	
299	1152.38	1349.0	1170.81	1257.72	1	0 	1	0	380	381	559	580	584	587	
300	1495.46	1683.25	1659.6	1710.75	2	1 	0	0	655	656	657	658	
301	662.65	772.81	1875.72	2066.7400000000002	2	0 	1	0	659	660	661	662	
302	555.75	727.42	875.23	1049.42	2	0 	1	0	663	664	665	
303	938.82	991.1600000000001	1875.72	2066.7400000000002	2	1 	0	0	666	667	668	669	
304	1343.81	1369.57	1768.13	1812.5	2	1 	0	0	621	
305	1495.46	1594.91	1710.75	1747.78	2	1 	0	0	655	670	
306	772.8	824.75	2119.08	2309.7	2	1 	0	0	671	672	673	674	
307	1215.23	1490.86	1056.95	1209.42	2	1 	0	0	675	676	677	678	679	680	681	682	
308	824.76	938.8199999999999	1875.72	2066.7400000000002	2	0 	1	0	668	683	684	685	
309	813.86	929.58	1373.93	1391.51	2	1 	0	0	686	687	688	689	
310	813.85	929.57	1145.42	1257.72	2	0 	1	0	690	691	692	693	
311	1460.42	1495.45	1710.75	1812.5	2	1 	0	0	670	694	
312	938.82	996.35	2376.06	2690.75	2	1 	0	0	600	639	695	696	697	698	699	
313	982.31	1100.9299999999998	1449.62	1494.9899999999998	2	1 	0	0	700	701	702	
314	1372.21	1460.42	1768.13	1812.5	2	1 	0	0	626	
315	991.16	1100.93	2119.08	2309.7	2	0 	1	0	703	704	705	706	
316	727.41	929.5799999999999	1449.62	1494.9899999999998	2	1 	0	0	707	708	709	710	711	
317	996.35	1108.55	2376.06	2599.79	2	1 	0	0	623	695	712	713	
318	727.42	768.8399999999999	875.23	992.59	2	1 	0	0	663	714	715	716	717	
319	991.16	1100.93	1875.72	2066.7400000000002	2	0 	1	0	666	718	719	720	
320	824.76	938.8199999999999	2119.08	2309.7	2	0 	1	0	671	721	722	723	
321	1029.14	1167.41	1635.1	1810.37	2	1 	0	0	724	725	726	727	728	
322	491.45	597.45	1916.71	2070.33	2	0 	1	0	729	
323	727.41	829.23	1494.99	1722.84	2	1 	0	0	711	730	731	732	
324	1100.93	1167.41	2119.08	2309.7	2	1 	0	0	703	733	734	735	736	737	738	
325	1343.81	1372.21	1710.75	1753.38	2	1 	0	0	625	
326	813.85	929.57	1257.72	1300.2	2	1 	0	0	692	739	740	741	
327	491.45	597.45	2070.34	2222.34	2	0 	1	0	742	
328	555.75	645.39	804.35	882.9100000000001	2	0 	1	0	612	619	651	
329	1215.23	1390.75	796.6	880.75	2	0 	1	0	607	652	654	743	744	
330	1683.25	1714.5	1557.0	1710.75	2	1 	0	0	656	
331	491.73	662.17	1583.39	1763.5	2	0 	1	0	632	634	745	746	747	748	749	
332	828.75	1029.1399999999999	1710.06	1810.37	2	0 	1	0	728	730	750	751	
333	1100.93	1167.41	1875.72	2066.7400000000002	2	1 	0	0	718	752	753	754	755	
334	1364.46	1498.58	2002.94	2063.9700000000003	2	1 	0	0	599	605	653	
335	491.73	597.45	1763.5	1916.71	2	0 	1	0	620	756	
336	1259.69	1298.64	769.6	804.35	2	0 	1	0	607	
337	996.35	1108.55	2599.79	2690.75	2	1 	0	0	600	623	627	638	
338	938.82	991.1600000000001	2119.08	2309.7	2	1 	0	0	704	721	757	758	
339	1433.74	1495.46	1631.6	1691.61	2	2 	0	0	657	759	760	887	
340	1152.38	1260.43	1300.2	1379.42	2	0 	1	0	761	762	763	764	
341	1129.89	1182.69	744.6	796.6	2	0 	1	0	601	
342	1495.46	1562.02	1547.23	1631.6100000000001	2	1 	0	0	611	
343	1152.38	1369.57	1379.43	1481.83	2	0 	1	0	762	765	766	767	768	769	770	
344	1498.58	1765.0	2040.49	2386.33	2	0 	1	0	606	771	
345	1167.41	1343.8100000000002	1869.45	1978.66	2	1 	0	0	753	772	773	774	775	
346	1343.81	1433.74	1631.6	1710.75	2	1 	0	0	616	622	759	
347	1460.42	1496.5600000000002	2066.74	2136.2299999999996	2	0 	1	0	618	648	653	
348	1342.96	1498.58	2136.23	2218.65	2	1 	0	0	618	629	631	
349	662.65	1167.4099999999999	2066.74	2119.08	2	1 	0	0	662	669	674	685	706	720	723	738	755	758	776	777	778	779	
350	727.42	813.8599999999999	992.59	1449.62	2	1 	0	0	665	689	693	710	717	741	780	781	782	783	784	785	786	
351	1343.81	1458.8	2066.74	2136.2299999999996	2	0 	1	0	648	
352	1260.43	1369.5700000000002	1300.2	1379.42	2	0 	1	0	761	766	787	788	
353	1167.41	1343.8100000000002	1714.25	1869.45	2	0 	1	0	725	775	789	790	791	
354	1342.96	1498.58	1863.18	1945.18	2	1 	0	0	598	602	608	609	633	640	772	792	793	
355	487.0	555.53	1379.43	1583.39	2	0 	1	0	634	
356	555.75	727.42	1049.42	1378.25	2	0 	1	0	614	784	
357	768.83	1215.22	927.85	992.58	2	1 	0	0	716	786	794	795	796	797	798	799	800	801	802	803	
358	1195.46	1342.5700000000002	2186.62	2218.65	2	0 	1	0	624	
359	772.8	824.75	1875.72	2066.7400000000002	2	1 	0	0	659	684	777	804	
360	1498.58	1765.0	1886.92	2040.49	2	1 	0	0	646	771	792	805	
361	1348.77	1498.58	2218.65	2291.53	2	0 	1	0	606	629	
362	1298.64	1349.0	769.6	804.35	2	0 	1	0	654	
363	929.57	982.3000000000001	992.59	1495.0	2	1 	0	0	686	691	702	707	739	798	806	807	808	809	810	811	812	813	814	815	816	
364	1342.96	1364.47	2002.94	2063.9700000000003	2	0 	1	0	599	
365	1349.0	1390.75	706.0	796.6	2	1 	0	0	645	
366	1407.46	1606.52	1126.02	1209.42	2	0 	1	0	676	
367	1267.96	1342.96	1552.14	1608.47	2	1 	0	0	817	818	
368	1108.55	1167.4099999999999	2376.06	2690.75	2	1 	0	0	627	642	712	819	820	821	
369	594.65	727.41	1546.42	1722.84	2	0 	1	0	604	610	731	745	746	747	822	
370	1490.86	1683.25	1373.09	1547.23	2	0 	1	0	611	613	823	
371	1192.03	1267.95	1552.14	1634.5800000000002	2	1 	0	0	817	824	825	826	
372	1167.41	1379.77	2218.65	2250.53	2	0 	1	0	631	736	827	828	
373	813.85	929.57	1101.96	1145.42	2	1 	0	0	690	780	812	829	
374	555.53	661.06	1379.43	1546.42	2	0 	1	0	610	636	
375	1182.69	1259.69	624.0	737.6	2	1 	0	0	643	649	830	831	832	
376	1490.86	1683.25	1300.04	1373.09	2	0 	1	0	833	
377	1029.14	1109.8400000000001	1494.99	1635.1	2	2 	0	0	726	888	
378	1167.41	1348.77	2250.53	2291.53	2	0 	1	0	735	828	834	
379	662.65	829.23	1722.84	1875.7199999999998	2	1 	0	0	661	732	751	804	822	835	836	
380	487.0	535.0	2460.29	2690.75	2	1 	0	0	628	630	650	
381	555.75	594.65	1547.46	1635.8400000000001	2	0 	1	0	604	
382	645.39	781.64	624.0	758.41	2	1 	0	0	617	
383	1490.86	1683.25	1209.42	1300.0500000000002	2	0 	1	0	837	838	
384	1343.81	1460.42	1710.75	1768.13	2	1 	0	0	621	622	625	626	694	
385	1167.41	1498.5800000000002	2291.53	2386.3300000000004	2	0 	1	0	734	820	834	839	840	
386	662.65	1167.4099999999999	2309.71	2376.06	2	1 	0	0	673	696	705	713	722	737	757	821	840	841	842	843	
387	1369.57	1490.86	1300.2	1547.22	2	1 	0	0	765	787	823	833	844	845	
388	982.31	1099.01	1101.96	1145.42	2	1 	0	0	811	846	847	848	
389	1446.43	1498.5800000000002	1945.18	2002.94	2	2 	0	0	605	633	889	
390	1182.69	1349.0	706.0	804.35	2	1 	0	0	643	645	652	
391	1129.89	1215.23	796.6	927.85	2	0 	1	0	601	652	744	800	849	
392	1152.38	1369.57	1396.03	1552.14	2	1 	0	0	767	768	769	818	826	844	850	851	
393	1167.41	1765.0	2386.33	2690.75	2	0 	1	0	635	641	819	839	
394	1562.02	1683.25	1448.48	1659.6	2	1 	0	0	613	852	
395	1099.01	1152.39	992.59	1495.0	2	1 	0	0	701	764	770	796	847	851	853	854	855	856	857	858	859	860	861	862	
396	1393.58	1446.4299999999998	1812.5	1863.18	2	2 	0	0	598	890	
397	847.64	999.14	624.0	805.45	2	0 	1	0	647	
398	1337.33	1447.0	880.75	964.5	2	0 	1	0	863	
399	1167.41	1267.96	1634.58	1714.25	2	1 	0	0	724	790	825	864	
400	487.0	597.45	2222.34	2376.06	2	0 	1	0	865	866	
401	1267.96	1342.96	1631.6	1714.25	2	0 	1	0	789	864	867	
402	982.31	1099.01	1373.79	1396.03	2	1 	0	0	807	854	868	869	
403	1342.96	1393.5900000000001	1812.5	1863.18	2	2 	0	0	608	891	
404	1259.69	1349.0	624.0	706.0	2	1 	0	0	831	
405	1337.33	1502.0	964.5	1039.42	2	0 	1	0	870	
406	1267.96	1342.96	1608.48	1631.6100000000001	2	0 	1	0	824	867	
407	487.0	938.8199999999999	2376.06	2460.29	2	0 	1	0	630	699	843	866	871	872	
408	829.23	1167.41	1810.37	1875.7199999999998	2	1 	0	0	667	683	719	727	750	754	791	835	
409	1342.96	1495.46	1547.23	1631.6100000000001	2	1 	0	0	616	
410	982.31	1099.01	1257.72	1300.2	2	1 	0	0	809	857	873	874	
411	1129.89	1182.69	624.0	689.2	2	2 	0	0	832	892	
412	999.14	1129.8899999999999	624.0	796.6	2	0 	1	0	875	
413	1337.33	1553.25	1039.42	1126.02	2	0 	1	0	677	876	
414	1393.58	1446.4299999999998	1945.18	2002.94	2	2 	0	0	640	893	
415	523.4	938.8199999999999	2460.29	2575.64	2	0 	1	0	698	872	877	
416	555.75	645.39	624.0	804.35	2	1 	0	0	619	637	
417	1152.38	1492.0100000000002	1257.72	1300.2	2	1 	0	0	763	788	838	845	856	878	879	
418	982.31	1099.01	992.59	1101.96	2	0 	1	0	797	813	848	862	
419	1446.43	1495.45	1812.5	1863.18	2	2 	0	0	602	894	
420	645.39	875.86	758.41	804.35	2	1 	0	0	603	615	617	644	647	
421	662.65	772.81	2119.08	2309.7	2	0 	1	0	672	779	842	880	
422	1342.57	1393.58	1945.18	2002.94	2	2 	0	0	609	895	
423	535.0	938.8199999999999	2575.64	2691.19	2	0 	1	0	697	877	
424	982.31	1099.01	1145.42	1257.72	2	0 	1	0	810	846	860	874	
425	1129.89	1182.69	689.2	744.6	2	2 	0	0	830	896	
426	847.64	877.9499999999999	700.24	766.45	2	1 	0	0	644	
427	1167.41	1195.46	1978.66	2218.65	2	0 	1	0	733	752	774	776	827	881	
428	645.39	768.8299999999999	804.35	875.22	2	1 	0	0	612	615	664	715	882	
429	1195.46	1342.5700000000002	1978.66	2186.62	2	0 	1	0	624	773	881	
430	1495.46	1656.74	1631.6	1659.6	2	1 	0	0	658	760	852	
431	1349.0	1490.8600000000001	1209.42	1257.73	2	1 	0	0	675	837	878	883	
432	982.31	1099.01	1300.2	1373.93	2	0 	1	0	808	855	869	873	
433	999.14	1129.8899999999999	796.6	927.85	2	0 	1	0	801	875	
434	897.75	999.14	805.45	927.85	2	0 	1	0	802	
435	1594.91	1765.75	1710.75	1747.78	2	0 	1	0	884	
436	445.75	487.0	1710.75	1823.25	2	1 	0	0	620	632	
437	661.05	727.4	1379.43	1547.47	2	1 	0	0	614	636	709	785	
438	781.64	847.64	624.0	772.95	2	0 	1	0	603	
439	768.83	897.75	805.45	927.85	2	0 	1	0	714	803	882	
440	1496.57	1765.75	1747.78	1886.92	2	0 	1	0	793	805	884	
441	1215.23	1337.33	880.75	1056.95	2	1 	0	0	678	743	794	849	863	870	876	885	
442	597.45	662.6400000000001	1722.84	2376.06	2	1 	0	0	660	729	742	748	749	756	778	836	841	865	871	880	
443	1109.84	1191.04	1494.99	1635.1	2	0 	1	0	850	859	
444	813.85	929.57	1391.51	1449.62	2	0 	1	0	687	708	782	815	
445	1152.38	1283.61	992.59	1170.81	2	0 	1	0	681	682	795	861	885	886	
446	813.85	929.57	992.59	1101.96	2	0 	1	0	781	799	814	829	
447	982.31	1099.01	1391.51	1449.62	2	0 	1	0	700	806	853	868	
448	813.85	929.57	1300.2	1373.79	2	0 	1	0	688	740	783	816	
449	1152.38	1349.0	1170.81	1257.72	2	0 	1	0	679	680	858	879	883	886	
450	1495.46	1683.25	1659.6	1710.75	3	1 	0	0	954	955	956	957	
451	662.65	772.81	1875.72	2066.7400000000002	3	0 	1	0	958	959	960	961	
452	555.75	727.42	875.23	1049.42	3	0 	1	0	962	963	964	
453	938.82	991.1600000000001	1875.72	2066.7400000000002	3	1 	0	0	965	966	967	968	
454	1343.81	1369.57	1768.13	1812.5	3	1 	0	0	920	
455	1495.46	1594.91	1710.75	1747.78	3	1 	0	0	954	969	
456	772.8	824.75	2119.08	2309.7	3	1 	0	0	970	971	972	973	
457	1215.23	1490.86	1056.95	1209.42	3	1 	0	0	974	975	976	977	978	979	980	981	
458	824.76	938.8199999999999	1875.72	2066.7400000000002	3	0 	1	0	967	982	983	984	
459	813.86	929.58	1373.93	1391.51	3	1 	0	0	985	986	987	988	
460	813.85	929.57	1145.42	1257.72	3	0 	1	0	989	990	991	992	
461	1460.42	1495.45	1710.75	1812.5	3	1 	0	0	969	993	
462	938.82	996.35	2376.06	2690.75	3	1 	0	0	899	938	994	995	996	997	998	
463	982.31	1100.9299999999998	1449.62	1494.9899999999998	3	1 	0	0	999	1000	1001	
464	1372.21	1460.42	1768.13	1812.5	3	1 	0	0	925	
465	991.16	1100.93	2119.08	2309.7	3	0 	1	0	1002	1003	1004	1005	
466	727.41	929.5799999999999	1449.62	1494.9899999999998	3	1 	0	0	1006	1007	1008	1009	1010	
467	996.35	1108.55	2376.06	2599.79	3	1 	0	0	922	994	1011	1012	
468	727.42	768.8399999999999	875.23	992.59	3	1 	0	0	962	1013	1014	1015	1016	
469	991.16	1100.93	1875.72	2066.7400000000002	3	0 	1	0	965	1017	1018	1019	
470	824.76	938.8199999999999	2119.08	2309.7	3	0 	1	0	970	1020	1021	1022	
471	1029.14	1167.41	1635.1	1810.37	3	1 	0	0	1023	1024	1025	1026	1027	
472	491.45	597.45	1916.71	2070.33	3	0 	1	0	1028	
473	727.41	829.23	1494.99	1722.84	3	1 	0	0	1010	1029	1030	1031	
474	1100.93	1167.41	2119.08	2309.7	3	1 	0	0	1002	1032	1033	1034	1035	1036	1037	
475	1343.81	1372.21	1710.75	1753.38	3	1 	0	0	924	
476	813.85	929.57	1257.72	1300.2	3	1 	0	0	991	1038	1039	1040	
477	491.45	597.45	2070.34	2222.34	3	0 	1	0	1041	
478	555.75	645.39	804.35	882.9100000000001	3	0 	1	0	911	918	950	
479	1215.23	1390.75	796.6	880.75	3	0 	1	0	906	951	953	1042	1043	
480	1683.25	1714.5	1557.0	1710.75	3	1 	0	0	955	
481	491.73	662.17	1583.39	1763.5	3	0 	1	0	931	933	1044	1045	1046	1047	1048	
482	828.75	1029.1399999999999	1710.06	1810.37	3	0 	1	0	1027	1029	1049	1050	
483	1100.93	1167.41	1875.72	2066.7400000000002	3	1 	0	0	1017	1051	1052	1053	1054	
484	1364.46	1498.58	2002.94	2063.9700000000003	3	1 	0	0	898	904	952	
485	491.73	597.45	1763.5	1916.71	3	0 	1	0	919	1055	
486	1259.69	1298.64	769.6	804.35	3	0 	1	0	906	
487	996.35	1108.55	2599.79	2690.75	3	1 	0	0	899	922	926	937	
488	938.82	991.1600000000001	2119.08	2309.7	3	1 	0	0	1003	1020	1056	1057	
489	1433.74	1495.46	1631.6	1691.61	3	2 	0	0	956	1058	1059	1186	
490	1152.38	1260.43	1300.2	1379.42	3	0 	1	0	1060	1061	1062	1063	
491	1129.89	1182.69	744.6	796.6	3	0 	1	0	900	
492	1495.46	1562.02	1547.23	1631.6100000000001	3	1 	0	0	910	
493	1152.38	1369.57	1379.43	1481.83	3	0 	1	0	1061	1064	1065	1066	1067	1068	1069	
494	1498.58	1765.0	2040.49	2386.33	3	0 	1	0	905	1070	
495	1167.41	1343.8100000000002	1869.45	1978.66	3	1 	0	0	1052	1071	1072	1073	1074	
496	1343.81	1433.74	1631.6	1710.75	3	1 	0	0	915	921	1058	
497	1460.42	1496.5600000000002	2066.74	2136.2299999999996	3	0 	1	0	917	947	952	
498	1342.96	1498.58	2136.23	2218.65	3	1 	0	0	917	928	930	
499	662.65	1167.4099999999999	2066.74	2119.08	3	1 	0	0	961	968	973	984	1005	1019	1022	1037	1054	1057	1075	1076	1077	1078	
500	727.42	813.8599999999999	992.59	1449.62	3	1 	0	0	964	988	992	1009	1016	1040	1079	1080	1081	1082	1083	1084	1085	
501	1343.81	1458.8	2066.74	2136.2299999999996	3	0 	1	0	947	
502	1260.43	1369.5700000000002	1300.2	1379.42	3	0 	1	0	1060	1065	1086	1087	
503	1167.41	1343.8100000000002	1714.25	1869.45	3	0 	1	0	1024	1074	1088	1089	1090	
504	1342.96	1498.58	1863.18	1945.18	3	1 	0	0	897	901	907	908	932	939	1071	1091	1092	
505	487.0	555.53	1379.43	1583.39	3	0 	1	0	933	
506	555.75	727.42	1049.42	1378.25	3	0 	1	0	913	1083	
507	768.83	1215.22	927.85	992.58	3	1 	0	0	1015	1085	1093	1094	1095	1096	1097	1098	1099	1100	1101	1102	
508	1195.46	1342.5700000000002	2186.62	2218.65	3	0 	1	0	923	
509	772.8	824.75	1875.72	2066.7400000000002	3	1 	0	0	958	983	1076	1103	
510	1498.58	1765.0	1886.92	2040.49	3	1 	0	0	945	1070	1091	1104	
511	1348.77	1498.58	2218.65	2291.53	3	0 	1	0	905	928	
512	1298.64	1349.0	769.6	804.35	3	0 	1	0	953	
513	929.57	982.3000000000001	992.59	1495.0	3	1 	0	0	985	990	1001	1006	1038	1097	1105	1106	1107	1108	1109	1110	1111	1112	1113	1114	1115	
514	1342.96	1364.47	2002.94	2063.9700000000003	3	0 	1	0	898	
515	1349.0	1390.75	706.0	796.6	3	1 	0	0	944	
516	1407.46	1606.52	1126.02	1209.42	3	0 	1	0	975	
517	1267.96	1342.96	1552.14	1608.47	3	1 	0	0	1116	1117	
518	1108.55	1167.4099999999999	2376.06	2690.75	3	1 	0	0	926	941	1011	1118	1119	1120	
519	594.65	727.41	1546.42	1722.84	3	0 	1	0	903	909	1030	1044	1045	1046	1121	
520	1490.86	1683.25	1373.09	1547.23	3	0 	1	0	910	912	1122	
521	1192.03	1267.95	1552.14	1634.5800000000002	3	1 	0	0	1116	1123	1124	1125	
522	1167.41	1379.77	2218.65	2250.53	3	0 	1	0	930	1035	1126	1127	
523	813.85	929.57	1101.96	1145.42	3	1 	0	0	989	1079	1111	1128	
524	555.53	661.06	1379.43	1546.42	3	0 	1	0	909	935	
525	1182.69	1259.69	624.0	737.6	3	1 	0	0	942	948	1129	1130	1131	
526	1490.86	1683.25	1300.04	1373.09	3	0 	1	0	1132	
527	1029.14	1109.8400000000001	1494.99	1635.1	3	2 	0	0	1025	1187	
528	1167.41	1348.77	2250.53	2291.53	3	0 	1	0	1034	1127	1133	
529	662.65	829.23	1722.84	1875.7199999999998	3	1 	0	0	960	1031	1050	1103	1121	1134	1135	
530	487.0	535.0	2460.29	2690.75	3	1 	0	0	927	929	949	
531	555.75	594.65	1547.46	1635.8400000000001	3	0 	1	0	903	
532	645.39	781.64	624.0	758.41	3	1 	0	0	916	
533	1490.86	1683.25	1209.42	1300.0500000000002	3	0 	1	0	1136	1137	
534	1343.81	1460.42	1710.75	1768.13	3	1 	0	0	920	921	924	925	993	
535	1167.41	1498.5800000000002	2291.53	2386.3300000000004	3	0 	1	0	1033	1119	1133	1138	1139	
536	662.65	1167.4099999999999	2309.71	2376.06	3	1 	0	0	972	995	1004	1012	1021	1036	1056	1120	1139	1140	1141	1142	
537	1369.57	1490.86	1300.2	1547.22	3	1 	0	0	1064	1086	1122	1132	1143	1144	
538	982.31	1099.01	1101.96	1145.42	3	1 	0	0	1110	1145	1146	1147	
539	1446.43	1498.5800000000002	1945.18	2002.94	3	2 	0	0	904	932	1188	
540	1182.69	1349.0	706.0	804.35	3	1 	0	0	942	944	951	
541	1129.89	1215.23	796.6	927.85	3	0 	1	0	900	951	1043	1099	1148	
542	1152.38	1369.57	1396.03	1552.14	3	1 	0	0	1066	1067	1068	1117	1125	1143	1149	1150	
543	1167.41	1765.0	2386.33	2690.75	3	0 	1	0	934	940	1118	1138	
544	1562.02	1683.25	1448.48	1659.6	3	1 	0	0	912	1151	
545	1099.01	1152.39	992.59	1495.0	3	1 	0	0	1000	1063	1069	1095	1146	1150	1152	1153	1154	1155	1156	1157	1158	1159	1160	1161	
546	1393.58	1446.4299999999998	1812.5	1863.18	3	2 	0	0	897	1189	
547	847.64	999.14	624.0	805.45	3	0 	1	0	946	
548	1337.33	1447.0	880.75	964.5	3	0 	1	0	1162	
549	1167.41	1267.96	1634.58	1714.25	3	1 	0	0	1023	1089	1124	1163	
550	487.0	597.45	2222.34	2376.06	3	0 	1	0	1164	1165	
551	1267.96	1342.96	1631.6	1714.25	3	0 	1	0	1088	1163	1166	
552	982.31	1099.01	1373.79	1396.03	3	1 	0	0	1106	1153	1167	1168	
553	1342.96	1393.5900000000001	1812.5	1863.18	3	2 	0	0	907	1190	
554	1259.69	1349.0	624.0	706.0	3	1 	0	0	1130	
555	1337.33	1502.0	964.5	1039.42	3	0 	1	0	1169	
556	1267.96	1342.96	1608.48	1631.6100000000001	3	0 	1	0	1123	1166	
557	487.0	938.8199999999999	2376.06	2460.29	3	0 	1	0	929	998	1142	1165	1170	1171	
558	829.23	1167.41	1810.37	1875.7199999999998	3	1 	0	0	966	982	1018	1026	1049	1053	1090	1134	
559	1342.96	1495.46	1547.23	1631.6100000000001	3	1 	0	0	915	
560	982.31	1099.01	1257.72	1300.2	3	1 	0	0	1108	1156	1172	1173	
561	1129.89	1182.69	624.0	689.2	3	2 	0	0	1131	1191	
562	999.14	1129.8899999999999	624.0	796.6	3	0 	1	0	1174	
563	1337.33	1553.25	1039.42	1126.02	3	0 	1	0	976	1175	
564	1393.58	1446.4299999999998	1945.18	2002.94	3	2 	0	0	939	1192	
565	523.4	938.8199999999999	2460.29	2575.64	3	0 	1	0	997	1171	1176	
566	555.75	645.39	624.0	804.35	3	1 	0	0	918	936	
567	1152.38	1492.0100000000002	1257.72	1300.2	3	1 	0	0	1062	1087	1137	1144	1155	1177	1178	
568	982.31	1099.01	992.59	1101.96	3	0 	1	0	1096	1112	1147	1161	
569	1446.43	1495.45	1812.5	1863.18	3	2 	0	0	901	1193	
570	645.39	875.86	758.41	804.35	3	1 	0	0	902	914	916	943	946	
571	662.65	772.81	2119.08	2309.7	3	0 	1	0	971	1078	1141	1179	
572	1342.57	1393.58	1945.18	2002.94	3	2 	0	0	908	1194	
573	535.0	938.8199999999999	2575.64	2691.19	3	0 	1	0	996	1176	
574	982.31	1099.01	1145.42	1257.72	3	0 	1	0	1109	1145	1159	1173	
575	1129.89	1182.69	689.2	744.6	3	2 	0	0	1129	1195	
576	847.64	877.9499999999999	700.24	766.45	3	1 	0	0	943	
577	1167.41	1195.46	1978.66	2218.65	3	0 	1	0	1032	1051	1073	1075	1126	1180	
578	645.39	768.8299999999999	804.35	875.22	3	1 	0	0	911	914	963	1014	1181	
579	1195.46	1342.5700000000002	1978.66	2186.62	3	0 	1	0	923	1072	1180	
580	1495.46	1656.74	1631.6	1659.6	3	1 	0	0	957	1059	1151	
581	1349.0	1490.8600000000001	1209.42	1257.73	3	1 	0	0	974	1136	1177	1182	
582	982.31	1099.01	1300.2	1373.93	3	0 	1	0	1107	1154	1168	1172	
583	999.14	1129.8899999999999	796.6	927.85	3	0 	1	0	1100	1174	
584	897.75	999.14	805.45	927.85	3	0 	1	0	1101	
585	1594.91	1765.75	1710.75	1747.78	3	0 	1	0	1183	
586	445.75	487.0	1710.75	1823.25	3	1 	0	0	919	931	
587	661.05	727.4	1379.43	1547.47	3	1 	0	0	913	935	1008	1084	
588	781.64	847.64	624.0	772.95	3	0 	1	0	902	
589	768.83	897.75	805.45	927.85	3	0 	1	0	1013	1102	1181	
590	1496.57	1765.75	1747.78	1886.92	3	0 	1	0	1092	1104	1183	
591	1215.23	1337.33	880.75	1056.95	3	1 	0	0	977	1042	1093	1148	1162	1169	1175	1184	
592	597.45	662.6400000000001	1722.84	2376.06	3	1 	0	0	959	1028	1041	1047	1048	1055	1077	1135	1140	1164	1170	1179	
593	1109.84	1191.04	1494.99	1635.1	3	0 	1	0	1149	1158	
594	813.85	929.57	1391.51	1449.62	3	0 	1	0	986	1007	1081	1114	
595	1152.38	1283.61	992.59	1170.81	3	0 	1	0	980	981	1094	1160	1184	1185	
596	813.85	929.57	992.59	1101.96	3	0 	1	0	1080	1098	1113	1128	
597	982.31	1099.01	1391.51	1449.62	3	0 	1	0	999	1105	1152	1167	
598	813.85	929.57	1300.2	1373.79	3	0 	1	0	987	1039	1082	1115	
599	1152.38	1349.0	1170.81	1257.72	3	0 	1	0	978	979	1157	1178	1182	1185	
600	1495.46	1683.25	1659.6	1710.75	4	1 	0	0	1253	1254	1255	1256	
601	662.65	772.81	1875.72	2066.7400000000002	4	0 	1	0	1257	1258	1259	1260	
602	555.75	727.42	875.23	1049.42	4	0 	1	0	1261	1262	1263	
603	938.82	991.1600000000001	1875.72	2066.7400000000002	4	1 	0	0	1264	1265	1266	1267	
604	1343.81	1369.57	1768.13	1812.5	4	1 	0	0	1219	
605	1495.46	1594.91	1710.75	1747.78	4	1 	0	0	1253	1268	
606	772.8	824.75	2119.08	2309.7	4	1 	0	0	1269	1270	1271	1272	
607	1215.23	1490.86	1056.95	1209.42	4	1 	0	0	1273	1274	1275	1276	1277	1278	1279	1280	
608	824.76	938.8199999999999	1875.72	2066.7400000000002	4	0 	1	0	1266	1281	1282	1283	
609	813.86	929.58	1373.93	1391.51	4	1 	0	0	1284	1285	1286	1287	
610	813.85	929.57	1145.42	1257.72	4	0 	1	0	1288	1289	1290	1291	
611	1460.42	1495.45	1710.75	1812.5	4	1 	0	0	1268	1292	
612	938.82	996.35	2376.06	2690.75	4	1 	0	0	1198	1237	1293	1294	1295	1296	1297	
613	982.31	1100.9299999999998	1449.62	1494.9899999999998	4	1 	0	0	1298	1299	1300	
614	1372.21	1460.42	1768.13	1812.5	4	1 	0	0	1224	
615	991.16	1100.93	2119.08	2309.7	4	0 	1	0	1301	1302	1303	1304	
616	727.41	929.5799999999999	1449.62	1494.9899999999998	4	1 	0	0	1305	1306	1307	1308	1309	
617	996.35	1108.55	2376.06	2599.79	4	1 	0	0	1221	1293	1310	1311	
618	727.42	768.8399999999999	875.23	992.59	4	1 	0	0	1261	1312	1313	1314	1315	
619	991.16	1100.93	1875.72	2066.7400000000002	4	0 	1	0	1264	1316	1317	1318	
620	824.76	938.8199999999999	2119.08	2309.7	4	0 	1	0	1269	1319	1320	1321	
621	1029.14	1167.41	1635.1	1810.37	4	1 	0	0	1322	1323	1324	1325	1326	
622	491.45	597.45	1916.71	2070.33	4	0 	1	0	1327	
623	727.41	829.23	1494.99	1722.84	4	1 	0	0	1309	1328	1329	1330	
624	1100.93	1167.41	2119.08	2309.7	4	1 	0	0	1301	1331	1332	1333	1334	1335	1336	
625	1343.81	1372.21	1710.75	1753.38	4	1 	0	0	1223	
626	813.85	929.57	1257.72	1300.2	4	1 	0	0	1290	1337	1338	1339	
627	491.45	597.45	2070.34	2222.34	4	0 	1	0	1340	
628	555.75	645.39	804.35	882.9100000000001	4	0 	1	0	1210	1217	1249	
629	1215.23	1390.75	796.6	880.75	4	0 	1	0	1205	1250	1252	1341	1342	
630	1683.25	1714.5	1557.0	1710.75	4	1 	0	0	1254	
631	491.73	662.17	1583.39	1763.5	4	0 	1	0	1230	1232	1343	1344	1345	1346	1347	
632	828.75	1029.1399999999999	1710.06	1810.37	4	0 	1	0	1326	1328	1348	1349	
633	1100.93	1167.41	1875.72	2066.7400000000002	4	1 	0	0	1316	1350	1351	1352	1353	
634	1364.46	1498.58	2002.94	2063.9700000000003	4	1 	0	0	1197	1203	1251	
635	491.73	597.45	1763.5	1916.71	4	0 	1	0	1218	1354	
636	1259.69	1298.64	769.6	804.35	4	0 	1	0	1205	
637	996.35	1108.55	2599.79	2690.75	4	1 	0	0	1198	1221	1225	1236	
638	938.82	991.1600000000001	2119.08	2309.7	4	1 	0	0	1302	1319	1355	1356	
639	1433.74	1495.46	1631.6	1691.61	4	2 	0	0	1255	1357	1358	1485	
640	1152.38	1260.43	1300.2	1379.42	4	0 	1	0	1359	1360	1361	1362	
641	1129.89	1182.69	744.6	796.6	4	0 	1	0	1199	
642	1495.46	1562.02	1547.23	1631.6100000000001	4	1 	0	0	1209	
643	1152.38	1369.57	1379.43	1481.83	4	0 	1	0	1360	1363	1364	1365	1366	1367	1368	
644	1498.58	1765.0	2040.49	2386.33	4	0 	1	0	1204	1369	
645	1167.41	1343.8100000000002	1869.45	1978.66	4	1 	0	0	1351	1370	1371	1372	1373	
646	1343.81	1433.74	1631.6	1710.75	4	1 	0	0	1214	1220	1357	
647	1460.42	1496.5600000000002	2066.74	2136.2299999999996	4	0 	1	0	1216	1246	1251	
648	1342.96	1498.58	2136.23	2218.65	4	1 	0	0	1216	1227	1229	
649	662.65	1167.4099999999999	2066.74	2119.08	4	1 	0	0	1260	1267	1272	1283	1304	1318	1321	1336	1353	1356	1374	1375	1376	1377	
650	727.42	813.8599999999999	992.59	1449.62	4	1 	0	0	1263	1287	1291	1308	1315	1339	1378	1379	1380	1381	1382	1383	1384	
651	1343.81	1458.8	2066.74	2136.2299999999996	4	0 	1	0	1246	
652	1260.43	1369.5700000000002	1300.2	1379.42	4	0 	1	0	1359	1364	1385	1386	
653	1167.41	1343.8100000000002	1714.25	1869.45	4	0 	1	0	1323	1373	1387	1388	1389	
654	1342.96	1498.58	1863.18	1945.18	4	1 	0	0	1196	1200	1206	1207	1231	1238	1370	1390	1391	
655	487.0	555.53	1379.43	1583.39	4	0 	1	0	1232	
656	555.75	727.42	1049.42	1378.25	4	0 	1	0	1212	1382	
657	768.83	1215.22	927.85	992.58	4	1 	0	0	1314	1384	1392	1393	1394	1395	1396	1397	1398	1399	1400	1401	
658	1195.46	1342.5700000000002	2186.62	2218.65	4	0 	1	0	1222	
659	772.8	824.75	1875.72	2066.7400000000002	4	1 	0	0	1257	1282	1375	1402	
660	1498.58	1765.0	1886.92	2040.49	4	1 	0	0	1244	1369	1390	1403	
661	1348.77	1498.58	2218.65	2291.53	4	0 	1	0	1204	1227	
662	1298.64	1349.0	769.6	804.35	4	0 	1	0	1252	
663	929.57	982.3000000000001	992.59	1495.0	4	1 	0	0	1284	1289	1300	1305	1337	1396	1404	1405	1406	1407	1408	1409	1410	1411	1412	1413	1414	
664	1342.96	1364.47	2002.94	2063.9700000000003	4	0 	1	0	1197	
665	1349.0	1390.75	706.0	796.6	4	1 	0	0	1243	
666	1407.46	1606.52	1126.02	1209.42	4	0 	1	0	1274	
667	1267.96	1342.96	1552.14	1608.47	4	1 	0	0	1415	1416	
668	1108.55	1167.4099999999999	2376.06	2690.75	4	1 	0	0	1225	1240	1310	1417	1418	1419	
669	594.65	727.41	1546.42	1722.84	4	0 	1	0	1202	1208	1329	1343	1344	1345	1420	
670	1490.86	1683.25	1373.09	1547.23	4	0 	1	0	1209	1211	1421	
671	1192.03	1267.95	1552.14	1634.5800000000002	4	1 	0	0	1415	1422	1423	1424	
672	1167.41	1379.77	2218.65	2250.53	4	0 	1	0	1229	1334	1425	1426	
673	813.85	929.57	1101.96	1145.42	4	1 	0	0	1288	1378	1410	1427	
674	555.53	661.06	1379.43	1546.42	4	0 	1	0	1208	1234	
675	1182.69	1259.69	624.0	737.6	4	1 	0	0	1241	1247	1428	1429	1430	
676	1490.86	1683.25	1300.04	1373.09	4	0 	1	0	1431	
677	1029.14	1109.8400000000001	1494.99	1635.1	4	2 	0	0	1324	1486	
678	1167.41	1348.77	2250.53	2291.53	4	0 	1	0	1333	1426	1432	
679	662.65	829.23	1722.84	1875.7199999999998	4	1 	0	0	1259	1330	1349	1402	1420	1433	1434	
680	487.0	535.0	2460.29	2690.75	4	1 	0	0	1226	1228	1248	
681	555.75	594.65	1547.46	1635.8400000000001	4	0 	1	0	1202	
682	645.39	781.64	624.0	758.41	4	1 	0	0	1215	
683	1490.86	1683.25	1209.42	1300.0500000000002	4	0 	1	0	1435	1436	
684	1343.81	1460.42	1710.75	1768.13	4	1 	0	0	1219	1220	1223	1224	1292	
685	1167.41	1498.5800000000002	2291.53	2386.3300000000004	4	0 	1	0	1332	1418	1432	1437	1438	
686	662.65	1167.4099999999999	2309.71	2376.06	4	1 	0	0	1271	1294	1303	1311	1320	1335	1355	1419	1438	1439	1440	1441	
687	1369.57	1490.86	1300.2	1547.22	4	1 	0	0	1363	1385	1421	1431	1442	1443	
688	982.31	1099.01	1101.96	1145.42	4	1 	0	0	1409	1444	1445	1446	
689	1446.43	1498.5800000000002	1945.18	2002.94	4	2 	0	0	1203	1231	1487	
690	1182.69	1349.0	706.0	804.35	4	1 	0	0	1241	1243	1250	
691	1129.89	1215.23	796.6	927.85	4	0 	1	0	1199	1250	1342	1398	1447	
692	1152.38	1369.57	1396.03	1552.14	4	1 	0	0	1365	1366	1367	1416	1424	1442	1448	1449	
693	1167.41	1765.0	2386.33	2690.75	4	0 	1	0	1233	1239	1417	1437	
694	1562.02	1683.25	1448.48	1659.6	4	1 	0	0	1211	1450	
695	1099.01	1152.39	992.59	1495.0	4	1 	0	0	1299	1362	1368	1394	1445	1449	1451	1452	1453	1454	1455	1456	1457	1458	1459	1460	
696	1393.58	1446.4299999999998	1812.5	1863.18	4	2 	0	0	1196	1488	
697	847.64	999.14	624.0	805.45	4	0 	1	0	1245	
698	1337.33	1447.0	880.75	964.5	4	0 	1	0	1461	
699	1167.41	1267.96	1634.58	1714.25	4	1 	0	0	1322	1388	1423	1462	
700	487.0	597.45	2222.34	2376.06	4	0 	1	0	1463	1464	
701	1267.96	1342.96	1631.6	1714.25	4	0 	1	0	1387	1462	1465	
702	982.31	1099.01	1373.79	1396.03	4	1 	0	0	1405	1452	1466	1467	
703	1342.96	1393.5900000000001	1812.5	1863.18	4	2 	0	0	1206	1489	
704	1259.69	1349.0	624.0	706.0	4	1 	0	0	1429	
705	1337.33	1502.0	964.5	1039.42	4	0 	1	0	1468	
706	1267.96	1342.96	1608.48	1631.6100000000001	4	0 	1	0	1422	1465	
707	487.0	938.8199999999999	2376.06	2460.29	4	0 	1	0	1228	1297	1441	1464	1469	1470	
708	829.23	1167.41	1810.37	1875.7199999999998	4	1 	0	0	1265	1281	1317	1325	1348	1352	1389	1433	
709	1342.96	1495.46	1547.23	1631.6100000000001	4	1 	0	0	1214	
710	982.31	1099.01	1257.72	1300.2	4	1 	0	0	1407	1455	1471	1472	
711	1129.89	1182.69	624.0	689.2	4	2 	0	0	1430	1490	
712	999.14	1129.8899999999999	624.0	796.6	4	0 	1	0	1473	
713	1337.33	1553.25	1039.42	1126.02	4	0 	1	0	1275	1474	
714	1393.58	1446.4299999999998	1945.18	2002.94	4	2 	0	0	1238	1491	
715	523.4	938.8199999999999	2460.29	2575.64	4	0 	1	0	1296	1470	1475	
716	555.75	645.39	624.0	804.35	4	1 	0	0	1217	1235	
717	1152.38	1492.0100000000002	1257.72	1300.2	4	1 	0	0	1361	1386	1436	1443	1454	1476	1477	
718	982.31	1099.01	992.59	1101.96	4	0 	1	0	1395	1411	1446	1460	
719	1446.43	1495.45	1812.5	1863.18	4	2 	0	0	1200	1492	
720	645.39	875.86	758.41	804.35	4	1 	0	0	1201	1213	1215	1242	1245	
721	662.65	772.81	2119.08	2309.7	4	0 	1	0	1270	1377	1440	1478	
722	1342.57	1393.58	1945.18	2002.94	4	2 	0	0	1207	1493	
723	535.0	938.8199999999999	2575.64	2691.19	4	0 	1	0	1295	1475	
724	982.31	1099.01	1145.42	1257.72	4	0 	1	0	1408	1444	1458	1472	
725	1129.89	1182.69	689.2	744.6	4	2 	0	0	1428	1494	
726	847.64	877.9499999999999	700.24	766.45	4	1 	0	0	1242	
727	1167.41	1195.46	1978.66	2218.65	4	0 	1	0	1331	1350	1372	1374	1425	1479	
728	645.39	768.8299999999999	804.35	875.22	4	1 	0	0	1210	1213	1262	1313	1480	
729	1195.46	1342.5700000000002	1978.66	2186.62	4	0 	1	0	1222	1371	1479	
730	1495.46	1656.74	1631.6	1659.6	4	1 	0	0	1256	1358	1450	
731	1349.0	1490.8600000000001	1209.42	1257.73	4	1 	0	0	1273	1435	1476	1481	
732	982.31	1099.01	1300.2	1373.93	4	0 	1	0	1406	1453	1467	1471	
733	999.14	1129.8899999999999	796.6	927.85	4	0 	1	0	1399	1473	
734	897.75	999.14	805.45	927.85	4	0 	1	0	1400	
735	1594.91	1765.75	1710.75	1747.78	4	0 	1	0	1482	
736	445.75	487.0	1710.75	1823.25	4	1 	0	0	1218	1230	
737	661.05	727.4	1379.43	1547.47	4	1 	0	0	1212	1234	1307	1383	
738	781.64	847.64	624.0	772.95	4	0 	1	0	1201	
739	768.83	897.75	805.45	927.85	4	0 	1	0	1312	1401	1480	
740	1496.57	1765.75	1747.78	1886.92	4	0 	1	0	1391	1403	1482	
741	1215.23	1337.33	880.75	1056.95	4	1 	0	0	1276	1341	1392	1447	1461	1468	1474	1483	
742	597.45	662.6400000000001	1722.84	2376.06	4	1 	0	0	1258	1327	1340	1346	1347	1354	1376	1434	1439	1463	1469	1478	
743	1109.84	1191.04	1494.99	1635.1	4	0 	1	0	1448	1457	
744	813.85	929.57	1391.51	1449.62	4	0 	1	0	1285	1306	1380	1413	
745	1152.38	1283.61	992.59	1170.81	4	0 	1	0	1279	1280	1393	1459	1483	1484	
746	813.85	929.57	992.59	1101.96	4	0 	1	0	1379	1397	1412	1427	
747	982.31	1099.01	1391.51	1449.62	4	0 	1	0	1298	1404	1451	1466	
748	813.85	929.57	1300.2	1373.79	4	0 	1	0	1286	1338	1381	1414	
749	1152.38	1349.0	1170.81	1257.72	4	0 	1	0	1277	1278	1456	1477	1481	1484	
750	1495.46	1683.25	1659.6	1710.75	5	1 	0	0	1552	1553	1554	1555	
751	662.65	772.81	1875.72	2066.7400000000002	5	0 	1	0	1556	1557	1558	1559	
752	555.75	727.42	875.23	1049.42	5	0 	1	0	1560	1561	1562	
753	938.82	991.1600000000001	1875.72	2066.7400000000002	5	1 	0	0	1563	1564	1565	1566	
754	1343.81	1369.57	1768.13	1812.5	5	1 	0	0	1518	
755	1495.46	1594.91	1710.75	1747.78	5	1 	0	0	1552	1567	
756	772.8	824.75	2119.08	2309.7	5	1 	0	0	1568	1569	1570	1571	
757	1215.23	1490.86	1056.95	1209.42	5	1 	0	0	1572	1573	1574	1575	1576	1577	1578	1579	
758	824.76	938.8199999999999	1875.72	2066.7400000000002	5	0 	1	0	1565	1580	1581	1582	
759	813.86	929.58	1373.93	1391.51	5	1 	0	0	1583	1584	1585	1586	
760	813.85	929.57	1145.42	1257.72	5	0 	1	0	1587	1588	1589	1590	
761	1460.42	1495.45	1710.75	1812.5	5	1 	0	0	1567	1591	
762	938.82	996.35	2376.06	2690.75	5	1 	0	0	1497	1536	1592	1593	1594	1595	1596	
763	982.31	1100.9299999999998	1449.62	1494.9899999999998	5	1 	0	0	1597	1598	1599	
764	1372.21	1460.42	1768.13	1812.5	5	1 	0	0	1523	
765	991.16	1100.93	2119.08	2309.7	5	0 	1	0	1600	1601	1602	1603	
766	727.41	929.5799999999999	1449.62	1494.9899999999998	5	1 	0	0	1604	1605	1606	1607	1608	
767	996.35	1108.55	2376.06	2599.79	5	1 	0	0	1520	1592	1609	1610	
768	727.42	768.8399999999999	875.23	992.59	5	1 	0	0	1560	1611	1612	1613	1614	
769	991.16	1100.93	1875.72	2066.7400000000002	5	0 	1	0	1563	1615	1616	1617	
770	824.76	938.8199999999999	2119.08	2309.7	5	0 	1	0	1568	1618	1619	1620	
771	1029.14	1167.41	1635.1	1810.37	5	1 	0	0	1621	1622	1623	1624	1625	
772	491.45	597.45	1916.71	2070.33	5	0 	1	0	1626	
773	727.41	829.23	1494.99	1722.84	5	1 	0	0	1608	1627	1628	1629	
774	1100.93	1167.41	2119.08	2309.7	5	1 	0	0	1600	1630	1631	1632	1633	1634	1635	
775	1343.81	1372.21	1710.75	1753.38	5	1 	0	0	1522	
776	813.85	929.57	1257.72	1300.2	5	1 	0	0	1589	1636	1637	1638	
777	491.45	597.45	2070.34	2222.34	5	0 	1	0	1639	
778	555.75	645.39	804.35	882.9100000000001	5	0 	1	0	1509	1516	1548	
779	1215.23	1390.75	796.6	880.75	5	0 	1	0	1504	1549	1551	1640	1641	
780	1683.25	1714.5	1557.0	1710.75	5	1 	0	0	1553	
781	491.73	662.17	1583.39	1763.5	5	0 	1	0	1529	1531	1642	1643	1644	1645	1646	
782	828.75	1029.1399999999999	1710.06	1810.37	5	0 	1	0	1625	1627	1647	1648	
783	1100.93	1167.41	1875.72	2066.7400000000002	5	1 	0	0	1615	1649	1650	1651	1652	
784	1364.46	1498.58	2002.94	2063.9700000000003	5	1 	0	0	1496	1502	1550	
785	491.73	597.45	1763.5	1916.71	5	0 	1	0	1517	1653	
786	1259.69	1298.64	769.6	804.35	5	0 	1	0	1504	
787	996.35	1108.55	2599.79	2690.75	5	1 	0	0	1497	1520	1524	1535	
788	938.82	991.1600000000001	2119.08	2309.7	5	1 	0	0	1601	1618	1654	1655	
789	1433.74	1495.46	1631.6	1691.61	5	2 	0	0	1554	1656	1657	1784	
790	1152.38	1260.43	1300.2	1379.42	5	0 	1	0	1658	1659	1660	1661	
791	1129.89	1182.69	744.6	796.6	5	0 	1	0	1498	
792	1495.46	1562.02	1547.23	1631.6100000000001	5	1 	0	0	1508	
793	1152.38	1369.57	1379.43	1481.83	5	0 	1	0	1659	1662	1663	1664	1665	1666	1667	
794	1498.58	1765.0	2040.49	2386.33	5	0 	1	0	1503	1668	
795	1167.41	1343.8100000000002	1869.45	1978.66	5	1 	0	0	1650	1669	1670	1671	1672	
796	1343.81	1433.74	1631.6	1710.75	5	1 	0	0	1513	1519	1656	
797	1460.42	1496.5600000000002	2066.74	2136.2299999999996	5	0 	1	0	1515	1545	1550	
798	1342.96	1498.58	2136.23	2218.65	5	1 	0	0	1515	1526	1528	
799	662.65	1167.4099999999999	2066.74	2119.08	5	1 	0	0	1559	1566	1571	1582	1603	1617	1620	1635	1652	1655	1673	1674	1675	1676	
800	727.42	813.8599999999999	992.59	1449.62	5	1 	0	0	1562	1586	1590	1607	1614	1638	1677	1678	1679	1680	1681	1682	1683	
801	1343.81	1458.8	2066.74	2136.2299999999996	5	0 	1	0	1545	
802	1260.43	1369.5700000000002	1300.2	1379.42	5	0 	1	0	1658	1663	1684	1685	
803	1167.41	1343.8100000000002	1714.25	1869.45	5	0 	1	0	1622	1672	1686	1687	1688	
804	1342.96	1498.58	1863.18	1945.18	5	1 	0	0	1495	1499	1505	1506	1530	1537	1669	1689	1690	
805	487.0	555.53	1379.43	1583.39	5	0 	1	0	1531	
806	555.75	727.42	1049.42	1378.25	5	0 	1	0	1511	1681	
807	768.83	1215.22	927.85	992.58	5	1 	0	0	1613	1683	1691	1692	1693	1694	1695	1696	1697	1698	1699	1700	
808	1195.46	1342.5700000000002	2186.62	2218.65	5	0 	1	0	1521	
809	772.8	824.75	1875.72	2066.7400000000002	5	1 	0	0	1556	1581	1674	1701	
810	1498.58	1765.0	1886.92	2040.49	5	1 	0	0	1543	1668	1689	1702	
811	1348.77	1498.58	2218.65	2291.53	5	0 	1	0	1503	1526	
812	1298.64	1349.0	769.6	804.35	5	0 	1	0	1551	
813	929.57	982.3000000000001	992.59	1495.0	5	1 	0	0	1583	1588	1599	1604	1636	1695	1703	1704	1705	1706	1707	1708	1709	1710	1711	1712	1713	
814	1342.96	1364.47	2002.94	2063.9700000000003	5	0 	1	0	1496	
815	1349.0	1390.75	706.0	796.6	5	1 	0	0	1542	
816	1407.46	1606.52	1126.02	1209.42	5	0 	1	0	1573	
817	1267.96	1342.96	1552.14	1608.47	5	1 	0	0	1714	1715	
818	1108.55	1167.4099999999999	2376.06	2690.75	5	1 	0	0	1524	1539	1609	1716	1717	1718	
819	594.65	727.41	1546.42	1722.84	5	0 	1	0	1501	1507	1628	1642	1643	1644	1719	
820	1490.86	1683.25	1373.09	1547.23	5	0 	1	0	1508	1510	1720	
821	1192.03	1267.95	1552.14	1634.5800000000002	5	1 	0	0	1714	1721	1722	1723	
822	1167.41	1379.77	2218.65	2250.53	5	0 	1	0	1528	1633	1724	1725	
823	813.85	929.57	1101.96	1145.42	5	1 	0	0	1587	1677	1709	1726	
824	555.53	661.06	1379.43	1546.42	5	0 	1	0	1507	1533	
825	1182.69	1259.69	624.0	737.6	5	1 	0	0	1540	1546	1727	1728	1729	
826	1490.86	1683.25	1300.04	1373.09	5	0 	1	0	1730	
827	1029.14	1109.8400000000001	1494.99	1635.1	5	2 	0	0	1623	1785	
828	1167.41	1348.77	2250.53	2291.53	5	0 	1	0	1632	1725	1731	
829	662.65	829.23	1722.84	1875.7199999999998	5	1 	0	0	1558	1629	1648	1701	1719	1732	1733	
830	487.0	535.0	2460.29	2690.75	5	1 	0	0	1525	1527	1547	
831	555.75	594.65	1547.46	1635.8400000000001	5	0 	1	0	1501	
832	645.39	781.64	624.0	758.41	5	1 	0	0	1514	
833	1490.86	1683.25	1209.42	1300.0500000000002	5	0 	1	0	1734	1735	
834	1343.81	1460.42	1710.75	1768.13	5	1 	0	0	1518	1519	1522	1523	1591	
835	1167.41	1498.5800000000002	2291.53	2386.3300000000004	5	0 	1	0	1631	1717	1731	1736	1737	
836	662.65	1167.4099999999999	2309.71	2376.06	5	1 	0	0	1570	1593	1602	1610	1619	1634	1654	1718	1737	1738	1739	1740	
837	1369.57	1490.86	1300.2	1547.22	5	1 	0	0	1662	1684	1720	1730	1741	1742	
838	982.31	1099.01	1101.96	1145.42	5	1 	0	0	1708	1743	1744	1745	
839	1446.43	1498.5800000000002	1945.18	2002.94	5	2 	0	0	1502	1530	1786	
840	1182.69	1349.0	706.0	804.35	5	1 	0	0	1540	1542	1549	
841	1129.89	1215.23	796.6	927.85	5	0 	1	0	1498	1549	1641	1697	1746	
842	1152.38	1369.57	1396.03	1552.14	5	1 	0	0	1664	1665	1666	1715	1723	1741	1747	1748	
843	1167.41	1765.0	2386.33	2690.75	5	0 	1	0	1532	1538	1716	1736	
844	1562.02	1683.25	1448.48	1659.6	5	1 	0	0	1510	1749	
845	1099.01	1152.39	992.59	1495.0	5	1 	0	0	1598	1661	1667	1693	1744	1748	1750	1751	1752	1753	1754	1755	1756	1757	1758	1759	
846	1393.58	1446.4299999999998	1812.5	1863.18	5	2 	0	0	1495	1787	
847	847.64	999.14	624.0	805.45	5	0 	1	0	1544	
848	1337.33	1447.0	880.75	964.5	5	0 	1	0	1760	
849	1167.41	1267.96	1634.58	1714.25	5	1 	0	0	1621	1687	1722	1761	
850	487.0	597.45	2222.34	2376.06	5	0 	1	0	1762	1763	
851	1267.96	1342.96	1631.6	1714.25	5	0 	1	0	1686	1761	1764	
852	982.31	1099.01	1373.79	1396.03	5	1 	0	0	1704	1751	1765	1766	
853	1342.96	1393.5900000000001	1812.5	1863.18	5	2 	0	0	1505	1788	
854	1259.69	1349.0	624.0	706.0	5	1 	0	0	1728	
855	1337.33	1502.0	964.5	1039.42	5	0 	1	0	1767	
856	1267.96	1342.96	1608.48	1631.6100000000001	5	0 	1	0	1721	1764	
857	487.0	938.8199999999999	2376.06	2460.29	5	0 	1	0	1527	1596	1740	1763	1768	1769	
858	829.23	1167.41	1810.37	1875.7199999999998	5	1 	0	0	1564	1580	1616	1624	1647	1651	1688	1732	
859	1342.96	1495.46	1547.23	1631.6100000000001	5	1 	0	0	1513	
860	982.31	1099.01	1257.72	1300.2	5	1 	0	0	1706	1754	1770	1771	
861	1129.89	1182.69	624.0	689.2	5	2 	0	0	1729	1789	
862	999.14	1129.8899999999999	624.0	796.6	5	0 	1	0	1772	
863	1337.33	1553.25	1039.42	1126.02	5	0 	1	0	1574	1773	
864	1393.58	1446.4299999999998	1945.18	2002.94	5	2 	0	0	1537	1790	
865	523.4	938.8199999999999	2460.29	2575.64	5	0 	1	0	1595	1769	1774	
866	555.75	645.39	624.0	804.35	5	1 	0	0	1516	1534	
867	1152.38	1492.0100000000002	1257.72	1300.2	5	1 	0	0	1660	1685	1735	1742	1753	1775	1776	
868	982.31	1099.01	992.59	1101.96	5	0 	1	0	1694	1710	1745	1759	
869	1446.43	1495.45	1812.5	1863.18	5	2 	0	0	1499	1791	
870	645.39	875.86	758.41	804.35	5	1 	0	0	1500	1512	1514	1541	1544	
871	662.65	772.81	2119.08	2309.7	5	0 	1	0	1569	1676	1739	1777	
872	1342.57	1393.58	1945.18	2002.94	5	2 	0	0	1506	1792	
873	535.0	938.8199999999999	2575.64	2691.19	5	0 	1	0	1594	1774	
874	982.31	1099.01	1145.42	1257.72	5	0 	1	0	1707	1743	1757	1771	
875	1129.89	1182.69	689.2	744.6	5	2 	0	0	1727	1793	
876	847.64	877.9499999999999	700.24	766.45	5	1 	0	0	1541	
877	1167.41	1195.46	1978.66	2218.65	5	0 	1	0	1630	1649	1671	1673	1724	1778	
878	645.39	768.8299999999999	804.35	875.22	5	1 	0	0	1509	1512	1561	1612	1779	
879	1195.46	1342.5700000000002	1978.66	2186.62	5	0 	1	0	1521	1670	1778	
880	1495.46	1656.74	1631.6	1659.6	5	1 	0	0	1555	1657	1749	
881	1349.0	1490.8600000000001	1209.42	1257.73	5	1 	0	0	1572	1734	1775	1780	
882	982.31	1099.01	1300.2	1373.93	5	0 	1	0	1705	1752	1766	1770	
883	999.14	1129.8899999999999	796.6	927.85	5	0 	1	0	1698	1772	
884	897.75	999.14	805.45	927.85	5	0 	1	0	1699	
885	1594.91	1765.75	1710.75	1747.78	5	0 	1	0	1781	
886	445.75	487.0	1710.75	1823.25	5	1 	0	0	1517	1529	
887	661.05	727.4	1379.43	1547.47	5	1 	0	0	1511	1533	1606	1682	
888	781.64	847.64	624.0	772.95	5	0 	1	0	1500	
889	768.83	897.75	805.45	927.85	5	0 	1	0	1611	1700	1779	
890	1496.57	1765.75	1747.78	1886.92	5	0 	1	0	1690	1702	1781	
891	1215.23	1337.33	880.75	1056.95	5	1 	0	0	1575	1640	1691	1746	1760	1767	1773	1782	
892	597.45	662.6400000000001	1722.84	2376.06	5	1 	0	0	1557	1626	1639	1645	1646	1653	1675	1733	1738	1762	1768	1777	
893	1109.84	1191.04	1494.99	1635.1	5	0 	1	0	1747	1756	
894	813.85	929.57	1391.51	1449.62	5	0 	1	0	1584	1605	1679	1712	
895	1152.38	1283.61	992.59	1170.81	5	0 	1	0	1578	1579	1692	1758	1782	1783	
896	813.85	929.57	992.59	1101.96	5	0 	1	0	1678	1696	1711	1726	
897	982.31	1099.01	1391.51	1449.62	5	0 	1	0	1597	1703	1750	1765	
898	813.85	929.57	1300.2	1373.79	5	0 	1	0	1585	1637	1680	1713	
899	1152.38	1349.0	1170.81	1257.72	5	0 	1	0	1576	1577	1755	1776	1780	1783	
900	1495.46	1683.25	1659.6	1710.75	6	1 	0	0	1851	1852	1853	1854	
901	662.65	772.81	1875.72	2066.7400000000002	6	0 	1	0	1855	1856	1857	1858	
902	555.75	727.42	875.23	1049.42	6	0 	1	0	1859	1860	1861	
903	938.82	991.1600000000001	1875.72	2066.7400000000002	6	1 	0	0	1862	1863	1864	1865	
904	1343.81	1369.57	1768.13	1812.5	6	1 	0	0	1817	
905	1495.46	1594.91	1710.75	1747.78	6	1 	0	0	1851	1866	
906	772.8	824.75	2119.08	2309.7	6	1 	0	0	1867	1868	1869	1870	
907	1215.23	1490.86	1056.95	1209.42	6	1 	0	0	1871	1872	1873	1874	1875	1876	1877	1878	
908	824.76	938.8199999999999	1875.72	2066.7400000000002	6	0 	1	0	1864	1879	1880	1881	
909	813.86	929.58	1373.93	1391.51	6	1 	0	0	1882	1883	1884	1885	
910	813.85	929.57	1145.42	1257.72	6	0 	1	0	1886	1887	1888	1889	
911	1460.42	1495.45	1710.75	1812.5	6	1 	0	0	1866	1890	
912	938.82	996.35	2376.06	2690.75	6	1 	0	0	1796	1835	1891	1892	1893	1894	1895	
913	982.31	1100.9299999999998	1449.62	1494.9899999999998	6	1 	0	0	1896	1897	1898	
914	1372.21	1460.42	1768.13	1812.5	6	1 	0	0	1822	
915	991.16	1100.93	2119.08	2309.7	6	0 	1	0	1899	1900	1901	1902	
916	727.41	929.5799999999999	1449.62	1494.9899999999998	6	1 	0	0	1903	1904	1905	1906	1907	
917	996.35	1108.55	2376.06	2599.79	6	1 	0	0	1819	1891	1908	1909	
918	727.42	768.8399999999999	875.23	992.59	6	1 	0	0	1859	1910	1911	1912	1913	
919	991.16	1100.93	1875.72	2066.7400000000002	6	0 	1	0	1862	1914	1915	1916	
920	824.76	938.8199999999999	2119.08	2309.7	6	0 	1	0	1867	1917	1918	1919	
921	1029.14	1167.41	1635.1	1810.37	6	1 	0	0	1920	1921	1922	1923	1924	
922	491.45	597.45	1916.71	2070.33	6	0 	1	0	1925	
923	727.41	829.23	1494.99	1722.84	6	1 	0	0	1907	1926	1927	1928	
924	1100.93	1167.41	2119.08	2309.7	6	1 	0	0	1899	1929	1930	1931	1932	1933	1934	
925	1343.81	1372.21	1710.75	1753.38	6	1 	0	0	1821	
926	813.85	929.57	1257.72	1300.2	6	1 	0	0	1888	1935	1936	1937	
927	491.45	597.45	2070.34	2222.34	6	0 	1	0	1938	
928	555.75	645.39	804.35	882.9100000000001	6	0 	1	0	1808	1815	1847	
929	1215.23	1390.75	796.6	880.75	6	0 	1	0	1803	1848	1850	1939	1940	
930	1683.25	1714.5	1557.0	1710.75	6	1 	0	0	1852	
931	491.73	662.17	1583.39	1763.5	6	0 	1	0	1828	1830	1941	1942	1943	1944	1945	
932	828.75	1029.1399999999999	1710.06	1810.37	6	0 	1	0	1924	1926	1946	1947	
933	1100.93	1167.41	1875.72	2066.7400000000002	6	1 	0	0	1914	1948	1949	1950	1951	
934	1364.46	1498.58	2002.94	2063.9700000000003	6	1 	0	0	1795	1801	1849	
935	491.73	597.45	1763.5	1916.71	6	0 	1	0	1816	1952	
936	1259.69	1298.64	769.6	804.35	6	0 	1	0	1803	
937	996.35	1108.55	2599.79	2690.75	6	1 	0	0	1796	1819	1823	1834	
938	938.82	991.1600000000001	2119.08	2309.7	6	1 	0	0	1900	1917	1953	1954	
939	1433.74	1495.46	1631.6	1691.61	6	2 	0	0	1853	1955	1956	2083	
940	1152.38	1260.43	1300.2	1379.42	6	0 	1	0	1957	1958	1959	1960	
941	1129.89	1182.69	744.6	796.6	6	0 	1	0	1797	
942	1495.46	1562.02	1547.23	1631.6100000000001	6	1 	0	0	1807	
943	1152.38	1369.57	1379.43	1481.83	6	0 	1	0	1958	1961	1962	1963	1964	1965	1966	
944	1498.58	1765.0	2040.49	2386.33	6	0 	1	0	1802	1967	
945	1167.41	1343.8100000000002	1869.45	1978.66	6	1 	0	0	1949	1968	1969	1970	1971	
946	1343.81	1433.74	1631.6	1710.75	6	1 	0	0	1812	1818	1955	
947	1460.42	1496.5600000000002	2066.74	2136.2299999999996	6	0 	1	0	1814	1844	1849	
948	1342.96	1498.58	2136.23	2218.65	6	1 	0	0	1814	1825	1827	
949	662.65	1167.4099999999999	2066.74	2119.08	6	1 	0	0	1858	1865	1870	1881	1902	1916	1919	1934	1951	1954	1972	1973	1974	1975	
950	727.42	813.8599999999999	992.59	1449.62	6	1 	0	0	1861	1885	1889	1906	1913	1937	1976	1977	1978	1979	1980	1981	1982	
951	1343.81	1458.8	2066.74	2136.2299999999996	6	0 	1	0	1844	
952	1260.43	1369.5700000000002	1300.2	1379.42	6	0 	1	0	1957	1962	1983	1984	
953	1167.41	1343.8100000000002	1714.25	1869.45	6	0 	1	0	1921	1971	1985	1986	1987	
954	1342.96	1498.58	1863.18	1945.18	6	1 	0	0	1794	1798	1804	1805	1829	1836	1968	1988	1989	
955	487.0	555.53	1379.43	1583.39	6	0 	1	0	1830	
956	555.75	727.42	1049.42	1378.25	6	0 	1	0	1810	1980	
957	768.83	1215.22	927.85	992.58	6	1 	0	0	1912	1982	1990	1991	1992	1993	1994	1995	1996	1997	1998	1999	
958	1195.46	1342.5700000000002	2186.62	2218.65	6	0 	1	0	1820	
959	772.8	824.75	1875.72	2066.7400000000002	6	1 	0	0	1855	1880	1973	2000	
960	1498.58	1765.0	1886.92	2040.49	6	1 	0	0	1842	1967	1988	2001	
961	1348.77	1498.58	2218.65	2291.53	6	0 	1	0	1802	1825	
962	1298.64	1349.0	769.6	804.35	6	0 	1	0	1850	
963	929.57	982.3000000000001	992.59	1495.0	6	1 	0	0	1882	1887	1898	1903	1935	1994	2002	2003	2004	2005	2006	2007	2008	2009	2010	2011	2012	
964	1342.96	1364.47	2002.94	2063.9700000000003	6	0 	1	0	1795	
965	1349.0	1390.75	706.0	796.6	6	1 	0	0	1841	
966	1407.46	1606.52	1126.02	1209.42	6	0 	1	0	1872	
967	1267.96	1342.96	1552.14	1608.47	6	1 	0	0	2013	2014	
968	1108.55	1167.4099999999999	2376.06	2690.75	6	1 	0	0	1823	1838	1908	2015	2016	2017	
969	594.65	727.41	1546.42	1722.84	6	0 	1	0	1800	1806	1927	1941	1942	1943	2018	
970	1490.86	1683.25	1373.09	1547.23	6	0 	1	0	1807	1809	2019	
971	1192.03	1267.95	1552.14	1634.5800000000002	6	1 	0	0	2013	2020	2021	2022	
972	1167.41	1379.77	2218.65	2250.53	6	0 	1	0	1827	1932	2023	2024	
973	813.85	929.57	1101.96	1145.42	6	1 	0	0	1886	1976	2008	2025	
974	555.53	661.06	1379.43	1546.42	6	0 	1	0	1806	1832	
975	1182.69	1259.69	624.0	737.6	6	1 	0	0	1839	1845	2026	2027	2028	
976	1490.86	1683.25	1300.04	1373.09	6	0 	1	0	2029	
977	1029.14	1109.8400000000001	1494.99	1635.1	6	2 	0	0	1922	2084	
978	1167.41	1348.77	2250.53	2291.53	6	0 	1	0	1931	2024	2030	
979	662.65	829.23	1722.84	1875.7199999999998	6	1 	0	0	1857	1928	1947	2000	2018	2031	2032	
980	487.0	535.0	2460.29	2690.75	6	1 	0	0	1824	1826	1846	
981	555.75	594.65	1547.46	1635.8400000000001	6	0 	1	0	1800	
982	645.39	781.64	624.0	758.41	6	1 	0	0	1813	
983	1490.86	1683.25	1209.42	1300.0500000000002	6	0 	1	0	2033	2034	
984	1343.81	1460.42	1710.75	1768.13	6	1 	0	0	1817	1818	1821	1822	1890	
985	1167.41	1498.5800000000002	2291.53	2386.3300000000004	6	0 	1	0	1930	2016	2030	2035	2036	
986	662.65	1167.4099999999999	2309.71	2376.06	6	1 	0	0	1869	1892	1901	1909	1918	1933	1953	2017	2036	2037	2038	2039	
987	1369.57	1490.86	1300.2	1547.22	6	1 	0	0	1961	1983	2019	2029	2040	2041	
988	982.31	1099.01	1101.96	1145.42	6	1 	0	0	2007	2042	2043	2044	
989	1446.43	1498.5800000000002	1945.18	2002.94	6	2 	0	0	1801	1829	2085	
990	1182.69	1349.0	706.0	804.35	6	1 	0	0	1839	1841	1848	
991	1129.89	1215.23	796.6	927.85	6	0 	1	0	1797	1848	1940	1996	2045	
992	1152.38	1369.57	1396.03	1552.14	6	1 	0	0	1963	1964	1965	2014	2022	2040	2046	2047	
993	1167.41	1765.0	2386.33	2690.75	6	0 	1	0	1831	1837	2015	2035	
994	1562.02	1683.25	1448.48	1659.6	6	1 	0	0	1809	2048	
995	1099.01	1152.39	992.59	1495.0	6	1 	0	0	1897	1960	1966	1992	2043	2047	2049	2050	2051	2052	2053	2054	2055	2056	2057	2058	
996	1393.58	1446.4299999999998	1812.5	1863.18	6	2 	0	0	1794	2086	
997	847.64	999.14	624.0	805.45	6	0 	1	0	1843	
998	1337.33	1447.0	880.75	964.5	6	0 	1	0	2059	
999	1167.41	1267.96	1634.58	1714.25	6	1 	0	0	1920	1986	2021	2060	
1000	487.0	597.45	2222.34	2376.06	6	0 	1	0	2061	2062	
1001	1267.96	1342.96	1631.6	1714.25	6	0 	1	0	1985	2060	2063	
1002	982.31	1099.01	1373.79	1396.03	6	1 	0	0	2003	2050	2064	2065	
1003	1342.96	1393.5900000000001	1812.5	1863.18	6	2 	0	0	1804	2087	
1004	1259.69	1349.0	624.0	706.0	6	1 	0	0	2027	
1005	1337.33	1502.0	964.5	1039.42	6	0 	1	0	2066	
1006	1267.96	1342.96	1608.48	1631.6100000000001	6	0 	1	0	2020	2063	
1007	487.0	938.8199999999999	2376.06	2460.29	6	0 	1	0	1826	1895	2039	2062	2067	2068	
1008	829.23	1167.41	1810.37	1875.7199999999998	6	1 	0	0	1863	1879	1915	1923	1946	1950	1987	2031	
1009	1342.96	1495.46	1547.23	1631.6100000000001	6	1 	0	0	1812	
1010	982.31	1099.01	1257.72	1300.2	6	1 	0	0	2005	2053	2069	2070	
1011	1129.89	1182.69	624.0	689.2	6	2 	0	0	2028	2088	
1012	999.14	1129.8899999999999	624.0	796.6	6	0 	1	0	2071	
1013	1337.33	1553.25	1039.42	1126.02	6	0 	1	0	1873	2072	
1014	1393.58	1446.4299999999998	1945.18	2002.94	6	2 	0	0	1836	2089	
1015	523.4	938.8199999999999	2460.29	2575.64	6	0 	1	0	1894	2068	2073	
1016	555.75	645.39	624.0	804.35	6	1 	0	0	1815	1833	
1017	1152.38	1492.0100000000002	1257.72	1300.2	6	1 	0	0	1959	1984	2034	2041	2052	2074	2075	
1018	982.31	1099.01	992.59	1101.96	6	0 	1	0	1993	2009	2044	2058	
1019	1446.43	1495.45	1812.5	1863.18	6	2 	0	0	1798	2090	
1020	645.39	875.86	758.41	804.35	6	1 	0	0	1799	1811	1813	1840	1843	
1021	662.65	772.81	2119.08	2309.7	6	0 	1	0	1868	1975	2038	2076	
1022	1342.57	1393.58	1945.18	2002.94	6	2 	0	0	1805	2091	
1023	535.0	938.8199999999999	2575.64	2691.19	6	0 	1	0	1893	2073	
1024	982.31	1099.01	1145.42	1257.72	6	0 	1	0	2006	2042	2056	2070	
1025	1129.89	1182.69	689.2	744.6	6	2 	0	0	2026	2092	
1026	847.64	877.9499999999999	700.24	766.45	6	1 	0	0	1840	
1027	1167.41	1195.46	1978.66	2218.65	6	0 	1	0	1929	1948	1970	1972	2023	2077	
1028	645.39	768.8299999999999	804.35	875.22	6	1 	0	0	1808	1811	1860	1911	2078	
1029	1195.46	1342.5700000000002	1978.66	2186.62	6	0 	1	0	1820	1969	2077	
1030	1495.46	1656.74	1631.6	1659.6	6	1 	0	0	1854	1956	2048	
1031	1349.0	1490.8600000000001	1209.42	1257.73	6	1 	0	0	1871	2033	2074	2079	
1032	982.31	1099.01	1300.2	1373.93	6	0 	1	0	2004	2051	2065	2069	
1033	999.14	1129.8899999999999	796.6	927.85	6	0 	1	0	1997	2071	
1034	897.75	999.14	805.45	927.85	6	0 	1	0	1998	
1035	1594.91	1765.75	1710.75	1747.78	6	0 	1	0	2080	
1036	445.75	487.0	1710.75	1823.25	6	1 	0	0	1816	1828	
1037	661.05	727.4	1379.43	1547.47	6	1 	0	0	1810	1832	1905	1981	
1038	781.64	847.64	624.0	772.95	6	0 	1	0	1799	
1039	768.83	897.75	805.45	927.85	6	0 	1	0	1910	1999	2078	
1040	1496.57	1765.75	1747.78	1886.92	6	0 	1	0	1989	2001	2080	
1041	1215.23	1337.33	880.75	1056.95	6	1 	0	0	1874	1939	1990	2045	2059	2066	2072	2081	
1042	597.45	662.6400000000001	1722.84	2376.06	6	1 	0	0	1856	1925	1938	1944	1945	1952	1974	2032	2037	2061	2067	2076	
1043	1109.84	1191.04	1494.99	1635.1	6	0 	1	0	2046	2055	
1044	813.85	929.57	1391.51	1449.62	6	0 	1	0	1883	1904	1978	2011	
1045	1152.38	1283.61	992.59	1170.81	6	0 	1	0	1877	1878	1991	2057	2081	2082	
1046	813.85	929.57	992.59	1101.96	6	0 	1	0	1977	1995	2010	2025	
1047	982.31	1099.01	1391.51	1449.62	6	0 	1	0	1896	2002	2049	2064	
1048	813.85	929.57	1300.2	1373.79	6	0 	1	0	1884	1936	1979	2012	
1049	1152.38	1349.0	1170.81	1257.72	6	0 	1	0	1875	1876	2054	2075	2079	2082	
