0 56.0 206.0 0 0 1 
1 72.0 237.0 0 1 2 
2 113.0 237.0 0 1 3 
3 149.0 237.0 0 1 4 
4 160.0 214.0 0 1 23 
5 160.0 177.5 0 1 20 
6 169.5 191.0 0 20 23 
7 138.0 247.0 0 3 4 
8 179.0 177.5 0 20 21 
9 170.0 428.0 0 5 6 
10 180.0 390.5 0 6 9 
11 180.0 341.0 0 7 9 
12 180.0 293.0 0 8 9 
13 170.0 257.0 0 8 24 
14 203.5 257.0 0 9 24 
15 227.0 275.0 0 9 12 
16 227.0 313.0 0 9 11 
17 227.0 380.5 0 9 10 
18 251.0 407.0 0 10 13 
19 227.0 257.0 0 9 12 24 
20 262.5 428.0 0 13 14 
21 262.5 474.0 0 14 15 
22 273.0 489.0 0 15 16 
23 262.5 534.0 0 15 18 
24 273.0 519.0 0 15 17 
25 285.0 534.0 0 17 18 
26 284.0 257.0 0 19 26 
27 192.5 191.0 0 21 23 
28 266.0 191.0 0 22 23 
29 266.0 134.0 0 22 29 
30 326.0 149.0 0 22 41 
31 326.0 177.5 0 22 28 
32 250.0 237.0 0 23 25 
33 200.0 237.0 0 23 24 
34 293.0 237.0 0 23 26 
35 326.0 214.0 0 23 38 
36 356.0 237.0 0 27 38 
37 336.0 164.0 0 28 41 
38 326.0 57.0 0 29 51 
39 326.0 109.5 0 29 50 
40 422.0 237.0 0 30 38 
41 473.0 237.0 0 31 39 
42 508.0 237.0 0 32 39 
43 553.0 237.0 0 33 39 
44 593.0 237.0 0 34 40 
45 633.0 237.0 0 35 40 
46 673.0 237.0 0 36 40 
47 712.5 237.0 0 37 40 
48 366.0 191.0 0 38 42 
49 422.0 191.0 0 38 43 
50 458.0 214.0 0 38 39 
51 471.0 191.0 0 39 44 
52 506.0 191.0 0 39 45 
53 553.0 191.0 0 39 47 
54 578.0 214.0 0 39 40 
55 593.0 191.0 0 40 47 
56 633.0 191.0 0 40 48 
57 697.5 191.0 0 40 49 
58 737.0 202.5 0 40 64 
59 336.0 134.0 0 41 50 
60 346.0 149.0 0 41 42 
61 366.0 134.0 0 42 50 
62 471.0 134.0 0 44 55 
63 526.0 177.5 0 45 47 
64 526.0 134.0 0 45 46 
65 506.0 115.0 0 45 56 
66 526.0 100.0 0 46 56 
67 567.0 164.0 0 46 47 
68 633.0 164.0 0 46 48 
69 697.5 164.0 0 46 49 
70 737.0 134.0 0 46 65 
71 737.0 100.0 0 46 66 
72 633.0 85.0 0 46 54 
73 737.0 177.5 0 49 65 
74 356.0 85.0 0 50 51 
75 386.0 109.5 0 50 55 
76 386.0 57.0 0 51 52 
77 436.0 85.0 0 52 55 
78 486.0 70.5 0 52 54 
79 506.0 56.0 0 53 54 
80 526.0 42.5 0 53 57 
81 552.0 56.0 0 54 57 
82 593.0 56.0 0 54 58 
83 633.0 56.0 0 54 59 
84 673.0 56.0 0 54 60 
85 734.0 56.0 0 54 61 
86 812.0 70.5 0 54 72 
87 796.0 85.0 0 54 68 
88 758.5 85.0 0 54 66 
89 506.0 85.0 0 54 56 
90 486.0 100.0 0 55 56 
91 578.0 42.5 0 57 58 
92 608.0 42.5 0 58 59 
93 658.0 42.5 0 59 60 
94 758.5 257.0 0 62 63 
95 780.0 237.0 0 63 67 
96 796.0 257.0 0 62 67 
97 780.0 202.5 0 64 67 
98 780.0 134.0 0 65 68 
99 758.5 115.0 0 65 66 
100 780.0 100.0 0 66 68 
101 839.0 214.0 0 67 82 
102 839.0 177.5 0 67 84 
103 825.5 164.0 0 67 72 
104 796.0 164.0 0 67 68 
105 812.0 124.5 0 68 72 
106 891.5 257.0 0 69 73 
107 971.0 297.0 0 69 70 
108 986.0 257.0 0 70 74 
109 1019.0 257.0 0 70 75 
110 1052.0 257.0 0 70 76 
111 1085.0 257.0 0 70 77 
112 1151.0 257.0 0 71 79 
113 1133.0 297.0 0 70 71 
114 839.0 56.0 0 72 96 
115 839.0 115.0 0 72 92 
116 839.0 149.0 0 72 89 
117 905.0 237.0 0 73 82 
118 986.0 237.0 0 74 83 
119 1019.0 237.0 0 75 83 
120 1052.0 237.0 0 76 83 
121 1085.0 237.0 0 77 83 
122 1118.0 237.0 0 78 83 
123 1151.0 237.0 0 79 103 
124 1189.0 237.0 0 80 103 
125 1229.0 237.0 0 81 103 
126 872.0 191.0 0 82 84 
127 920.0 191.0 0 82 85 
128 971.0 191.0 0 82 83 86 
129 971.0 214.0 0 82 83 
130 1019.0 191.0 0 83 87 
131 1103.0 191.0 0 83 88 
132 1133.0 214.0 0 83 103 
133 1151.0 191.0 0 88 103 
134 1209.0 191.0 0 102 103 
135 1249.0 214.0 0 103 105 
136 887.0 164.0 0 84 90 
137 905.0 149.0 0 85 90 
138 920.0 134.0 0 85 92 
139 935.0 162.5 0 85 86 
140 971.0 134.0 0 86 92 93 
141 1001.0 149.0 0 86 91 
142 1037.0 177.5 0 87 88 
143 1019.0 164.0 0 87 91 
144 1070.0 134.0 0 88 94 
145 1118.0 134.0 0 88 95 
146 1151.0 134.0 0 88 101 
147 854.0 164.0 0 84 89 
148 887.0 134.0 0 90 92 
149 1019.0 134.0 0 91 93 
150 905.0 85.0 0 92 96 
151 971.0 115.0 0 92 93 
152 1004.0 85.0 0 93 97 
153 1037.0 115.0 0 93 94 
154 1070.0 85.0 0 94 97 
155 1103.0 115.0 0 94 95 
156 1118.0 85.0 0 95 97 
157 971.0 56.0 0 96 97 
158 1052.0 29.0 0 97 100 
159 1133.0 56.0 0 97 98 
160 1231.0 85.0 0 99 101 
161 1209.0 134.0 0 101 102 
162 1264.0 134.0 0 101 105 
163 1295.0 134.0 0 104 105 
164 1311.0 149.0 0 105 120 
165 1311.0 189.0 0 105 121 
166 1311.0 235.5 0 105 125 
167 1280.0 257.0 0 105 106 
168 1295.0 357.0 0 106 110 
169 1279.0 367.0 0 107 110 
170 1279.0 388.0 0 108 110 
171 1279.0 424.0 0 109 110 
172 1264.0 449.0 0 109 111 
173 1295.0 449.0 0 110 111 
174 1264.0 526.0 0 111 112 
175 1264.0 556.0 0 112 114 
176 1281.0 541.0 0 112 113 
177 1327.0 134.0 0 115 120 
178 1365.5 134.0 0 116 120 
179 1410.5 134.0 0 117 120 
180 1455.5 134.0 0 118 120 
181 1500.5 134.0 0 119 120 
182 1523.0 149.0 0 120 130 
183 1327.0 164.0 0 120 121 
184 1365.5 164.0 0 120 126 
185 1410.5 164.0 0 120 122 
186 1455.5 164.0 0 120 123 
187 1500.5 164.0 0 120 124 
188 1410.5 214.0 0 122 127 
189 1455.5 214.0 0 123 127 
190 1500.5 214.0 0 124 127 
191 1584.0 85.0 0 128 129 
192 1626.5 134.0 0 129 130 
193 1730.0 149.0 0 130 136 
194 1545.5 164.0 0 130 131 
195 1584.0 164.0 0 130 132 
196 1622.5 164.0 0 130 133 
197 1687.5 164.0 0 130 134 
198 1545.5 214.0 0 131 135 
199 1730.0 235.5 0 135 136 
200 1788.0 114.5 0 136 137 
201 1788.0 210.5 0 136 138 
202 1626.5 257.0 0 135 
203 1761.0 303.0 0 139 140 
204 1792.0 270.0 0 139 143 
205 1792.0 293.0 0 139 146 
206 1751.0 583.0 0 140 141 
207 1782.0 583.0 0 140 142 
208 1834.5 283.0 0 144 146 
209 1891.0 283.0 0 145 146
210 1761.0 257.0 0 136 139
