0 113.0 237.0 0 1 0 
1 138.0 247.0 0 1 0 
2 179.0 177.5 0 5 0 
3 180.0 341.0 0 2 0 
4 227.0 313.0 0 3 0 
5 273.0 489.0 0 4 0 
6 192.5 191.0 0 5 0 
7 266.0 134.0 0 9 0 
8 326.0 177.5 0 8 0 
9 250.0 237.0 0 6 0 
10 356.0 237.0 0 7 0 
11 336.0 164.0 0 8 0 
12 326.0 57.0 0 9 18 
13 326.0 109.5 0 9 0 
14 473.0 237.0 0 10 0 
15 508.0 237.0 0 11 0 
16 593.0 237.0 0 12 0 
17 673.0 237.0 0 13 0 
18 422.0 191.0 0 14 0 
19 506.0 191.0 0 15 0 
20 553.0 191.0 0 16 0 
21 593.0 191.0 0 16 0 
22 697.5 191.0 0 17 0 
23 526.0 177.5 0 15 16 
24 526.0 134.0 0 15 0 
25 506.0 115.0 0 15 0 
26 567.0 164.0 0 16 0 
27 697.5 164.0 0 17 0 
28 737.0 134.0 0 26 0 
29 737.0 177.5 0 17 26 
30 356.0 85.0 0 18 0 
31 386.0 57.0 0 18 19 
32 436.0 85.0 0 19 0 
33 486.0 70.5 0 19 0 
34 506.0 56.0 0 20 0 
35 526.0 42.5 0 20 21 
36 552.0 56.0 0 21 0 
37 593.0 56.0 0 22 0 
38 633.0 56.0 0 23 0 
39 673.0 56.0 0 24 0 
40 578.0 42.5 0 21 22 
41 608.0 42.5 0 22 23 
42 658.0 42.5 0 23 24 
43 758.5 257.0 0 25 0 
44 780.0 237.0 0 25 0 
45 780.0 134.0 0 26 0 
46 758.5 115.0 0 26 0 
47 891.5 257.0 0 27 30 
48 971.0 297.0 0 27 28 
49 986.0 257.0 0 28 31 
50 1019.0 257.0 0 28 32 
51 1052.0 257.0 0 28 33 
52 1085.0 257.0 0 28 34 
53 1151.0 257.0 0 29 35 
54 1133.0 297.0 0 28 29 
55 839.0 56.0 0 45 0 
56 839.0 115.0 0 41 0 
57 905.0 237.0 0 30 0 
58 986.0 237.0 0 31 0 
59 1019.0 237.0 0 32 0 
60 1052.0 237.0 0 33 0 
61 1085.0 237.0 0 34 0 
62 1151.0 237.0 0 35 0 
63 1229.0 237.0 0 36 0 
64 920.0 191.0 0 37 0 
65 971.0 191.0 0 38 0 
66 1209.0 191.0 0 49 0 
67 887.0 164.0 0 39 0 
68 905.0 149.0 0 37 39 
69 920.0 134.0 0 37 41 
70 935.0 162.5 0 37 38 
71 971.0 134.0 0 38 41 42 
72 1001.0 149.0 0 38 40 
73 1019.0 164.0 0 40 0 
74 1070.0 134.0 0 43 0 
75 1118.0 134.0 0 44 0 
76 887.0 134.0 0 39 41 
77 1019.0 134.0 0 40 42 
78 905.0 85.0 0 41 45 
79 971.0 115.0 0 41 42 
80 1004.0 85.0 0 42 46 
81 1037.0 115.0 0 42 43 
82 1070.0 85.0 0 43 46 
83 1103.0 115.0 0 43 44 
84 1118.0 85.0 0 44 46 
85 971.0 56.0 0 45 46 
86 1052.0 29.0 0 46 48 
87 1133.0 56.0 0 46 47 
88 1209.0 134.0 0 49 0 
89 1295.0 134.0 0 50 0 
90 1311.0 189.0 0 59 0 
91 1311.0 235.5 0 63 0 
92 1279.0 367.0 0 51 0 
93 1279.0 388.0 0 52 0 
94 1281.0 541.0 0 53 0 
95 1327.0 134.0 0 54 0 
96 1365.5 134.0 0 55 0 
97 1410.5 134.0 0 56 0 
98 1455.5 134.0 0 57 0 
99 1500.5 134.0 0 58 0 
100 1327.0 164.0 0 59 0 
101 1365.5 164.0 0 64 0 
102 1410.5 164.0 0 60 0 
103 1455.5 164.0 0 61 0 
104 1500.5 164.0 0 62 0 
105 1410.5 214.0 0 60 65 
106 1455.5 214.0 0 61 65 
107 1500.5 214.0 0 62 65 
108 1584.0 85.0 0 66 67 
109 1626.5 134.0 0 67 0 
110 1584.0 164.0 0 68 0 
111 1622.5 164.0 0 69 0 
112 1687.5 164.0 0 70 0 
113 1788.0 114.5 0 71 0 
114 1788.0 210.5 0 72 0 
115 1792.0 270.0 0 74 0 
116 1782.0 583.0 0 73 0 
117 1891.0 283.0 0 75 0 
