0 0.0 56.0 196.0 216.0 0 1 0 
1 56.0 160.0 164.0 237.0 0 1 0 1 2 3 4 5 
2 56.0 88.0 237.0 257.0 0 1 1 
3 88.0 138.0 237.0 257.0 0 0 2 7 
4 138.0 160.0 237.0 257.0 0 1 3 7 
5 160.0 180.0 428.0 453.0 0 1 9 
6 160.0 180.0 353.0 428.0 0 1 9 10 
7 160.0 180.0 329.0 353.0 0 0 11 
8 160.0 180.0 257.0 329.0 0 1 12 13 
9 180.0 227.0 257.0 428.0 0 1 10 11 12 14 15 16 17 19 
10 227.0 251.0 333.0 428.0 0 1 17 18 
11 227.0 251.0 293.0 333.0 0 0 16 
12 227.0 251.0 257.0 293.0 0 1 15 19 
13 251.0 274.0 386.0 428.0 0 1 18 20 
14 251.0 297.0 428.0 474.0 0 1 20 21 
15 251.0 273.0 474.0 534.0 0 1 21 22 23 24 
16 273.0 297.0 474.0 504.0 0 0 22 
17 273.0 297.0 504.0 534.0 0 1 24 25 
18 251.0 297.0 534.0 648.0 0 1 23 25 
19 260.0 308.0 257.0 361.0 0 1 26 
20 160.0 179.0 164.0 191.0 0 1 5 6 8 
21 179.0 206.0 164.0 191.0 0 0 8 27 
22 206.0 326.0 134.0 191.0 0 1 28 29 30 31 
23 160.0 326.0 191.0 237.0 0 1 4 6 27 28 32 33 34 35 
24 160.0 240.0 237.0 257.0 0 1 13 14 19 33 
25 240.0 260.0 237.0 257.0 0 0 32 
26 260.0 326.0 237.0 257.0 0 1 26 34 
27 326.0 386.0 237.0 257.0 0 0 36 
28 326.0 346.0 164.0 191.0 0 0 31 37 
29 206.0 326.0 29.0 134.0 0 0 29 38 39 
30 386.0 458.0 237.0 257.0 0 1 40 
31 458.0 488.0 237.0 257.0 0 0 41 
32 488.0 528.0 237.0 257.0 0 0 42 
33 528.0 578.0 237.0 257.0 0 1 43 
34 578.0 608.0 237.0 257.0 0 0 44 
35 608.0 658.0 237.0 257.0 0 1 45 
36 658.0 688.0 237.0 257.0 0 0 46 
37 688.0 737.0 237.0 257.0 0 1 47 
38 326.0 458.0 191.0 237.0 0 1 35 36 40 48 49 50 
39 458.0 578.0 191.0 237.0 0 1 41 42 43 50 51 52 53 54 
40 578.0 737.0 191.0 237.0 0 1 44 45 46 47 54 55 56 57 58 
41 326.0 346.0 134.0 164.0 0 1 30 37 59 60 
42 346.0 386.0 134.0 191.0 0 1 48 60 61 
43 386.0 458.0 134.0 191.0 0 0 49 
44 456.0 486.0 134.0 191.0 0 1 51 62 
45 486.0 526.0 115.0 191.0 0 0 52 63 64 65 
46 526.0 737.0 85.0 164.0 0 1 64 66 67 68 69 70 71 72 
47 526.0 608.0 164.0 191.0 0 0 53 55 63 67 
48 608.0 658.0 164.0 191.0 0 1 56 68 
49 658.0 737.0 164.0 191.0 0 0 57 69 73 
50 326.0 386.0 85.0 134.0 0 1 39 59 61 74 75 
51 326.0 386.0 29.0 85.0 0 0 38 74 76 
52 386.0 486.0 29.0 85.0 0 0 76 77 78 
53 486.0 526.0 29.0 56.0 0 0 79 80 
54 486.0 812.0 56.0 85.0 0 1 72 78 79 81 82 83 84 85 86 87 88 89 
55 386.0 486.0 85.0 134.0 0 1 62 75 77 90 
56 486.0 526.0 85.0 115.0 0 1 65 66 89 90 
57 526.0 578.0 29.0 56.0 0 0 80 81 91 
58 578.0 608.0 29.0 56.0 0 0 82 91 92 
59 608.0 658.0 29.0 56.0 0 0 83 92 93 
60 658.0 688.0 29.0 56.0 0 0 84 93 
61 688.0 780.0 29.0 56.0 0 1 85 
62 737.0 812.0 257.0 337.0 0 1 94 96 
63 737.0 780.0 214.0 257.0 0 0 94 95 
64 737.0 780.0 191.0 214.0 0 1 58 97 
65 737.0 780.0 115.0 191.0 0 0 70 73 98 99 
66 737.0 780.0 85.0 115.0 0 1 71 88 99 100 
67 780.0 839.0 164.0 257.0 0 1 95 96 97 101 102 103 104 
68 780.0 812.0 85.0 164.0 0 1 87 98 100 104 105 
69 812.0 971.0 257.0 337.0 0 0 106 107 
70 971.0 1133.0 257.0 337.0 0 0 107 108 109 110 111 113 
71 1133.0 1169.0 257.0 337.0 0 0 112 113
72 812.0 839.0 29.0 164.0 0 1 86 103 105 114 115 116 
73 839.0 971.0 237.0 257.0 0 0 106 117 
74 971.0 1001.0 237.0 257.0 0 0 108 118 
75 1001.0 1037.0 237.0 257.0 0 0 109 119 
76 1037.0 1067.0 237.0 257.0 0 0 110 120 
77 1067.0 1103.0 237.0 257.0 0 0 111 121 
78 1103.0 1133.0 237.0 257.0 0 1 122 
79 1133.0 1169.0 237.0 257.0 0 0 112 123 
80 1169.0 1209.0 237.0 257.0 0 1 124 
81 1209.0 1249.0 237.0 257.0 0 0 125 
82 839.0 971.0 191.0 237.0 0 1 101 117 126 127 128 129 
83 971.0 1133.0 191.0 237.0 0 1 118 119 120 121 122 128 129 130 131 132 
84 839.0 905.0 164.0 191.0 0 1 102 126 136 147 
85 905.0 935.0 134.0 191.0 0 0 127 137 138 139 
86 935.0 1001.0 134.0 191.0 0 0 128 139 140 141 
87 1001.0 1037.0 164.0 191.0 0 1 130 142 143 
88 1037.0 1169.0 134.0 191.0 0 1 131 133 142 144 145 146 
89 839.0 869.0 134.0 164.0 0 1 116 147 
90 869.0 905.0 134.0 164.0 0 0 136 137 148 
91 1001.0 1037.0 134.0 164.0 0 0 141 143 149 
92 839.0 971.0 85.0 134.0 0 0 115 138 140 148 150 151 
93 971.0 1037.0 85.0 134.0 0 0 140 149 151 152 153 
94 1037.0 1103.0 85.0 134.0 0 0 144 153 154 155 
95 1103.0 1133.0 85.0 134.0 0 0 145 155 156 
96 839.0 971.0 29.0 85.0 0 0 114 150 157 
97 971.0 1133.0 29.0 85.0 0 0 152 154 156 157 158 159 
98 1133.0 1213.0 29.0 85.0 0 0 159 
99 1213.0 1249.0 29.0 85.0 0 1 160 
100 971.0 1133.0 0.0 29.0 0 0 158
101 1133.0 1279.0 85.0 134.0 0 1 146 160 161 162 
102 1169.0 1249.0 134.0 191.0 0 0 134 161 
103 1133.0 1249.0 191.0 237.0 0 1 123 124 125 132 133 134 135 
104 1279.0 1311.0 85.0 134.0 0 0 163 
105 1249.0 1311.0 134.0 257.0 0 1 135 162 163 164 165 166 167 
106 1249.0 1311.0 257.0 357.0 0 1 167 168 
107 1249.0 1279.0 357.0 377.0 0 0 169 
108 1249.0 1279.0 377.0 399.0 0 0 170 
109 1249.0 1279.0 399.0 449.0 0 1 171 172 
110 1279.0 1311.0 357.0 449.0 0 1 168 169 170 171 173 
111 1249.0 1311.0 449.0 526.0 0 1 172 173 174 
112 1249.0 1281.0 526.0 556.0 0 1 174 175 176 
113 1281.0 1311.0 526.0 556.0 0 0 176 
114 1249.0 1311.0 556.0 636.0 0 1 175 
115 1311.0 1343.0 85.0 134.0 0 0 177 
116 1343.0 1388.0 85.0 134.0 0 0 178 
117 1388.0 1433.0 85.0 134.0 0 0 179 
118 1433.0 1478.0 85.0 134.0 0 0 180 
119 1478.0 1523.0 85.0 134.0 0 0 181 
120 1311.0 1523.0 134.0 164.0 0 1 164 177 178 179 180 181 182 183 184 185 186 187 
121 1311.0 1343.0 164.0 214.0 0 0 165 183 
122 1388.0 1433.0 164.0 214.0 0 0 185 188 
123 1433.0 1478.0 164.0 214.0 0 0 186 189 
124 1478.0 1523.0 164.0 214.0 0 0 187 190 
125 1311.0 1343.0 214.0 257.0 0 0 166 
126 1343.0 1388.0 164.0 257.0 0 0 184 
127 1388.0 1523.0 214.0 257.0 0 0 188 189 190 
128 1523.0 1645.0 65.0 85.0 0 0 191 
129 1523.0 1730.0 85.0 134.0 0 0 191 192 
130 1523.0 1730.0 134.0 164.0 0 1 182 192 193 194 195 196 197 
131 1523.0 1568.0 164.0 214.0 0 1 194 198 
132 1568.0 1600.0 164.0 214.0 0 0 195 
133 1600.0 1645.0 164.0 214.0 0 0 196 
134 1645.0 1730.0 164.0 214.0 0 0 197 
135 1523.0 1730.0 214.0 257.0 0 1 198 199 202 
136 1730.0 1788.0 65.0 257.0 0 1 193 199 200 201 210
137 1788.0 1818.0 65.0 164.0 0 0 200 
138 1788.0 1818.0 164.0 257.0 0 0 201 
139 1730.0 1792.0 257.0 303.0 0 1 203 204 205 210
140 1730.0 1792.0 303.0 583.0 0 1 203 206 207 
141 1730.0 1772.0 583.0 603.0 0 1 206 
142 1772.0 1792.0 583.0 603.0 0 0 207 
143 1792.0 1818.0 257.0 283.0 0 0 204 
144 1818.0 1851.0 257.0 283.0 0 1 208 
145 1851.0 1931.0 257.0 283.0 0 0 209 
146 1792.0 1931.0 283.0 303.0 0 1 205 208 209 
