0 88.0 1931.0 0.0 603.0 0 1 0 1 2 3 4 5 6 7 8 9 10 11 13 14 15 16 17 18 19 20 21 22 24 25 26 27 28 30 32 33 34 36 37 38 39 43 44 45 46 55 56 57 58 59 60 61 62 63 64 65 66 67 73 74 75 88 89 90 91 92 93 94 95 96 97 98 99 100 101 102 103 104 109 110 111 112 113 114 115 116 117 
1 88.0 138.0 237.0 257.0 0 0 0 1 
2 160.0 180.0 329.0 353.0 0 0 3 
3 227.0 251.0 293.0 333.0 0 0 4 
4 273.0 297.0 474.0 504.0 0 0 5 
5 179.0 206.0 164.0 191.0 0 0 2 6 
6 240.0 260.0 237.0 257.0 0 0 9 
7 326.0 386.0 237.0 257.0 0 0 10 
8 326.0 346.0 164.0 191.0 0 0 8 11 
9 206.0 326.0 29.0 134.0 0 0 7 12 13 
10 458.0 488.0 237.0 257.0 0 0 14 
11 488.0 528.0 237.0 257.0 0 0 15 
12 578.0 608.0 237.0 257.0 0 0 16 
13 658.0 688.0 237.0 257.0 0 0 17 
14 386.0 458.0 134.0 191.0 0 0 18 
15 486.0 526.0 115.0 191.0 0 0 19 23 24 25 
16 526.0 608.0 164.0 191.0 0 0 20 21 23 26 
17 658.0 737.0 164.0 191.0 0 0 22 27 29 
18 326.0 386.0 29.0 85.0 0 0 12 30 31 
19 386.0 486.0 29.0 85.0 0 0 31 32 33 
20 486.0 526.0 29.0 56.0 0 0 34 35 
21 526.0 578.0 29.0 56.0 0 0 35 36 40 
22 578.0 608.0 29.0 56.0 0 0 37 40 41 
23 608.0 658.0 29.0 56.0 0 0 38 41 42 
24 658.0 688.0 29.0 56.0 0 0 39 42 
25 737.0 780.0 214.0 257.0 0 0 43 44 
26 737.0 780.0 115.0 191.0 0 0 28 29 45 46 
27 812.0 971.0 257.0 337.0 0 0 47 48 
28 971.0 1133.0 257.0 337.0 0 0 48 49 50 51 52 54 
29 1133.0 1169.0 257.0 337.0 0 0 53 54 
30 839.0 971.0 237.0 257.0 0 0 47 57 
31 971.0 1001.0 237.0 257.0 0 0 49 58 
32 1001.0 1037.0 237.0 257.0 0 0 50 59 
33 1037.0 1067.0 237.0 257.0 0 0 51 60 
34 1067.0 1103.0 237.0 257.0 0 0 52 61 
35 1133.0 1169.0 237.0 257.0 0 0 53 62 
36 1209.0 1249.0 237.0 257.0 0 0 63 
37 905.0 935.0 134.0 191.0 0 0 64 68 69 70 
38 935.0 1001.0 134.0 191.0 0 0 65 70 71 72 
39 869.0 905.0 134.0 164.0 0 0 67 68 76 
40 1001.0 1037.0 134.0 164.0 0 0 72 73 77 
41 839.0 971.0 85.0 134.0 0 0 56 69 71 76 78 79 
42 971.0 1037.0 85.0 134.0 0 0 71 77 79 80 81 
43 1037.0 1103.0 85.0 134.0 0 0 74 81 82 83 
44 1103.0 1133.0 85.0 134.0 0 0 75 83 84 
45 839.0 971.0 29.0 85.0 0 0 55 78 85 
46 971.0 1133.0 29.0 85.0 0 0 80 82 84 85 86 87 
47 1133.0 1213.0 29.0 85.0 0 0 87 
48 971.0 1133.0 0.0 29.0 0 0 86 
49 1169.0 1249.0 134.0 191.0 0 0 66 88 
50 1279.0 1311.0 85.0 134.0 0 0 89 
51 1249.0 1279.0 357.0 377.0 0 0 92 
52 1249.0 1279.0 377.0 399.0 0 0 93 
53 1281.0 1311.0 526.0 556.0 0 0 94 
54 1311.0 1343.0 85.0 134.0 0 0 95 
55 1343.0 1388.0 85.0 134.0 0 0 96 
56 1388.0 1433.0 85.0 134.0 0 0 97 
57 1433.0 1478.0 85.0 134.0 0 0 98 
58 1478.0 1523.0 85.0 134.0 0 0 99 
59 1311.0 1343.0 164.0 214.0 0 0 90 100 
60 1388.0 1433.0 164.0 214.0 0 0 102 105 
61 1433.0 1478.0 164.0 214.0 0 0 103 106 
62 1478.0 1523.0 164.0 214.0 0 0 104 107 
63 1311.0 1343.0 214.0 257.0 0 0 91 
64 1343.0 1388.0 164.0 257.0 0 0 101 
65 1388.0 1523.0 214.0 257.0 0 0 105 106 107 
66 1523.0 1645.0 65.0 85.0 0 0 108 
67 1523.0 1730.0 85.0 134.0 0 0 108 109 
68 1568.0 1600.0 164.0 214.0 0 0 110 
69 1600.0 1645.0 164.0 214.0 0 0 111 
70 1645.0 1730.0 164.0 214.0 0 0 112 
71 1788.0 1818.0 65.0 164.0 0 0 113 
72 1788.0 1818.0 164.0 257.0 0 0 114 
73 1772.0 1792.0 583.0 603.0 0 0 116 
74 1792.0 1818.0 257.0 283.0 0 0 115 
75 1851.0 1931.0 257.0 283.0 0 0 117 
